code_commune,code_dep_min,ROUSSEL,MÉLENCHON,MACRON,JADOT,DUPONT-AIGNAN,POUTOU,LASSALLE,HIDALGO,ARTHAUD,PÉCRESSE,LE PEN,ZEMMOUR
99000,99,13638,54080,339735,57389,2120,5520,1607,6196,8227,129650,220485,57746
64001,64,7,19,29,7,5,7,1,0,6,4,21,7
55001,55,14,48,32,9,5,3,0,0,0,13,21,6
59001,59,10,70,43,17,1,0,4,0,0,39,37,17
60001,60,10,93,48,18,7,1,0,0,8,34,55,15
54001,54,12,45,30,12,0,0,0,6,0,31,20,9
25001,25,5,21,29,3,6,4,4,0,2,15,25,9
44001,44,44,131,255,70,9,11,0,21,6,200,179,79
80001,80,551,3430,2441,518,99,133,21,162,64,2024,1873,521
02001,02,15,83,37,15,1,8,5,0,5,31,47,10
91001,91,10,27,32,8,0,5,0,0,2,29,29,6
34001,34,34,220,175,53,5,6,0,27,4,205,157,52
70001,70,6,55,34,4,0,2,2,8,1,25,24,11
39001,39,27,92,78,20,1,5,5,10,4,87,72,18
37001,37,30,91,129,30,0,5,2,21,6,91,115,33
24001,24,12,58,68,18,0,4,4,0,3,68,56,22
62001,62,40,288,162,45,8,17,9,22,10,150,129,48
51001,51,3,19,19,2,0,2,4,0,5,2,19,9
14001,14,24,107,145,44,9,6,5,0,4,85,122,45
94001,94,74,216,518,140,7,14,17,56,28,442,359,136
57001,57,12,42,32,4,0,1,3,13,7,30,26,7
74001,74,43,128,173,40,4,7,0,0,9,115,176,43
28001,28,46,244,216,44,14,15,5,20,5,147,223,51
42001,42,12,54,54,9,0,5,0,0,0,37,42,12
03001,03,80,326,342,75,16,24,4,19,7,302,290,91
05001,05,18,53,57,15,2,6,0,0,4,39,42,11
16001,16,9,46,49,11,0,5,5,0,0,43,37,18
33001,33,36,181,238,62,5,6,0,25,9,222,163,66
07001,07,9,49,45,11,1,6,1,4,2,50,41,18
67001,67,86,320,274,59,6,14,12,5,10,180,284,81
58001,58,4,16,10,2,1,0,0,20,0,7,8,3
18001,18,14,49,40,6,0,0,0,5,1,28,28,11
77001,77,42,135,136,33,3,5,1,0,3,120,107,32
35001,35,149,460,953,290,30,34,1,20,26,598,617,298
27001,27,9,46,34,6,6,0,2,1,0,24,30,9
08001,08,18,77,48,9,5,2,0,6,1,40,41,8
65001,65,1,30,35,9,0,5,1,0,6,33,22,6
45001,45,6,29,26,11,2,0,0,0,3,4,20,10
86001,86,11,69,73,17,3,2,0,5,5,71,56,27
2A001,2A,44,466,304,48,4,15,14,97,17,208,414,56
19001,19,5,39,59,14,0,5,5,0,3,28,37,13
69001,69,12,37,53,18,4,0,3,0,7,10,50,10
31001,31,2,8,12,0,4,0,2,0,5,6,14,3
47001,47,556,2755,2298,633,92,120,37,287,124,2043,2005,606
12001,12,24,99,162,42,2,9,0,36,8,118,127,38
21001,21,9,37,47,10,6,6,5,0,5,29,43,10
52001,52,14,59,25,4,1,4,0,15,1,23,31,2
43001,43,3,23,19,10,0,0,5,8,0,15,22,8
81001,81,11,30,29,7,0,0,0,0,1,27,28,12
53001,53,54,160,239,58,9,7,5,11,11,121,248,47
23001,23,25,123,136,51,9,8,7,22,0,141,103,42
30001,30,16,86,52,14,3,0,0,0,5,43,42,18
06001,06,6,20,12,7,3,0,0,2,0,12,22,2
04001,04,28,136,118,32,7,10,0,21,9,127,108,33
32001,32,14,80,92,28,1,0,4,19,4,71,63,26
72001,72,38,173,178,47,6,6,2,1,6,146,228,40
73001,73,6,30,31,9,0,0,5,0,0,15,33,7
63001,63,46,160,272,65,2,19,1,1,11,222,165,66
09001,09,3,3,10,0,2,0,5,0,0,6,2,2
11001,11,10,61,39,10,0,0,2,11,0,44,27,7
36001,36,36,160,141,41,12,9,3,0,0,129,126,42
40001,40,133,497,657,225,21,26,7,132,27,554,462,232
13001,13,2246,15678,11169,2606,299,466,214,850,456,12142,11370,2614
87001,87,120,504,731,211,19,52,6,29,23,605,423,203
48001,48,4,15,14,7,0,3,0,6,0,22,19,0
46001,46,15,48,67,21,4,7,5,0,2,69,47,15
82001,82,11,79,62,18,0,0,0,28,6,52,55,20
61001,61,530,2196,1990,476,88,104,45,80,83,1336,2272,466
68001,68,29,107,88,18,0,6,5,0,9,63,87,21
56001,56,100,347,564,157,19,24,12,25,13,321,396,141
15001,15,25,90,116,30,7,4,1,8,8,64,103,22
22001,22,11,54,88,19,6,0,0,0,0,57,60,24
76001,76,35,148,131,38,4,11,5,0,4,132,99,40
84001,84,60,425,260,59,2,12,0,37,20,272,272,62
41001,41,3,27,15,4,6,4,0,0,0,16,21,6
90001,90,34,142,122,27,6,6,6,0,10,105,94,36
29001,29,14,71,140,55,8,3,0,5,0,87,89,47
93001,93,601,2552,4490,1608,105,207,37,219,323,6122,2381,1578
01001,01,20,96,103,16,0,0,0,23,8,62,91,17
71001,71,28,104,103,24,0,5,0,1,0,82,88,25
79001,79,21,82,128,29,8,3,4,8,0,89,89,39
85001,85,101,321,467,96,21,19,2,14,9,256,457,94
66001,66,7,13,8,1,3,4,4,0,0,3,8,0
88001,88,0,5,4,3,0,5,0,6,0,7,1,1
38001,38,130,569,650,175,8,40,6,18,33,526,439,162
83001,83,67,423,235,46,6,5,8,0,14,189,338,43
26001,26,10,66,48,21,7,4,0,14,1,45,43,10
986001,986,73,330,1414,1099,51,38,12,0,43,154,1264,1164
55002,55,0,17,9,5,0,0,5,0,5,0,8,7
25002,25,14,42,41,11,5,4,1,0,0,36,33,7
60002,60,22,134,88,13,1,6,6,1,0,67,75,13
54002,54,9,30,31,4,6,5,0,0,1,13,17,12
39002,39,6,6,1,0,0,0,3,0,0,0,9,0
80002,80,1,35,27,2,5,1,3,0,6,21,24,9
62002,62,8,33,19,8,0,0,0,5,0,26,14,6
95002,95,15,62,98,23,8,5,5,22,5,100,79,20
70002,70,8,39,16,5,5,0,3,0,6,12,16,10
57002,57,6,5,2,6,2,0,0,3,0,4,3,4
59002,59,87,508,365,110,8,13,5,28,19,397,309,101
64002,64,5,7,16,7,5,0,2,6,0,11,10,8
02002,02,15,107,49,14,2,0,5,0,2,42,50,10
27002,27,14,56,37,8,0,4,3,0,0,41,46,13
67002,67,10,48,53,12,6,7,2,0,0,26,44,15
79002,79,12,23,35,15,1,0,0,3,4,22,22,11
34002,34,26,148,119,32,6,4,0,0,9,113,101,36
65002,65,19,62,94,28,2,1,0,10,1,90,47,29
21002,21,12,42,33,8,6,3,0,0,0,22,42,12
2B002,2B,6,32,22,9,1,1,0,4,0,21,30,7
47002,47,0,22,19,2,5,3,0,0,1,0,13,2
50002,50,114,411,510,117,5,24,5,50,20,336,449,125
24002,24,39,174,180,58,1,15,2,30,9,192,145,51
03002,03,3,40,39,10,0,0,1,1,4,34,23,8
17002,17,6,17,18,0,0,5,1,0,0,0,20,4
12002,12,24,65,116,21,4,4,0,15,0,81,87,30
88002,88,6,8,2,0,0,2,5,0,0,0,10,0
31002,31,7,26,31,5,3,2,0,0,5,25,15,15
44002,44,85,231,500,133,13,21,2,15,15,372,341,146
52002,52,0,4,0,0,0,0,2,0,0,2,0,5
89002,89,1,12,6,0,4,2,0,0,0,10,15,4
30002,30,12,116,82,14,0,3,0,25,0,80,63,18
81002,81,64,301,298,95,7,24,6,7,9,261,231,84
69002,69,4,17,31,6,3,4,0,20,0,24,36,8
09002,09,15,61,64,29,0,4,0,6,8,87,33,20
43002,43,38,163,181,35,4,12,0,29,5,135,149,46
83002,83,2,36,29,0,0,0,2,12,4,16,31,2
07002,07,16,67,52,16,6,0,0,7,8,55,43,12
45002,45,9,41,42,12,5,0,4,10,3,30,36,8
33002,33,14,74,108,25,5,9,4,0,2,78,60,31
42002,42,2,15,16,3,0,1,5,11,1,16,16,6
10002,10,7,34,30,7,0,0,0,5,6,18,32,2
72002,72,4,32,29,10,0,0,1,0,0,9,37,9
18002,18,0,26,22,5,3,5,0,0,0,0,21,6
11002,11,0,27,20,9,2,1,5,0,2,5,7,3
19002,19,6,34,56,18,0,0,5,7,1,47,32,17
63002,63,2,12,15,9,1,1,0,0,5,12,5,0
36002,36,7,10,10,0,3,0,0,1,6,14,10,7
23002,23,26,88,94,32,6,3,1,16,0,87,83,28
48002,48,12,53,63,17,6,1,3,22,3,52,66,14
46002,46,3,15,11,2,0,0,0,10,2,11,7,3
82002,82,69,417,301,96,14,21,3,17,9,280,256,87
26002,26,52,216,197,57,0,9,5,29,12,177,182,53
74002,74,62,193,262,53,10,17,6,0,9,135,279,61
66002,66,64,523,350,93,4,15,8,37,22,388,296,91
53002,53,17,36,63,17,0,8,1,0,0,26,58,9
94002,94,636,1679,4226,1121,65,126,53,210,166,3439,2972,1092
13002,13,419,2928,2129,496,60,93,19,196,77,2306,2175,478
15002,15,9,19,37,9,2,7,1,0,0,23,25,3
58002,58,22,118,109,29,6,3,4,0,6,76,86,30
49002,49,64,198,310,68,17,16,3,16,9,220,285,75
61002,61,17,81,67,14,3,0,0,0,0,44,78,21
68002,68,20,58,37,4,0,2,0,0,8,19,48,6
76002,76,12,75,60,16,6,0,0,0,4,67,50,16
35002,35,36,118,238,67,0,17,6,7,4,160,142,72
87002,87,130,508,763,219,26,35,2,44,18,597,452,205
86002,86,7,38,57,17,7,0,3,0,7,46,40,14
37002,37,38,129,187,44,8,4,0,30,10,136,146,51
56002,56,46,198,323,91,11,9,5,21,10,206,243,83
77002,77,22,82,79,26,3,6,2,0,5,66,60,14
06002,06,0,15,5,1,0,0,0,0,0,1,15,0
40002,40,27,129,183,69,4,5,1,32,11,150,133,73
22002,22,20,90,143,47,6,7,6,4,5,102,105,43
90002,90,6,46,39,16,0,2,0,0,0,28,37,16
41002,41,27,101,92,22,5,2,2,0,6,74,86,26
32002,32,0,10,13,0,2,0,3,0,4,4,9,3
84002,84,30,174,100,18,0,7,4,7,4,107,97,21
92002,92,737,2027,8346,1833,111,188,106,331,262,4465,7579,1828
29002,29,32,81,199,74,4,12,2,0,7,108,124,69
71002,71,33,142,133,34,2,5,5,8,0,102,111,36
01002,01,6,30,35,6,0,0,0,0,0,23,28,6
85002,85,49,194,281,48,4,18,5,2,7,137,267,47
16002,16,6,46,52,13,1,1,1,15,2,41,34,10
38002,38,28,111,131,40,8,6,3,0,8,88,91,39
51002,51,33,173,134,37,11,2,8,7,7,83,134,39
25003,25,13,43,33,11,6,4,0,0,7,25,30,10
60003,60,10,80,59,13,3,8,4,11,0,44,46,17
39003,39,4,3,10,6,0,0,1,0,0,0,1,0
64003,64,5,18,26,6,3,0,0,11,6,21,27,6
78003,78,60,192,451,119,0,15,5,40,11,238,404,113
54003,54,7,20,14,5,4,0,0,0,0,0,6,1
57003,57,41,183,136,31,6,12,5,0,12,105,113,32
80003,80,7,81,54,14,5,4,0,21,0,45,36,7
62003,62,13,119,70,18,9,7,0,0,0,60,45,23
70003,70,2,3,10,0,3,3,0,0,2,0,11,7
27003,27,56,251,165,43,7,10,6,3,12,129,176,35
02003,02,23,188,100,18,11,6,2,0,3,89,79,25
65003,65,1,14,12,4,0,2,5,5,0,14,12,7
34003,34,595,4134,3363,936,75,149,42,242,128,3604,2858,930
47003,47,5,42,43,15,0,0,4,11,0,45,32,11
38003,38,19,110,123,33,0,1,0,0,4,96,77,37
50003,50,94,390,467,109,18,21,10,15,18,316,393,113
16003,16,14,74,94,22,7,10,0,12,0,68,56,27
14003,14,5,32,29,15,6,4,0,0,0,25,27,9
21003,21,35,178,172,32,5,11,2,10,0,136,151,37
59003,59,7,37,37,8,0,0,2,16,0,27,20,10
79003,79,144,479,725,174,20,43,7,74,20,514,502,203
08003,08,40,270,158,50,6,15,4,24,6,158,153,42
51003,51,8,44,26,4,5,0,2,0,2,17,30,6
31003,31,27,103,175,57,5,6,5,16,4,162,124,62
17003,17,109,459,520,135,9,24,9,4,19,390,452,131
30003,30,182,1336,896,213,29,39,18,54,52,965,806,219
05003,05,10,32,39,6,1,5,1,8,1,38,40,15
52003,52,8,31,12,9,2,0,3,2,5,12,14,0
03003,03,34,135,140,33,4,4,2,3,8,118,103,29
88003,88,1,2,12,7,0,3,5,0,0,0,8,0
2B003,2B,1,10,10,1,0,0,0,0,5,0,9,4
10003,10,109,524,321,76,3,6,12,15,20,209,365,71
07003,07,2,17,19,6,1,0,0,12,0,21,14,10
85003,85,348,1086,1584,309,45,59,16,107,43,898,1502,278
11003,11,1,30,23,4,0,4,0,0,4,21,11,8
81003,81,15,101,106,32,4,2,3,6,0,100,72,28
19003,19,11,20,33,7,1,7,0,10,0,28,31,5
69003,69,44,182,311,84,10,7,0,0,14,195,258,67
67003,67,22,60,58,16,4,0,1,6,3,46,62,13
74003,74,25,95,115,28,4,0,0,12,11,85,116,21
26003,26,5,0,6,0,3,1,0,0,4,0,2,3
28003,28,7,12,8,7,3,0,0,2,0,16,9,6
13003,13,59,369,268,65,8,11,4,50,11,322,272,57
48003,48,8,35,41,6,1,6,0,0,0,23,39,13
71003,71,24,96,96,29,0,5,0,20,0,66,85,20
23003,23,2,14,14,10,0,4,0,2,2,10,8,5
58003,58,13,81,73,25,4,8,3,3,0,61,48,16
72003,72,183,927,869,230,45,44,5,22,18,681,1257,232
15003,15,9,59,93,13,2,0,3,46,5,61,82,16
43003,43,30,99,90,27,4,4,6,0,7,53,79,24
46003,46,18,56,96,24,5,6,0,1,5,90,55,28
33003,33,271,1167,1690,502,26,106,23,167,47,1385,1136,498
63003,63,141,524,810,229,32,35,5,70,21,684,495,209
42003,42,56,234,218,58,13,12,1,0,11,167,172,53
37003,37,298,1044,1301,367,32,39,18,117,45,1023,1140,360
36003,36,28,103,88,27,8,2,6,0,0,61,76,24
53003,53,66,209,312,63,15,9,6,16,8,188,347,76
77003,77,13,54,52,11,6,7,0,0,2,19,41,14
83003,83,28,138,88,14,0,7,0,10,0,75,115,22
66003,66,80,578,376,92,10,26,8,70,19,416,345,89
44003,44,227,691,1421,410,17,79,18,61,37,1055,1002,402
86003,86,13,39,51,17,4,0,1,0,3,11,37,14
06003,06,13,89,70,2,7,6,8,0,2,36,84,12
35003,35,18,57,104,33,0,2,4,0,0,66,70,30
82003,82,5,37,23,7,0,0,0,12,0,23,16,3
40003,40,1,30,30,10,0,0,0,26,0,25,19,9
90003,90,22,91,57,12,7,0,0,6,4,64,48,15
32003,32,1,10,6,0,3,0,0,4,2,5,4,0
84003,84,219,1428,846,216,29,46,9,88,40,850,891,210
94003,94,305,894,2147,597,42,73,22,160,72,1877,1535,582
41003,41,21,63,66,13,1,3,3,0,1,45,66,15
87003,87,19,73,105,27,2,1,3,36,0,88,64,34
56003,56,156,522,837,211,14,48,9,40,11,500,631,216
22003,22,15,73,116,37,0,11,0,0,0,74,81,34
29003,29,61,213,445,166,9,17,12,41,11,291,268,172
73003,73,90,379,411,112,17,18,15,9,28,281,379,107
09003,09,8,50,39,18,0,2,0,12,2,55,29,10
18003,18,42,198,172,41,3,7,0,25,9,157,160,49
12003,12,8,32,43,16,0,0,0,0,1,30,38,16
89003,89,67,385,259,77,10,14,5,34,15,205,265,74
49003,49,52,133,210,42,1,20,14,22,8,116,179,48
25004,25,24,124,118,26,1,7,0,21,11,94,109,26
39004,39,1,3,5,0,0,0,0,6,0,12,8,0
64004,64,5,7,12,6,0,0,1,0,5,10,13,9
57004,57,0,11,11,2,0,4,1,0,0,11,7,4
80004,80,11,83,40,8,4,0,0,0,0,40,45,19
62004,62,185,1298,700,187,37,48,23,58,24,701,552,195
60004,60,11,62,31,9,6,0,4,3,2,26,27,6
70004,70,7,46,24,5,1,1,0,12,0,19,32,11
54004,54,5,18,19,0,5,2,2,0,3,16,17,6
34004,34,5,22,26,7,4,3,4,0,6,9,14,10
02004,02,2,28,12,7,0,1,0,9,4,20,12,3
65004,65,11,42,58,18,2,0,0,8,0,40,28,12
27004,27,14,49,29,12,1,0,2,0,6,18,36,13
21004,21,4,29,34,14,0,1,1,3,2,27,30,8
30004,30,55,444,281,73,4,12,4,10,24,311,255,78
47004,47,87,441,362,92,15,24,5,56,18,339,330,106
73004,73,14,50,59,13,3,0,0,0,2,42,48,16
55004,55,5,5,3,6,0,1,4,0,3,0,2,7
52004,52,3,0,0,0,4,0,0,0,2,0,0,0
88004,88,3,19,9,5,6,1,3,3,0,18,9,5
08004,08,7,37,13,4,2,0,0,0,0,14,20,3
50004,50,12,56,63,14,4,3,0,0,0,35,57,21
89004,89,7,33,23,2,0,6,0,0,0,10,27,8
59004,59,32,171,109,35,5,8,1,12,4,122,90,30
2A004,2A,710,6652,4149,856,109,227,87,1212,145,3190,5935,844
24004,24,9,37,30,8,0,6,0,0,2,39,22,14
07004,07,8,16,7,0,2,0,0,0,0,16,14,3
11004,11,8,37,16,8,1,2,0,0,0,17,22,6
81004,81,1026,4699,4665,1384,87,226,67,646,162,4262,3701,1402
09004,09,1,18,13,2,0,0,0,5,3,20,12,0
19004,19,13,55,91,27,8,5,0,45,1,68,57,18
69004,69,16,52,73,13,3,0,0,0,3,52,69,17
26004,26,76,296,273,85,11,8,2,0,17,246,227,84
04004,04,7,63,49,19,0,5,0,20,4,66,48,9
51004,51,0,11,7,0,3,0,0,3,4,14,19,4
43004,43,0,21,21,7,6,0,1,2,4,11,21,1
10004,10,8,27,14,9,4,0,0,10,0,8,17,3
18004,18,30,125,117,20,6,1,1,0,9,85,101,23
28004,28,9,33,36,7,0,1,0,4,6,27,27,4
58004,58,13,41,31,8,1,1,0,0,4,20,33,12
74004,74,14,37,43,11,0,1,0,9,0,24,44,8
71004,71,29,134,109,38,9,7,0,3,2,87,105,36
12004,12,11,42,59,11,2,8,1,21,0,46,46,21
48004,48,5,27,34,8,3,1,2,2,0,32,39,10
68004,68,166,642,454,120,11,27,5,90,42,338,521,107
76004,76,15,53,55,21,5,4,5,0,7,31,42,19
33004,33,51,241,349,89,3,25,10,38,12,281,229,100
01004,01,318,1306,1202,283,31,51,21,23,66,776,1129,283
45004,45,324,1312,1279,342,41,42,27,67,37,808,1185,296
72004,72,7,57,46,17,0,0,0,9,4,43,63,12
05004,05,28,110,121,29,0,2,1,10,6,105,105,30
37004,37,16,33,43,8,0,3,4,16,5,35,36,14
03004,03,3,28,24,12,0,4,0,2,0,31,25,2
15004,15,13,40,54,9,3,7,1,16,0,36,50,7
77004,77,3,34,24,4,2,0,5,3,1,27,16,11
46004,46,0,25,27,10,5,0,5,5,0,27,18,4
85004,85,99,304,435,91,10,28,11,9,19,227,434,69
86004,86,8,36,45,13,0,4,4,0,6,43,36,14
40004,40,41,180,249,76,9,16,10,15,3,203,162,86
36004,36,12,42,41,6,3,0,0,13,2,30,29,15
06004,06,1461,9303,6355,1205,159,209,100,473,340,4807,9120,1249
23004,23,20,51,54,19,4,9,6,0,7,57,42,25
32004,32,2,8,20,10,1,0,4,0,2,0,16,10
90004,90,16,64,51,9,5,3,0,12,3,48,43,12
13004,13,913,6329,4517,1044,103,201,67,417,224,4995,4589,1020
41004,41,4,36,22,5,2,4,0,4,2,26,30,7
56004,56,40,160,243,70,6,10,5,9,7,151,188,64
92004,92,806,2287,9682,2132,119,210,101,225,330,5154,8737,2191
82004,82,0,20,18,7,3,0,0,0,5,4,14,4
84004,84,127,831,501,109,4,31,10,84,30,541,504,113
87004,87,0,12,16,8,3,2,0,0,1,0,14,6
31004,31,47,227,341,118,4,21,1,23,16,331,237,114
29004,29,112,364,770,286,15,40,9,30,24,484,467,302
94004,94,236,621,1591,421,27,37,22,63,70,1312,1134,428
22004,22,92,391,653,202,10,32,11,29,12,470,419,205
17004,17,8,26,37,3,3,4,3,8,6,23,23,4
38004,38,27,137,156,38,3,9,0,0,7,120,93,35
63004,63,45,150,221,60,8,7,7,16,8,171,141,60
66004,66,22,144,87,30,6,11,2,7,6,104,86,24
83004,83,185,1041,620,113,17,26,14,95,35,529,859,105
67004,67,51,194,174,31,10,2,12,14,11,100,167,41
35004,35,83,262,550,156,16,16,9,16,26,358,335,159
64005,64,7,46,83,26,0,3,5,10,0,59,46,25
25005,25,0,7,13,2,0,0,0,9,1,8,10,6
62005,62,24,160,87,20,7,5,1,20,0,82,66,19
78005,78,355,1072,2387,560,34,55,34,67,79,1301,2218,565
60005,60,27,127,80,19,0,0,0,4,9,63,62,17
54005,54,1,12,10,9,0,0,5,0,0,10,13,4
80005,80,0,12,6,0,0,6,0,6,0,5,8,4
34005,34,0,40,31,3,0,1,0,14,0,30,23,7
02005,02,6,72,31,12,3,0,0,4,0,34,30,9
16005,16,36,161,182,39,1,14,0,12,4,141,129,41
30005,30,4,40,16,8,3,0,0,0,4,27,17,1
70005,70,5,16,7,0,2,0,0,19,2,5,8,0
73005,73,8,28,30,6,1,0,0,0,1,13,24,4
27005,27,32,179,129,35,10,2,6,0,9,112,114,34
79005,79,85,281,392,103,3,27,0,44,17,273,289,96
21005,21,36,140,148,35,1,4,0,38,11,106,130,38
52005,52,5,0,6,0,0,4,0,0,4,0,0,0
11005,11,19,166,117,39,0,5,3,35,3,119,87,34
31005,31,10,21,36,16,3,0,5,2,0,37,25,12
2B005,2B,2,0,9,5,0,0,0,0,4,0,0,4
07005,07,44,171,157,49,9,10,5,2,13,162,133,49
81005,81,9,57,68,18,0,5,0,21,1,52,52,13
09005,09,5,22,12,12,0,5,1,0,0,11,16,9
08005,08,1,18,7,3,6,6,0,0,0,8,15,4
26005,26,54,216,187,54,2,16,0,33,0,181,162,46
88005,88,4,29,17,10,5,0,5,17,0,15,16,6
17005,17,7,27,26,2,0,0,3,0,0,18,20,8
19005,19,90,342,547,118,4,37,12,50,15,399,339,125
47005,47,12,65,46,16,1,3,3,0,0,50,52,8
51005,51,2,18,23,0,5,0,0,4,0,15,16,1
38005,38,27,138,138,33,0,7,0,7,7,122,106,35
59005,59,87,518,403,111,13,21,6,3,24,402,336,115
24005,24,5,42,38,7,6,5,0,14,0,41,29,9
43005,43,10,27,32,12,5,2,4,0,4,7,31,7
65005,65,13,39,63,19,4,2,0,6,5,59,35,11
74005,74,136,415,540,116,7,13,6,38,32,362,552,109
04005,04,0,13,18,3,0,6,2,0,5,14,10,2
18005,18,25,121,101,23,7,6,2,28,0,87,100,21
28005,28,17,86,74,24,4,1,0,35,0,52,71,17
67005,67,34,112,97,17,0,0,1,19,1,56,88,19
71005,71,13,31,29,11,1,5,0,0,1,5,30,9
10005,10,8,36,20,7,2,2,0,0,6,18,27,5
55005,55,7,5,8,1,0,0,0,0,0,0,7,0
58005,58,1,27,30,5,0,0,3,10,3,24,17,3
69005,69,8,35,56,19,0,5,0,5,0,51,58,20
01005,01,48,176,161,35,7,9,4,29,13,108,150,33
76005,76,58,329,269,74,3,19,3,7,15,269,212,84
68005,68,60,223,158,33,1,10,3,15,7,110,181,32
72005,72,23,85,80,27,0,2,4,3,0,76,111,24
89005,89,31,121,85,22,7,10,4,1,5,72,80,15
33005,33,299,1281,1853,528,34,116,24,161,67,1561,1184,527
45005,45,7,23,20,4,3,6,0,13,4,15,18,1
53005,53,58,197,306,67,13,7,6,8,15,117,305,70
42005,42,225,933,926,222,20,29,11,90,38,696,707,234
15005,15,4,40,61,7,0,5,5,0,0,21,52,16
46005,46,9,26,47,13,1,7,0,1,0,43,31,17
86005,86,11,61,70,26,6,1,3,5,0,67,51,18
66005,66,6,83,57,18,7,1,0,25,0,58,45,14
77005,77,92,313,320,71,13,18,4,0,12,290,248,75
85005,85,30,90,135,20,6,9,5,3,7,78,121,20
37005,37,12,38,61,17,0,4,5,6,0,45,48,11
63005,63,8,39,56,12,0,2,3,0,0,42,30,20
48005,48,7,35,35,14,2,0,4,5,1,24,31,4
61005,61,8,32,36,6,0,7,5,0,0,22,32,4
32005,32,3,38,39,16,2,2,3,0,0,34,34,13
40005,40,7,15,27,13,2,0,0,0,0,13,22,5
35005,35,2,21,40,14,0,5,0,0,2,6,24,12
03005,03,12,35,36,13,4,5,1,0,0,6,26,6
36005,36,94,447,381,108,24,17,2,56,11,311,361,108
23005,23,5,22,13,1,2,5,5,10,0,13,12,1
83005,83,8,68,40,9,6,0,5,0,1,29,56,9
56005,56,69,255,390,111,3,18,3,3,13,222,308,103
06005,06,1,30,20,9,0,3,2,9,5,22,30,5
13005,13,785,5743,4042,959,91,155,68,396,204,4457,4135,963
82005,82,26,172,128,31,4,5,1,55,1,124,115,33
93005,93,858,3727,6602,2341,167,319,114,454,437,9057,3521,2315
87005,87,20,91,124,31,0,10,0,3,1,113,83,38
84005,84,3,31,25,4,2,4,4,0,4,8,21,3
90005,90,12,55,44,12,7,0,2,2,8,49,43,9
29005,29,24,82,174,60,2,12,3,26,9,113,105,67
22005,22,18,80,127,32,5,8,4,8,0,79,73,40
44005,44,141,440,904,253,29,49,12,45,23,623,598,246
14005,14,41,171,211,56,15,11,6,0,9,99,172,64
64006,64,7,31,67,20,4,10,0,10,6,46,56,19
57006,57,36,155,115,24,0,9,1,0,4,84,94,22
62006,62,7,53,27,12,7,4,3,0,0,22,26,14
78006,78,16,46,116,28,7,2,4,0,9,61,104,22
25006,25,3,4,6,7,1,0,3,0,4,0,11,7
80006,80,4,36,20,0,1,4,5,6,0,18,18,6
54006,54,9,66,56,21,0,7,0,0,0,46,34,10
39006,39,10,55,42,12,0,3,0,12,0,42,36,12
34006,34,0,29,20,11,0,0,1,5,0,28,17,11
70006,70,44,209,129,33,9,11,0,2,9,114,135,33
30006,30,100,741,473,109,15,36,12,40,26,514,443,122
73006,73,139,536,563,148,31,35,11,30,40,420,528,141
21006,21,7,12,23,7,1,3,0,0,4,0,17,0
02006,02,3,45,18,4,5,4,0,12,2,16,27,1
27006,27,1,25,19,8,2,0,0,0,4,8,13,1
2A006,2A,65,502,293,66,10,12,6,53,15,258,481,63
11006,11,3,7,9,0,3,5,0,0,0,9,12,0
31006,31,10,17,32,14,0,4,3,0,5,20,15,13
07006,07,9,28,18,10,4,0,0,4,0,17,12,5
81006,81,10,27,30,4,0,1,0,0,0,19,18,7
08006,08,10,37,29,6,0,0,5,1,2,17,20,9
17006,17,1,27,33,4,0,0,5,7,4,22,19,6
24006,24,0,25,21,2,0,3,1,6,0,25,24,3
38006,38,95,424,468,123,5,17,11,6,18,385,316,132
26006,26,58,301,288,86,16,16,0,8,11,267,243,70
19006,19,0,16,23,6,0,4,0,0,0,10,8,0
47006,47,19,74,65,10,4,5,2,0,3,49,59,16
51006,51,2,29,13,2,0,4,4,0,0,7,23,5
09006,09,5,0,5,5,2,0,0,0,5,0,6,6
52006,52,9,64,32,5,0,0,0,1,6,25,28,11
74006,74,45,156,198,34,0,0,9,0,13,101,211,52
04006,04,15,99,86,20,4,8,0,20,5,83,70,20
43006,43,5,24,27,2,3,4,0,0,6,0,21,9
12006,12,11,35,57,13,5,1,3,0,1,38,39,19
67006,67,6,25,25,1,0,0,0,3,4,21,25,8
71006,71,3,32,27,8,0,0,0,0,3,15,22,4
14006,14,21,95,116,33,1,5,0,10,4,86,87,28
88006,88,11,35,23,4,3,4,2,8,0,21,25,12
01006,01,0,11,11,5,5,0,0,9,5,8,14,2
76006,76,3,18,19,3,5,0,0,4,0,14,19,5
59006,59,5,27,19,12,4,6,0,0,0,15,23,11
50006,50,2,15,15,10,0,0,0,0,0,13,20,6
28006,28,60,229,192,53,7,7,3,9,10,137,209,40
69006,69,88,371,582,138,4,23,10,34,14,418,503,150
65006,65,7,34,41,13,4,2,5,0,3,30,26,15
89006,89,7,25,13,5,0,0,0,4,2,22,16,4
33006,33,12,62,91,29,7,7,6,4,6,83,63,22
15006,15,22,72,100,17,3,8,0,22,0,61,94,18
46006,46,11,33,50,12,5,2,3,2,4,54,29,9
58006,58,11,30,23,11,0,1,1,0,2,18,28,10
18006,18,5,26,30,8,0,3,5,3,0,28,17,4
66006,66,0,28,19,0,1,5,0,3,5,18,12,8
86006,86,18,55,64,15,2,6,1,24,0,55,49,17
63006,63,3,17,38,8,0,3,0,0,0,30,25,10
42006,42,10,46,50,14,5,3,0,2,7,35,35,10
85006,85,42,151,201,46,2,12,0,9,8,118,188,46
77006,77,25,95,107,21,4,1,0,23,4,82,70,18
10006,10,78,334,221,40,15,11,3,32,9,170,260,48
45006,45,30,144,147,32,3,1,6,0,6,97,122,35
40006,40,12,72,89,36,7,0,2,5,2,70,58,36
03006,03,20,73,85,16,4,8,3,0,3,60,67,12
61006,61,321,1327,1191,299,54,76,16,52,44,717,1369,269
36006,36,99,510,406,129,29,27,10,47,16,360,382,106
35006,35,93,303,649,194,18,26,13,14,13,416,405,192
23006,23,9,19,26,11,4,1,0,3,2,25,23,9
37006,37,67,255,335,85,4,6,6,59,12,267,291,92
83006,83,7,40,33,8,0,3,0,6,4,20,31,6
72006,72,41,167,175,41,8,2,8,19,9,159,246,43
06006,06,46,352,238,54,1,9,0,0,15,162,359,37
44006,44,50,141,285,77,10,17,5,0,8,181,200,87
56006,56,37,132,198,52,1,7,2,0,9,130,134,45
13006,13,39,242,166,35,6,8,1,0,10,197,164,43
84006,84,0,18,7,0,0,0,3,0,0,4,13,0
41006,41,12,47,46,15,5,3,0,0,2,35,38,14
82006,82,0,13,7,2,0,0,1,0,1,4,13,6
90006,90,3,38,39,5,0,2,0,26,3,27,22,5
87006,87,9,24,27,7,4,5,0,0,0,17,13,14
93006,93,343,1536,2763,1003,80,124,35,111,191,3805,1454,963
22006,22,5,16,24,8,1,4,0,0,6,9,20,10
68006,68,42,170,119,38,11,12,9,0,16,55,144,28
29006,29,84,251,562,213,11,15,7,29,2,344,333,201
05006,05,59,215,235,63,9,19,2,11,12,214,208,61
60006,60,35,166,115,31,0,1,0,4,8,95,89,29
62007,62,16,126,56,18,0,9,0,8,0,64,44,22
57007,57,2,14,7,8,0,0,0,0,5,9,13,1
25007,25,4,11,8,0,4,1,0,0,0,0,11,5
60007,60,81,467,315,76,14,9,11,30,24,269,271,69
64007,64,21,78,136,48,7,5,0,43,0,107,107,39
78007,78,29,82,176,40,4,6,0,0,5,71,155,43
34007,34,5,44,40,8,0,0,3,24,0,42,32,8
70007,70,11,50,21,8,0,0,2,0,0,25,26,4
54007,54,21,74,69,25,1,2,0,1,5,56,55,19
21007,21,1,29,32,11,4,0,0,0,3,17,20,3
73007,73,24,114,126,33,7,3,1,0,3,90,105,32
02007,02,8,27,8,7,4,0,2,0,0,0,8,0
2B007,2B,8,42,29,5,0,1,6,11,4,14,42,10
11007,11,1,20,7,6,5,0,5,0,2,5,6,7
07007,07,31,122,107,37,3,4,4,0,8,119,87,34
39007,39,6,15,20,5,1,0,3,0,2,9,11,9
24007,24,6,49,51,17,7,0,0,15,1,57,38,22
09007,09,5,7,14,5,2,0,2,0,0,9,2,0
79007,79,9,52,82,15,0,6,0,19,0,59,49,17
47007,47,1,29,17,7,0,5,0,7,1,21,21,5
16007,16,15,46,59,10,0,0,0,13,1,46,37,14
81007,81,3,7,4,5,4,0,5,0,1,9,1,0
19007,19,17,66,94,18,0,5,0,33,8,80,57,19
30007,30,708,4926,3174,808,86,150,56,266,174,3527,2896,855
74007,74,58,208,264,58,4,12,0,23,9,186,270,56
14007,14,0,17,25,11,2,0,3,0,6,8,26,9
31007,31,2,7,15,0,4,5,0,0,2,0,5,0
12007,12,9,11,24,4,4,0,0,3,0,14,25,9
55007,55,12,41,33,10,0,1,5,0,0,14,26,2
26007,26,1,10,9,9,4,1,1,19,0,7,7,1
51007,51,28,119,89,22,7,7,0,12,4,68,96,22
52007,52,5,3,11,1,5,5,1,0,0,0,2,2
01007,01,80,313,275,61,9,13,0,27,17,195,252,63
71007,71,9,17,11,6,0,0,0,0,0,14,8,3
88007,88,2,0,10,6,0,3,5,0,2,0,3,3
69007,69,66,204,343,84,16,10,4,3,3,250,313,92
17007,17,10,29,39,5,0,0,3,0,3,27,26,8
76007,76,22,95,68,17,4,8,5,0,2,63,65,20
68007,68,82,332,233,64,7,12,0,30,10,187,278,57
65007,65,29,135,176,52,3,7,0,21,9,167,106,46
89007,89,12,62,44,6,6,6,0,9,5,43,42,15
28007,28,85,376,304,73,3,16,6,15,17,227,297,73
49007,49,3185,9747,15359,3724,470,752,179,745,448,9521,13716,3744
04007,04,3,15,3,2,0,0,5,0,5,5,4,0
59007,59,23,108,72,19,6,0,0,5,2,81,71,26
58007,58,4,44,41,13,0,3,0,0,3,21,25,13
15007,15,0,9,19,0,5,4,0,2,1,7,23,5
86007,86,31,110,143,32,7,8,1,0,5,114,99,43
63007,63,5,19,33,6,0,0,0,5,0,17,12,10
18007,18,2,4,10,0,0,0,0,0,4,3,9,3
43007,43,25,94,96,19,1,6,3,7,0,72,80,19
33007,33,17,97,141,46,2,11,3,3,9,124,87,48
66007,66,6,22,20,0,4,1,0,0,0,6,14,4
46007,46,18,82,133,35,2,10,6,0,3,105,84,34
42007,42,10,22,27,2,0,5,0,0,2,18,20,1
10007,10,5,19,7,0,0,0,2,0,3,6,9,6
72007,72,9,50,47,7,4,0,3,6,4,47,61,15
32007,32,7,16,26,5,2,6,4,0,0,21,21,4
40007,40,4,12,26,10,0,4,0,0,3,17,12,13
77007,77,5,32,38,9,6,1,0,4,4,32,31,14
53007,53,77,218,352,78,20,16,3,0,12,175,347,76
36007,36,11,72,65,22,0,0,1,14,0,56,48,13
03007,03,12,33,40,7,0,1,0,19,0,36,38,5
23007,23,3,22,28,11,6,0,0,13,0,23,20,12
05007,05,9,41,43,15,4,4,2,5,0,49,35,12
48007,48,4,2,3,2,0,1,0,8,3,7,5,0
37007,37,7,18,25,11,0,2,0,0,0,11,19,2
61007,61,129,499,462,119,19,31,6,67,15,286,532,101
35007,35,7,24,49,11,2,1,1,21,1,33,30,19
83007,83,57,345,202,40,7,5,4,18,10,175,286,47
56007,56,282,1039,1642,450,47,79,11,109,27,1008,1266,422
06007,06,73,421,290,51,10,9,6,43,11,227,410,66
13007,13,212,1640,1157,253,20,47,17,93,67,1313,1235,282
41007,41,22,89,72,19,8,3,0,0,2,40,67,19
82007,82,7,13,18,0,0,0,4,5,0,10,8,6
44007,44,52,143,319,91,9,11,5,5,14,240,235,101
84007,84,1608,10782,6584,1547,177,340,132,740,335,6630,6685,1450
92007,92,411,1077,4500,1000,68,85,41,107,146,2433,4040,1031
87007,87,5,12,28,10,6,6,0,0,5,0,20,4
90007,90,3,47,32,4,0,1,0,8,0,26,32,4
29007,29,14,59,137,50,0,2,0,28,0,91,76,53
93007,93,465,2189,3807,1314,72,165,61,189,261,5365,1980,1311
62008,62,13,134,68,16,4,2,0,11,6,72,47,17
57008,57,5,38,28,9,2,7,4,0,4,0,23,9
64008,64,6,25,45,17,3,4,3,3,0,35,23,10
25008,25,11,53,58,12,0,6,0,10,3,46,50,9
80008,80,23,135,96,16,6,5,5,0,3,75,65,25
95008,95,15,52,91,28,6,3,4,0,1,75,59,23
70008,70,8,25,22,9,6,0,0,0,6,0,9,4
60008,60,10,68,43,11,5,0,4,0,4,24,38,11
73008,73,812,3150,3336,813,75,141,45,333,137,2638,3047,824
02008,02,11,54,31,11,4,5,0,0,0,2,24,3
2A008,2A,25,246,176,39,4,9,10,43,12,107,250,42
11008,11,10,45,40,17,0,2,3,0,5,37,23,14
21008,21,15,56,55,18,0,6,0,0,0,31,45,10
07008,07,42,158,150,44,4,5,6,0,12,154,127,46
27008,27,51,229,162,47,3,9,3,8,7,136,140,39
54008,54,13,51,37,13,0,0,2,0,5,36,35,13
30008,30,12,117,73,22,0,6,0,18,3,97,64,25
81008,81,12,36,38,12,3,0,5,0,4,21,21,12
09008,09,7,13,20,3,0,5,2,3,2,17,6,10
67008,67,43,174,155,40,11,6,0,17,10,115,172,45
08008,08,19,113,58,11,8,7,0,0,0,45,58,19
79008,79,19,63,86,17,0,2,5,6,0,71,69,18
39008,39,9,45,30,10,0,0,0,9,1,36,28,10
38008,38,2,0,0,4,1,2,2,0,0,0,7,3
74008,74,117,370,491,117,4,21,7,16,25,310,497,99
51008,51,7,28,30,8,0,0,0,9,2,14,26,3
19008,19,5,23,37,11,0,0,0,4,0,32,17,5
47008,47,5,17,16,1,0,0,0,0,2,1,14,0
01008,01,19,81,71,13,6,5,3,25,0,52,69,17
16008,16,6,27,39,8,0,2,5,4,2,27,30,5
55008,55,4,24,9,6,5,0,3,0,0,2,18,5
31008,31,7,25,41,9,0,0,0,0,1,27,23,14
76008,76,13,80,65,21,5,0,3,19,0,69,62,15
50008,50,13,59,70,20,4,3,0,0,1,27,61,12
69008,69,9,48,86,15,4,0,0,5,4,59,76,22
26008,26,37,136,122,29,6,9,0,8,1,128,116,31
52008,52,24,123,80,15,8,2,6,11,11,51,72,11
17008,17,49,201,218,57,7,14,1,29,15,174,186,47
89008,89,6,21,7,2,0,0,4,0,5,8,17,0
12008,12,13,64,91,29,2,3,0,20,1,73,87,26
88008,88,0,20,11,2,5,2,5,0,0,10,13,4
71008,71,10,25,25,9,0,2,0,0,0,0,23,6
24008,24,14,67,67,14,0,6,6,7,5,71,46,15
49008,49,20,72,107,21,1,0,0,25,7,61,88,20
59008,59,199,1199,833,230,29,57,8,57,36,874,727,250
04008,04,27,141,100,21,1,5,0,5,3,117,108,33
58008,58,6,27,18,6,0,0,2,0,3,20,10,1
15008,15,7,22,40,13,0,0,1,14,2,19,39,8
68008,68,13,74,54,15,7,0,0,0,7,31,65,13
42008,42,0,8,7,0,2,0,0,19,3,9,9,3
63008,63,18,56,87,26,0,0,4,0,8,53,56,28
28008,28,5,18,18,5,0,0,0,0,0,10,23,9
10008,10,1,14,10,0,0,0,0,12,0,9,13,0
40008,40,0,6,7,0,3,0,0,3,0,8,12,9
66008,66,233,1865,1149,318,27,56,11,156,47,1278,1115,317
43008,43,7,21,19,0,0,4,0,2,3,23,15,4
32008,32,0,11,11,7,0,0,1,0,0,5,4,9
77008,77,28,114,114,30,8,7,6,0,9,85,85,28
72008,72,131,581,541,158,28,22,15,20,13,469,811,142
53008,53,58,154,245,46,10,13,1,19,6,147,243,47
36008,36,6,32,29,4,6,0,0,0,0,15,31,12
03008,03,6,44,50,13,3,0,0,2,3,42,46,13
45008,45,43,175,164,35,8,6,4,16,2,109,144,46
48008,48,4,15,23,9,0,6,0,2,0,24,24,4
86008,86,5,35,44,7,5,7,0,0,5,23,27,12
18008,18,12,56,50,15,7,0,0,0,4,42,44,10
05008,05,10,41,49,13,2,3,3,0,0,43,44,12
37008,37,68,263,335,98,19,15,1,20,1,228,284,78
61008,61,25,115,114,30,10,5,6,0,1,74,135,22
85008,85,186,624,876,160,27,36,7,29,25,492,856,183
23008,23,69,283,317,119,6,26,0,29,10,313,269,114
13008,13,6,78,56,7,1,3,0,31,4,59,51,13
06008,06,3,7,4,0,0,3,0,0,3,1,9,0
82008,82,25,104,83,25,3,6,0,0,9,54,76,27
35008,35,9,44,84,22,0,4,0,3,2,59,55,19
41008,41,25,78,68,16,0,8,3,0,1,41,76,23
56008,56,130,500,794,215,27,28,8,22,29,465,615,215
83008,83,64,452,261,45,4,16,3,9,22,221,377,42
90008,90,102,524,397,105,19,18,6,7,29,345,334,97
29008,29,24,67,146,51,0,3,5,15,4,102,86,61
93008,93,430,1973,3498,1248,95,156,51,122,247,4709,1870,1209
22008,22,22,82,153,44,3,9,4,16,5,109,90,45
87008,87,0,15,14,2,5,6,3,0,0,6,6,10
84008,84,9,96,65,17,1,2,0,7,1,72,59,20
34008,34,15,83,58,25,0,8,0,15,0,67,56,14
46008,46,5,19,32,10,4,0,3,0,1,15,18,6
33008,33,15,39,66,18,0,0,0,0,1,49,41,21
62009,62,7,45,19,4,3,3,0,0,0,18,22,10
64009,64,38,138,264,81,3,19,8,80,3,197,182,74
80009,80,20,160,116,20,6,4,0,7,8,97,90,22
70009,70,0,14,9,8,5,5,0,0,6,5,6,2
57009,57,0,8,6,2,0,0,0,10,3,11,11,0
02009,02,12,100,45,8,5,0,3,1,5,52,40,6
34009,34,34,238,178,57,3,5,5,8,8,201,152,51
78009,78,10,18,35,6,1,4,5,0,7,14,35,12
54009,54,7,18,19,0,6,3,0,0,6,11,13,6
21009,21,5,19,31,10,0,0,0,0,1,11,27,6
60009,60,35,224,144,35,11,8,1,20,8,141,128,40
67009,67,10,50,52,16,0,5,0,11,5,29,42,6
09009,09,0,18,17,12,2,0,0,16,6,23,14,6
30009,30,5,34,26,2,0,0,2,0,0,23,25,6
11009,11,32,190,136,36,9,9,1,29,5,141,96,42
2B009,2B,29,277,191,42,9,13,1,23,4,133,254,30
81009,81,6,4,5,0,5,0,5,0,3,6,1,0
27009,27,16,79,47,8,2,0,4,0,5,50,46,19
16009,16,12,34,53,13,2,4,0,0,4,36,30,11
14009,14,29,154,169,49,13,14,4,15,6,123,141,43
79009,79,8,32,58,20,5,8,0,0,1,40,33,12
55009,55,14,97,61,12,6,7,2,0,7,25,50,9
76009,76,6,42,32,12,0,0,3,0,1,27,25,12
07009,07,25,106,103,23,3,6,5,1,5,104,75,26
26009,26,27,126,103,35,2,2,5,0,6,87,95,31
39009,39,9,65,55,14,0,3,4,14,0,51,50,16
01009,01,10,47,43,5,3,1,0,4,0,25,34,11
74009,74,26,82,93,22,7,7,0,0,6,55,112,17
52009,52,3,18,14,4,0,4,0,0,6,8,8,7
47009,47,8,40,35,6,0,0,0,1,1,27,24,6
17009,17,23,108,104,27,5,8,3,0,7,85,104,25
51009,51,21,111,86,14,8,4,1,0,0,50,90,21
38009,38,26,106,123,37,1,2,0,5,0,96,86,34
24009,24,11,35,27,13,0,6,5,0,0,20,23,14
89009,89,16,46,29,12,0,0,3,0,5,29,35,4
71009,71,26,84,81,21,4,0,1,0,7,51,71,23
88009,88,105,453,338,85,16,31,3,6,16,253,277,88
69009,69,135,478,779,213,10,31,6,10,24,576,688,205
31009,31,2,8,18,5,2,0,4,1,0,18,6,0
49009,49,13,36,58,8,6,7,0,0,0,23,56,19
65009,65,0,14,23,8,6,1,4,10,0,24,14,2
15009,15,9,23,32,4,6,0,4,0,6,16,34,5
58009,58,1,14,20,9,3,0,4,0,3,0,15,6
33009,33,277,1171,1730,480,49,100,15,132,49,1426,1141,503
04009,04,0,0,5,5,2,0,0,0,5,0,0,0
86009,86,25,94,128,32,8,10,6,0,7,101,79,32
18009,18,8,34,34,11,3,2,4,0,3,19,31,3
28009,28,6,8,5,0,3,3,0,0,0,5,10,1
63009,63,12,52,80,24,2,0,6,0,5,45,46,23
66009,66,38,372,230,57,6,16,2,0,15,258,205,56
43009,43,6,0,3,4,0,0,0,0,1,0,0,0
32009,32,6,4,6,0,3,5,3,0,0,5,9,5
12009,12,6,5,15,5,4,0,0,0,0,1,15,4
53009,53,18,59,88,20,6,0,0,0,0,42,79,19
10009,10,8,17,10,1,0,0,0,1,0,7,9,0
72009,72,4,32,35,9,5,0,5,0,5,34,47,8
36009,36,29,139,119,42,5,9,6,26,2,122,114,36
42009,42,15,73,63,22,0,0,0,1,6,48,56,12
68009,68,30,101,83,22,6,0,1,0,10,44,90,13
77009,77,3,21,12,2,2,5,0,0,2,13,15,1
45009,45,24,104,106,25,0,8,0,47,0,70,99,21
05009,05,10,17,17,5,3,6,1,0,0,2,22,3
46009,46,18,55,99,20,0,1,4,1,0,88,59,21
03009,03,4,14,19,7,0,0,5,0,1,0,5,2
85009,85,26,98,156,31,3,5,0,25,10,60,145,32
23009,23,0,12,11,6,0,4,5,5,0,7,11,3
37009,37,12,38,55,17,7,0,4,0,1,28,39,12
41009,41,25,82,78,18,0,5,0,24,1,58,77,16
25009,25,3,18,15,9,0,5,3,0,1,20,14,4
35009,35,28,113,236,60,2,13,0,11,8,154,150,65
06009,06,3,14,6,5,0,3,1,6,0,5,12,2
82009,82,2,1,1,5,0,4,0,0,0,0,3,6
83009,83,241,1626,916,176,33,35,25,88,47,764,1352,173
56009,56,23,116,166,38,9,5,6,1,7,114,121,47
44009,44,202,642,1337,389,30,72,15,123,46,1018,918,375
90009,90,128,610,457,130,13,21,2,30,22,413,386,120
87009,87,6,11,20,3,0,0,2,6,1,20,15,2
92009,92,299,866,3611,783,35,58,31,156,126,1906,3224,741
13009,13,25,135,102,18,7,7,3,0,8,85,100,21
84009,84,38,249,153,39,6,5,4,31,3,153,164,35
22009,22,0,17,20,2,0,6,0,8,6,12,12,7
19009,19,6,16,13,6,4,2,1,0,0,2,13,2
48009,48,66,241,247,68,21,19,8,7,26,210,270,71
59009,59,1206,7104,4937,1380,199,254,65,264,223,5142,4179,1427
62010,62,8,44,27,3,5,2,1,0,0,7,22,9
80010,80,66,402,292,58,16,11,5,33,11,231,211,53
70010,70,8,17,10,7,0,0,1,0,0,3,13,0
57010,57,9,22,15,8,2,2,0,0,1,11,15,7
2B010,2B,3,61,32,4,0,5,3,1,0,30,56,10
54010,54,12,54,55,19,0,1,2,0,5,37,42,13
02010,02,0,34,14,8,0,0,0,0,2,5,19,1
21010,21,6,20,21,0,0,0,4,0,0,6,19,6
81010,81,9,42,45,12,6,5,1,6,0,48,31,19
60010,60,43,254,151,35,8,9,3,0,7,125,138,37
08010,08,3,16,6,2,1,0,0,13,0,13,6,4
27010,27,1,27,12,5,2,0,0,7,0,20,20,1
55010,55,77,435,250,57,7,27,5,0,17,191,247,63
76010,76,8,59,52,12,0,6,0,0,1,49,40,14
39010,39,0,17,15,7,0,0,0,0,0,0,12,0
67010,67,61,211,198,46,3,6,4,3,11,119,198,42
30010,30,55,457,283,72,13,7,1,39,11,327,278,75
01010,01,27,120,114,22,6,2,4,15,10,85,99,23
51010,51,9,13,12,8,6,0,0,0,6,0,20,0
65010,65,1,17,30,3,0,3,3,14,3,20,17,7
17010,17,109,446,497,115,9,38,11,7,23,352,430,127
34010,34,66,379,320,91,4,4,7,34,18,323,272,80
89010,89,8,45,32,7,0,0,2,0,0,16,28,4
74010,74,3115,9680,12459,2721,260,506,140,1004,673,7989,13126,2693
24010,24,31,137,155,45,5,8,4,2,7,154,104,45
59010,59,7,34,28,7,3,5,2,0,6,0,22,1
26010,26,99,449,417,110,16,23,10,1,32,366,337,118
38010,38,13,74,89,17,1,2,2,13,0,67,60,19
07010,07,372,1602,1497,421,39,101,40,155,85,1455,1218,407
47010,47,8,28,16,2,6,0,0,0,0,22,21,11
31010,31,0,12,18,8,1,0,0,0,1,12,12,4
11010,11,9,38,25,6,0,5,0,14,0,32,25,12
71010,71,28,101,86,27,1,3,6,5,4,70,85,20
88010,88,2,29,24,7,0,5,1,0,0,17,19,9
15010,15,8,17,25,10,6,0,0,0,5,12,33,3
33010,33,6,37,59,17,0,4,0,11,5,57,40,17
18010,18,5,26,18,10,0,2,5,1,0,16,13,3
19010,19,69,260,401,98,14,32,7,27,24,312,280,92
28010,28,11,48,35,5,5,2,0,0,0,24,40,9
63010,63,34,161,232,60,8,12,1,18,9,202,127,68
58010,58,22,92,88,26,0,0,1,0,0,67,60,23
49010,49,11,15,36,13,0,5,3,0,4,4,35,6
12010,12,0,11,16,2,2,0,5,4,3,8,19,3
10010,10,7,0,6,2,0,0,1,0,0,0,4,6
32010,32,7,7,14,3,0,6,0,0,5,3,11,0
43010,43,37,136,149,31,8,6,5,25,4,112,116,38
79010,79,13,58,82,21,0,0,2,27,5,54,52,19
45010,45,34,118,117,34,0,1,0,1,3,90,103,31
86010,86,23,110,139,35,3,6,6,24,5,109,105,46
72010,72,4,40,48,8,6,6,0,0,3,34,69,12
68010,68,42,154,103,29,1,6,1,0,3,75,117,19
05010,05,27,97,100,20,3,0,0,0,3,100,79,25
53010,53,15,29,44,15,0,2,0,0,0,30,58,10
77010,77,20,57,57,20,0,0,0,7,1,53,45,20
61010,61,0,11,9,6,5,6,5,2,2,9,12,3
03010,03,7,51,55,9,3,2,4,0,1,34,48,13
23010,23,0,13,20,10,3,4,0,0,0,15,9,1
46010,46,8,30,43,13,5,5,0,0,5,40,34,17
48010,48,4,35,39,6,5,6,5,0,0,22,33,11
37010,37,56,175,231,57,10,15,7,0,7,151,181,65
42010,42,47,168,172,48,9,10,0,0,10,124,143,39
85010,85,36,135,191,38,8,7,4,12,0,100,171,32
66010,66,1,20,13,8,0,0,1,0,5,0,5,1
36010,36,20,89,76,18,5,5,4,21,4,71,86,25
41010,41,26,125,102,21,0,0,0,26,0,70,98,26
64010,64,9,50,84,22,3,4,2,21,2,73,70,17
35010,35,35,112,231,69,9,7,5,0,5,118,150,62
13010,13,77,604,424,95,10,15,7,8,20,470,421,94
82010,82,7,31,19,11,5,0,4,0,0,26,16,8
83010,83,6,26,23,1,0,3,3,0,1,6,31,9
44010,44,62,236,494,131,7,15,6,46,16,388,344,149
56010,56,156,549,865,210,22,41,10,33,24,487,633,228
90010,90,767,4111,3126,902,134,175,44,199,199,2768,2680,880
29010,29,25,89,176,62,0,7,0,0,7,130,117,64
93010,93,513,2243,4038,1435,117,167,57,137,251,5451,2105,1440
73010,73,154,670,687,168,21,53,5,35,22,570,668,171
69010,69,112,412,665,169,22,20,16,46,24,467,579,168
84010,84,14,134,77,22,0,3,0,26,8,86,77,18
06010,06,48,365,254,52,8,12,0,0,12,181,349,57
78010,78,29,72,175,49,3,4,0,22,12,96,158,38
62011,62,22,129,57,21,3,3,0,5,1,66,45,20
80011,80,88,476,347,62,25,25,8,21,4,275,244,72
64011,64,1,4,18,7,0,4,2,0,3,5,14,5
73011,73,374,1310,1398,346,35,72,28,109,63,1078,1269,359
57011,57,14,88,58,12,2,1,2,5,0,53,45,20
25011,25,20,92,92,27,8,8,0,0,1,61,78,24
54011,54,13,49,54,17,7,3,5,0,6,24,32,18
2A011,2A,0,8,10,3,4,0,1,8,0,3,15,0
70011,70,8,53,29,11,0,2,0,8,0,28,36,5
02011,02,38,214,112,29,6,9,0,10,0,112,103,28
95011,95,10,28,44,9,0,5,0,8,7,54,32,12
81011,81,31,128,121,35,6,7,1,0,4,99,102,36
27011,27,37,185,120,26,0,15,0,9,9,92,114,38
21011,21,3,5,13,0,0,0,5,0,3,0,12,0
60011,60,8,56,35,12,6,4,5,0,5,2,31,11
16011,16,17,51,65,17,0,0,0,0,4,44,41,19
08011,08,0,29,22,4,0,5,0,0,0,11,21,7
76011,76,1,20,19,5,1,0,0,0,6,19,20,11
55011,55,11,39,26,6,0,0,4,0,6,8,23,1
17011,17,5,35,44,13,0,3,0,24,0,29,32,12
59011,59,254,1338,982,266,33,49,20,14,41,946,814,255
39011,39,15,51,51,12,0,0,0,0,2,28,46,11
89011,89,6,20,19,0,0,0,1,0,0,13,16,0
52011,52,0,10,13,4,1,0,1,0,0,0,14,6
38011,38,23,104,125,27,5,2,1,26,3,100,93,30
47011,47,6,26,19,6,2,2,5,0,3,5,18,9
24011,24,26,110,139,40,3,12,5,0,0,138,99,39
09011,09,5,5,14,2,0,0,0,2,3,8,3,8
71011,71,10,61,48,18,7,2,0,0,4,40,49,18
26011,26,67,281,244,62,0,12,3,39,4,223,211,69
01011,01,11,40,43,9,0,7,0,4,3,22,30,3
11011,11,11,75,50,11,4,5,3,1,5,47,37,15
31011,31,7,27,36,9,5,5,0,0,2,29,29,17
34011,34,1,17,13,1,4,0,2,0,0,7,13,5
88011,88,51,212,144,31,5,13,0,38,8,130,142,35
18011,18,58,272,237,56,5,14,4,9,4,199,200,51
58011,58,8,36,26,14,0,6,1,0,0,13,27,13
15011,15,0,20,27,4,0,2,0,12,0,16,29,11
19011,19,30,96,165,35,8,10,3,9,0,113,108,40
10011,10,5,27,17,1,5,5,2,4,1,10,23,9
63011,63,4,24,41,8,2,1,0,0,6,22,26,5
40011,40,10,32,39,10,3,7,0,13,4,36,26,9
49011,49,11,47,59,16,0,5,4,1,0,47,49,12
67011,67,38,145,137,24,6,10,0,0,4,85,122,28
12011,12,22,80,106,29,8,2,0,12,3,95,89,29
33011,33,129,631,902,273,16,49,8,58,21,717,564,270
86011,86,2,11,16,4,0,5,0,8,2,12,14,2
68011,68,43,183,133,33,8,6,3,11,6,88,138,31
72011,72,22,97,91,25,6,9,6,0,7,42,137,30
53011,53,20,66,95,21,9,9,0,2,5,52,114,29
45011,45,10,23,15,7,0,0,0,0,4,8,24,1
43011,43,3,18,23,5,0,0,0,1,0,21,24,7
61011,61,9,42,41,6,5,5,4,8,2,36,43,13
77011,77,12,62,65,19,0,3,0,0,5,52,46,14
23011,23,9,22,17,12,0,6,3,0,1,1,22,9
03011,03,8,36,37,5,5,0,5,16,0,36,34,5
14011,14,46,175,214,54,3,21,4,33,16,142,180,55
46011,46,12,30,40,17,2,0,5,0,0,30,32,16
05011,05,16,41,44,13,0,0,1,0,5,45,36,11
37011,37,49,158,203,61,13,12,9,2,7,145,170,51
66011,66,77,616,394,109,22,25,9,51,24,446,367,101
36011,36,2,23,13,0,2,5,0,6,5,21,17,1
42011,42,65,313,295,65,9,7,6,15,12,237,228,61
85011,85,52,186,271,55,7,6,4,8,4,146,249,60
83011,83,34,211,116,22,3,2,0,6,6,102,168,29
82011,82,24,101,91,18,5,5,0,9,4,80,72,21
06011,06,74,493,343,53,9,11,5,50,17,243,471,66
87011,87,81,312,425,115,15,27,10,24,8,362,247,122
90011,90,4,41,32,8,3,4,0,27,2,29,30,9
29011,29,64,217,477,176,3,18,3,25,10,317,300,169
94011,94,256,694,1629,460,23,55,13,31,80,1305,1195,447
22011,22,18,72,136,46,5,10,0,0,1,82,93,39
56011,56,29,123,214,61,7,10,6,2,1,134,145,54
84011,84,10,63,41,5,0,7,0,0,5,39,39,7
65011,65,4,9,13,4,5,4,0,9,0,17,14,1
30011,30,177,1206,772,196,20,37,9,35,35,853,708,204
13011,13,12,52,42,14,5,6,2,0,0,38,39,4
07011,07,28,108,103,24,7,8,1,0,5,101,73,33
62012,62,0,31,26,10,4,2,0,0,4,22,16,1
64012,64,0,7,13,6,0,0,0,10,0,16,17,2
73012,73,1,12,19,5,3,1,3,4,2,9,15,7
57012,57,147,725,536,123,13,38,2,47,31,457,434,130
2B012,2B,3,19,7,1,0,0,1,12,0,3,11,7
54012,54,13,48,37,15,0,2,4,0,2,20,24,14
70012,70,9,104,66,14,7,3,3,5,0,37,60,15
02012,02,4,8,8,6,0,1,0,0,2,0,3,1
95012,95,0,9,19,6,0,5,0,13,0,19,12,10
27012,27,11,75,48,6,1,7,3,0,5,37,40,6
21012,21,11,35,36,10,0,7,0,10,0,30,38,9
60012,60,67,453,293,61,6,28,6,0,23,224,245,70
81012,81,0,13,11,7,0,0,4,0,0,6,12,9
16012,16,11,57,64,14,1,0,0,12,5,48,41,13
14012,14,3,10,12,4,0,0,3,7,2,9,19,6
76012,76,1,20,23,3,4,0,1,6,4,27,14,1
65012,65,1,9,12,5,3,6,0,0,1,4,7,8
74012,74,606,1876,2335,497,72,76,34,118,124,1539,2500,500
17012,17,8,26,20,8,0,6,0,0,0,5,23,6
52012,52,2,0,0,0,0,1,3,3,2,3,0,0
89012,89,5,13,7,0,2,2,0,0,0,8,12,5
59012,59,73,416,306,90,20,12,6,0,3,303,252,92
51012,51,6,6,10,0,0,4,0,0,5,0,6,0
47012,47,5,45,31,12,0,0,0,12,5,26,23,4
38012,38,63,254,272,73,5,7,4,9,11,211,191,74
09012,09,1,0,3,4,1,0,0,0,0,0,6,0
55012,55,14,58,30,14,2,8,3,9,3,20,38,15
30012,30,78,629,408,106,20,27,4,5,32,448,350,107
01012,01,13,45,42,14,0,0,5,0,3,23,31,8
31012,31,5,10,12,2,1,5,0,5,0,17,11,1
07012,07,9,36,33,13,2,5,0,0,7,38,31,15
88012,88,43,164,129,32,6,12,3,0,4,100,110,30
24012,24,12,50,57,19,4,7,5,0,0,28,37,20
79012,79,28,103,166,41,8,14,0,4,0,111,103,46
11012,11,47,327,217,61,5,13,11,44,11,227,153,72
34012,34,14,129,95,32,0,0,3,21,9,121,82,28
18012,18,12,59,44,14,5,2,0,0,0,42,39,11
26012,26,5,1,9,0,0,3,0,0,0,2,2,1
15012,15,152,577,858,159,26,50,8,92,18,495,727,153
58012,58,20,74,59,25,3,0,3,7,6,55,46,16
33012,33,76,327,473,129,12,25,7,7,15,398,330,147
10012,10,7,50,26,3,3,0,0,3,5,16,31,10
71012,71,16,36,40,6,4,4,0,0,5,29,40,10
40012,40,1,19,29,6,0,2,0,26,5,22,24,7
63012,63,21,75,118,35,5,0,5,0,5,78,58,31
67012,67,15,81,75,11,1,7,1,0,1,41,65,19
86012,86,4,7,20,4,3,6,0,5,0,16,7,1
68012,68,55,257,203,48,6,12,1,13,14,136,220,36
12012,12,18,46,70,20,4,0,0,22,5,50,53,18
72012,72,9,45,52,17,6,0,0,0,0,35,56,17
19012,19,10,21,28,10,1,1,0,0,0,27,27,10
53012,53,7,37,64,9,3,6,0,3,2,35,63,19
04012,04,0,11,6,5,0,5,0,0,2,1,4,5
32012,32,18,111,124,48,6,8,1,6,8,97,91,42
49012,49,4,21,46,6,0,4,0,6,1,21,36,11
45012,45,5,24,15,1,2,0,0,0,0,15,23,10
77012,77,12,27,32,10,0,2,3,4,3,26,19,5
61012,61,0,18,21,9,1,0,0,0,1,12,22,9
43012,43,161,657,679,166,21,46,5,49,20,529,557,149
23012,23,0,11,12,10,0,4,0,0,0,8,15,5
03012,03,6,38,41,11,2,0,0,0,4,28,38,14
37012,37,20,47,55,15,6,5,0,2,6,52,49,15
46012,46,15,48,79,21,0,6,0,2,0,72,49,18
66012,66,53,479,281,84,13,28,2,23,12,330,271,82
41012,41,12,31,25,3,6,0,0,0,3,13,30,12
35012,35,171,490,1041,293,31,36,10,31,31,636,652,320
36012,36,14,35,39,6,0,5,4,0,0,27,37,9
05012,05,13,59,63,14,0,6,1,28,3,59,54,14
42012,42,25,88,79,15,1,6,0,0,6,52,68,22
83012,83,69,494,289,64,7,22,4,0,10,226,402,51
84012,84,64,353,243,51,6,5,0,2,21,231,250,57
13012,13,7,73,50,8,0,5,0,8,0,58,57,9
06012,06,177,1090,709,143,23,19,13,46,46,522,1034,134
56012,56,38,141,217,61,4,13,6,14,2,149,168,64
87012,87,13,35,46,17,5,6,0,0,0,33,35,9
90012,90,24,157,107,30,4,6,3,7,3,104,97,35
29012,29,1,16,26,10,2,0,2,0,3,9,19,11
92012,92,1198,3376,14068,3174,180,260,150,554,475,7496,12714,3114
28012,28,110,459,394,96,23,43,12,18,26,240,378,96
85012,85,67,223,295,62,8,12,0,10,17,179,302,60
44012,44,80,235,506,133,19,15,7,2,3,365,342,139
22012,22,23,57,105,38,0,1,6,9,6,75,71,34
25012,25,9,22,16,9,3,0,3,0,0,0,12,10
69012,69,13,47,88,17,0,6,1,15,0,62,65,17
82012,82,13,65,52,10,0,0,0,0,3,45,46,19
48012,48,12,34,39,9,0,6,0,14,0,41,43,11
62013,62,43,340,180,57,14,16,0,5,7,203,140,51
64013,64,1,15,16,7,0,2,4,7,0,13,19,7
80013,80,46,287,205,46,12,15,5,23,7,187,163,31
73013,73,16,69,80,12,1,6,3,3,6,59,60,9
25013,25,8,27,27,4,0,1,5,0,5,23,28,6
57013,57,48,284,219,65,7,14,0,29,11,145,175,48
2B013,2B,1,4,7,1,0,1,1,0,3,0,4,0
70013,70,0,9,6,7,0,3,0,0,4,0,9,0
54013,54,0,13,11,0,0,0,1,1,0,14,8,2
27013,27,17,77,50,12,6,7,5,0,6,17,43,10
02013,02,7,74,32,9,0,6,1,0,0,26,32,10
21013,21,8,49,44,8,6,3,1,0,1,33,40,7
78013,78,5,34,60,19,5,5,0,0,1,27,55,19
81013,81,8,44,49,19,0,6,0,11,3,35,29,10
16013,16,11,39,47,6,4,0,0,0,2,30,34,8
08013,08,6,61,29,12,0,6,0,6,1,27,32,12
76013,76,21,131,115,31,2,3,4,0,9,105,99,32
60013,60,33,229,143,33,7,7,3,1,6,124,120,27
50013,50,15,35,39,9,7,0,0,5,0,32,37,16
52013,52,3,24,12,0,0,1,0,0,0,0,16,8
65013,65,6,1,7,0,2,3,5,0,0,3,6,4
59013,59,36,215,147,35,7,11,0,6,1,150,111,38
17013,17,8,42,38,13,6,0,0,0,0,25,31,15
74013,74,56,193,258,62,5,5,0,0,16,150,278,52
51013,51,8,12,7,7,4,2,0,0,0,4,7,7
89013,89,89,461,307,64,9,19,0,47,8,249,314,75
38013,38,79,351,365,93,7,13,4,49,17,321,252,99
09013,09,0,4,9,0,2,0,0,0,1,4,7,6
01013,01,2,20,15,8,5,3,0,0,2,11,15,2
39013,39,92,347,303,61,15,29,10,18,15,298,274,67
31013,31,13,30,47,17,0,6,0,12,0,40,33,16
07013,07,28,136,118,37,5,8,5,0,6,117,103,33
11013,11,7,48,39,10,0,7,0,0,6,38,28,14
47013,47,13,51,34,6,0,0,0,0,6,26,36,12
79013,79,81,287,394,120,28,29,26,0,19,197,264,111
30013,30,10,57,35,13,0,0,3,14,3,42,42,6
69013,69,72,278,460,120,12,12,10,41,7,316,378,112
88013,88,2,14,9,0,0,2,4,0,1,3,11,2
26013,26,5,13,9,6,1,6,0,0,2,1,9,0
18013,18,6,44,32,7,0,4,1,15,0,33,29,8
55013,55,12,71,35,8,7,4,0,0,6,16,42,11
58013,58,7,8,16,6,0,1,2,0,3,2,5,2
40013,40,0,14,10,1,1,4,0,0,4,9,10,3
33013,33,145,599,855,267,22,48,9,121,24,700,583,263
34013,34,32,179,140,42,6,4,1,15,10,164,134,35
10013,10,7,26,10,0,0,1,0,0,6,9,11,7
67013,67,12,31,26,3,1,2,0,16,2,14,33,3
68013,68,30,109,76,21,4,8,4,16,8,56,89,20
19013,19,19,76,118,31,0,10,0,25,8,96,76,34
63013,63,25,91,132,32,5,3,6,6,9,119,84,41
04013,04,16,64,65,11,7,7,6,0,0,59,51,21
72013,72,54,232,222,60,9,17,7,0,12,198,325,60
12013,12,84,305,471,120,8,21,13,44,12,362,399,118
32013,32,387,1678,2052,710,41,119,17,317,94,1716,1589,673
45013,45,3,28,27,2,2,0,1,0,1,21,27,2
86013,86,6,13,16,9,4,0,0,0,0,4,6,4
77013,77,15,47,47,8,5,0,0,0,5,39,32,13
61013,61,10,24,11,9,0,5,0,0,2,3,17,4
28013,28,40,177,172,34,6,5,0,47,3,120,153,32
15013,15,6,22,24,1,3,0,0,7,0,15,24,8
71013,71,12,29,31,8,4,5,3,0,1,19,31,3
23013,23,34,114,140,46,2,15,3,0,8,110,110,53
03013,03,112,436,462,109,11,24,13,21,18,368,380,110
53013,53,18,51,70,18,0,1,5,0,0,25,81,20
37013,37,17,42,56,12,5,8,0,0,4,44,58,21
46013,46,1,18,32,4,1,0,2,5,2,26,17,5
48013,48,25,103,118,29,8,10,4,0,9,81,110,34
66013,66,5,15,9,0,1,0,0,0,0,12,6,8
35013,35,81,260,535,152,10,13,9,19,18,346,358,171
05013,05,1,17,18,3,0,0,0,7,0,12,17,5
36013,36,16,53,52,13,8,4,1,0,1,41,46,12
41013,41,10,41,33,7,0,2,0,3,0,18,26,11
85013,85,38,107,146,31,8,5,4,11,2,87,157,34
84013,84,12,48,22,6,0,3,0,5,1,23,33,1
82013,82,74,444,324,83,16,12,3,24,22,309,287,100
13013,13,37,267,181,47,4,3,1,22,9,192,190,40
42013,42,52,194,192,52,4,11,6,33,3,171,147,44
06013,06,18,134,93,22,0,0,0,0,7,73,132,11
56013,56,106,363,558,139,21,28,14,22,14,320,425,156
87013,87,10,65,91,30,1,8,1,6,0,79,45,20
44013,44,52,180,385,111,6,17,1,35,20,303,261,97
90013,90,6,34,24,6,0,2,0,8,3,29,18,11
29013,29,2,9,26,15,0,4,3,7,0,13,23,7
22013,22,52,170,277,84,14,18,8,28,9,204,199,89
83013,83,10,40,14,6,1,0,2,0,3,8,28,5
93013,93,120,547,934,327,16,44,11,39,66,1270,486,332
43013,43,7,50,42,6,2,5,0,16,1,37,34,8
64014,64,14,49,86,21,1,10,0,12,6,71,66,30
62014,62,219,1593,862,240,47,60,12,52,43,842,655,240
80014,80,4,2,1,0,2,2,3,0,0,0,5,5
73014,73,2,23,27,6,3,3,0,17,2,22,26,9
57014,57,16,62,47,12,0,2,3,0,2,22,38,12
25014,25,27,92,85,29,5,5,0,0,0,69,92,24
2A014,2A,6,12,12,0,0,4,0,0,0,0,18,0
70014,70,6,56,40,12,0,6,0,12,1,30,37,5
27014,27,25,129,89,20,7,9,0,0,1,75,83,16
02014,02,16,119,59,13,0,9,0,14,1,49,47,20
54014,54,8,36,27,12,1,7,5,0,2,21,16,9
95014,95,40,147,223,60,7,15,2,38,13,214,175,61
16014,16,3,19,20,4,4,0,0,0,0,1,13,2
76014,76,32,176,156,52,2,12,3,0,10,144,126,43
60014,60,10,25,15,5,0,3,4,0,0,3,20,1
81014,81,18,69,77,19,6,9,6,0,3,61,51,18
08014,08,8,24,15,4,3,0,0,0,1,4,12,4
21014,21,4,3,6,0,2,3,1,0,5,2,10,3
65014,65,0,8,1,0,0,3,0,0,1,1,7,0
59014,59,258,1516,1093,298,56,59,24,41,42,1119,919,294
52014,52,5,43,18,2,0,0,1,0,3,10,26,9
01014,01,83,336,309,74,4,8,4,22,20,234,287,72
89014,89,13,84,45,10,0,0,0,14,2,41,57,12
39014,39,10,31,31,3,4,0,0,0,0,15,22,10
51014,51,6,50,39,3,0,1,0,9,0,26,35,7
09014,09,5,26,19,10,3,6,0,0,6,20,18,12
31014,31,5,12,18,0,0,4,2,0,0,2,10,1
07014,07,14,49,34,10,0,0,0,4,7,37,27,13
47014,47,5,21,16,11,0,4,0,2,2,24,17,1
11014,11,27,202,156,48,0,4,6,28,2,155,122,50
30014,30,29,162,107,30,2,3,1,2,10,124,88,24
88014,88,7,24,14,2,0,0,0,9,0,19,11,5
26014,26,14,58,54,9,4,0,0,30,0,46,44,13
40014,40,11,36,37,17,5,0,5,0,0,34,28,17
58014,58,7,7,4,2,0,4,0,0,0,0,10,3
74014,74,56,181,237,51,6,4,6,32,9,151,252,53
34014,34,29,204,153,48,6,6,0,14,4,167,142,52
10014,10,9,26,15,1,0,0,3,0,3,9,18,6
18014,18,9,21,30,1,5,0,2,0,5,10,25,6
24014,24,14,66,73,23,2,5,0,10,2,75,56,23
63014,63,172,732,1088,296,32,51,8,71,48,876,652,280
55014,55,8,63,35,7,5,7,2,11,1,34,34,8
68014,68,17,56,45,9,3,1,0,0,4,15,40,12
32014,32,0,20,17,11,0,0,3,0,0,10,13,3
45014,45,11,63,63,19,0,0,1,11,2,35,57,11
28014,28,14,67,62,12,3,0,3,2,8,40,62,12
61014,61,8,38,33,12,0,0,0,0,5,6,40,6
19014,19,1,23,36,4,5,3,0,8,0,24,17,5
15014,15,430,1873,2702,519,86,111,44,351,62,1574,2416,545
43014,43,1,3,7,0,0,1,2,0,0,6,10,5
71014,71,348,1414,1267,357,43,92,17,63,61,1002,1124,360
86014,86,48,159,213,63,11,16,1,0,12,145,159,54
69014,69,23,76,126,33,0,0,4,15,8,92,124,30
77014,77,323,1208,1210,321,31,50,26,44,60,1083,937,298
03014,03,6,24,23,3,1,0,3,0,0,14,10,1
23014,23,7,10,18,1,0,0,0,0,3,16,5,2
37014,37,77,316,410,105,17,22,4,38,21,307,345,111
35014,35,47,161,315,89,10,7,6,35,0,203,199,81
66014,66,51,420,245,67,5,23,0,28,13,312,246,74
05014,05,10,22,21,8,1,2,0,15,3,25,24,2
83014,83,11,40,17,7,0,0,0,0,0,19,31,0
36014,36,9,28,29,6,2,6,0,0,4,7,25,5
85014,85,38,100,136,24,3,4,0,18,0,91,133,33
41014,41,6,31,27,11,5,0,0,0,1,3,18,4
84014,84,31,175,118,22,2,5,0,21,11,108,118,26
82014,82,6,40,34,10,3,0,0,0,1,23,22,10
42014,42,4,41,32,4,1,2,2,3,4,25,33,9
06014,06,24,124,90,22,3,6,0,0,6,59,137,13
56014,56,35,124,189,45,9,7,0,0,3,108,140,41
13014,13,246,1647,1164,297,34,57,16,59,53,1268,1193,292
87014,87,53,250,373,116,8,27,3,5,8,305,221,106
90014,90,8,58,50,16,1,5,3,11,0,43,40,7
29014,29,8,36,61,17,3,4,0,4,4,44,39,18
92014,92,210,635,2743,581,27,61,27,117,98,1419,2420,613
22014,22,24,83,151,49,0,9,5,0,2,87,97,36
93014,93,211,1008,1763,635,38,62,21,116,105,2430,940,639
14014,14,29,141,165,52,7,17,5,0,3,96,143,49
44014,44,94,266,543,159,8,16,8,33,19,392,371,145
33014,33,26,92,128,40,0,10,1,0,6,102,80,30
79014,79,56,216,323,84,8,19,3,53,6,208,232,78
62015,62,2,35,25,2,3,0,0,19,0,24,19,1
80015,80,0,10,12,1,0,3,0,0,0,1,12,3
57015,57,16,73,57,13,7,1,0,13,0,40,47,8
64015,64,0,20,35,10,5,7,1,0,0,7,24,9
25015,25,20,81,76,18,4,0,4,4,4,66,74,20
70015,70,11,45,31,2,3,1,0,0,0,15,22,9
2B015,2B,0,0,0,0,1,5,0,0,2,0,5,3
02015,02,7,8,5,7,0,4,4,0,0,0,9,0
54015,54,7,36,27,12,2,4,5,0,6,9,15,12
78015,78,239,739,1633,364,21,19,18,125,56,912,1556,396
27015,27,41,171,131,36,4,9,5,6,5,98,105,32
76015,76,12,86,68,19,5,3,0,0,0,59,61,23
16015,16,767,3276,3844,1005,134,223,49,339,122,3058,2630,947
60015,60,27,168,111,18,4,9,1,0,9,77,91,29
14015,14,22,78,110,24,3,3,5,7,0,79,81,27
50015,50,20,68,93,26,3,6,0,3,4,63,74,20
08015,08,3,11,9,7,0,3,0,0,5,0,10,7
21015,21,6,7,7,3,5,4,0,0,0,0,14,1
65015,65,0,9,13,3,0,0,0,14,0,13,3,3
81015,81,2,3,9,3,5,2,3,0,3,0,4,4
52015,52,0,16,7,0,0,3,0,12,0,4,14,6
01015,01,14,68,85,11,5,5,3,0,6,47,78,20
74015,74,35,97,137,25,0,5,0,5,6,79,129,34
17015,17,21,72,84,24,1,3,2,3,6,74,76,28
89015,89,13,75,41,15,0,0,0,13,0,45,48,7
39015,39,2,10,10,2,0,5,4,0,0,9,15,4
51015,51,1,11,10,8,0,0,0,0,0,10,16,1
31015,31,0,4,9,2,5,0,2,0,0,2,2,0
09015,09,18,83,73,32,4,9,6,9,1,105,44,32
59015,59,60,429,314,93,12,7,6,16,16,300,258,79
30015,30,4,27,22,6,0,0,0,0,0,17,20,5
11015,11,9,27,16,10,0,5,0,0,0,18,12,2
07015,07,12,55,46,19,0,5,0,0,5,42,47,12
38015,38,52,194,222,47,3,9,0,13,9,167,151,55
33015,33,38,170,251,74,12,21,1,1,10,180,163,72
40015,40,0,0,12,4,0,5,3,0,0,0,9,5
58015,58,6,21,18,1,5,0,0,0,0,8,9,4
79015,79,6,9,23,8,3,3,2,0,0,4,14,10
34015,34,5,23,21,10,0,1,5,0,0,10,13,1
47015,47,54,228,213,56,8,18,0,23,9,179,194,63
88015,88,4,31,27,11,0,1,1,5,0,13,21,5
26015,26,0,0,6,6,4,4,0,0,0,0,10,3
10015,10,12,39,27,5,1,0,4,13,6,15,28,2
18015,18,143,669,596,155,38,38,11,27,27,509,504,148
63015,63,7,16,31,14,0,5,0,0,1,28,20,14
24015,24,8,25,31,14,0,3,0,7,0,27,25,6
32015,32,7,14,11,1,0,5,0,0,0,6,4,5
55015,55,12,78,56,12,3,7,0,2,0,35,47,11
28015,28,123,557,493,118,10,26,8,54,10,326,488,113
61015,61,7,36,31,11,5,0,2,0,0,23,34,2
12015,12,9,18,32,13,0,2,0,0,1,27,29,11
45015,45,16,77,76,18,0,0,4,2,6,46,69,24
43015,43,0,4,10,0,0,0,2,4,0,12,8,0
71015,71,35,126,108,26,3,11,5,10,4,96,99,27
15015,15,5,18,32,10,4,4,3,0,1,2,31,5
86015,86,27,107,144,34,1,10,4,28,0,120,100,35
49015,49,366,1153,1826,451,57,72,30,86,71,1156,1585,423
19015,19,19,65,105,27,4,5,2,1,5,70,70,23
37015,37,84,289,373,96,15,26,0,11,2,274,333,109
23015,23,12,66,81,29,1,8,0,22,0,72,72,30
77015,77,0,10,8,5,1,1,0,5,0,6,5,6
46015,46,30,122,197,62,1,15,6,20,7,190,131,54
03015,03,11,31,39,10,0,0,0,10,3,37,27,5
35015,35,48,142,317,90,2,15,4,0,5,190,203,106
68015,68,101,387,301,69,4,22,3,20,27,218,342,70
66015,66,26,187,111,26,5,11,6,0,5,116,105,28
83015,83,7,57,36,3,5,0,0,12,4,26,47,9
85015,85,34,137,174,36,9,4,4,17,6,98,188,31
36015,36,0,0,9,7,1,0,2,0,1,0,2,5
84015,84,10,48,28,2,2,0,0,0,2,37,38,7
82015,82,7,23,11,10,2,3,0,0,0,9,12,8
42015,42,38,168,177,37,5,6,4,8,6,137,132,49
06015,06,34,203,145,28,0,1,0,13,6,111,194,22
56015,56,45,159,254,71,16,10,7,6,3,146,195,67
87015,87,21,60,94,19,7,10,0,0,0,51,58,29
44015,44,180,602,1226,352,28,71,10,41,22,853,846,359
90015,90,5,37,28,14,0,5,0,2,5,27,32,11
13015,13,300,2084,1451,360,42,57,24,104,72,1600,1477,341
29015,29,62,211,409,142,1,21,7,14,13,264,245,160
94015,94,281,722,1838,519,42,53,20,143,69,1541,1309,492
22015,22,35,120,205,62,11,7,4,26,0,148,139,59
93015,93,59,267,484,185,17,15,3,46,32,703,245,167
53015,53,49,129,208,39,6,5,0,1,7,117,211,43
73015,73,49,189,186,42,3,13,0,18,12,161,175,55
72015,72,0,7,15,5,0,5,5,0,3,1,20,2
48015,48,4,21,29,8,4,1,0,7,5,30,26,5
62016,62,7,31,19,10,1,4,0,11,0,14,8,0
80016,80,221,1370,1013,209,41,58,19,47,45,799,742,215
64016,64,12,25,58,10,0,7,4,17,1,39,33,12
57016,57,11,60,41,10,5,4,5,0,0,31,33,9
25016,25,2,20,28,2,0,5,5,0,4,15,17,7
70016,70,7,23,21,9,0,0,0,0,0,7,20,2
02016,02,3,33,22,7,0,0,0,14,0,18,18,2
54016,54,7,29,29,6,1,4,1,0,3,27,26,10
91016,91,123,293,454,123,0,14,6,46,20,358,321,114
76016,76,6,16,17,4,0,5,0,0,0,0,16,9
14016,14,16,55,66,21,5,7,2,0,0,19,51,11
16016,16,26,81,108,26,6,4,5,2,0,86,64,29
60016,60,11,49,23,3,5,0,4,0,0,20,27,1
2B016,2B,12,82,60,18,5,5,0,0,5,18,83,5
65016,65,4,11,26,9,0,6,4,0,5,0,12,9
08016,08,8,36,22,2,5,0,0,0,1,11,16,1
50016,50,11,16,25,6,4,4,0,0,0,9,22,9
01016,01,15,47,47,8,4,0,0,2,5,26,42,12
52016,52,5,3,11,0,4,4,1,0,4,0,4,0
21016,21,21,91,109,20,1,3,0,21,0,78,100,23
74016,74,59,177,239,56,3,15,5,0,10,145,251,47
17016,17,19,77,88,25,2,1,0,17,8,66,77,28
81016,81,8,32,30,7,0,0,0,0,4,30,17,9
89016,89,0,16,10,0,4,2,0,0,4,3,4,7
39016,39,26,112,114,28,8,2,0,4,7,101,99,32
59016,59,46,317,210,54,8,8,9,47,14,223,181,62
09016,09,2,23,20,14,3,0,3,7,4,31,11,13
11016,11,3,10,14,8,0,2,1,0,0,0,13,6
30016,30,7,44,23,7,1,1,2,14,0,26,20,2
51016,51,11,33,21,10,4,3,0,0,6,8,31,4
58016,58,2,25,23,6,3,6,1,0,4,10,12,5
33016,33,7,45,60,13,0,7,0,1,5,47,40,14
79016,79,26,54,94,23,7,4,4,12,4,64,66,25
88016,88,10,39,35,9,6,0,0,0,2,16,29,5
40016,40,11,18,35,7,2,6,5,0,5,22,18,10
47016,47,23,155,118,33,8,12,0,26,3,116,101,27
18016,18,15,44,40,15,5,5,0,0,3,21,35,6
26016,26,15,56,40,17,6,0,4,0,2,17,43,16
63016,63,26,83,119,37,4,4,5,11,0,95,81,28
24016,24,20,84,84,27,2,1,0,27,7,85,77,23
34016,34,6,79,63,18,4,11,2,7,5,69,61,17
32016,32,15,73,90,24,0,0,3,15,0,61,69,30
04016,04,0,0,13,6,5,3,0,0,5,0,3,6
45016,45,28,110,108,31,4,10,6,0,2,49,95,31
72016,72,23,133,132,31,6,12,0,33,2,111,199,38
12016,12,22,65,111,19,5,14,0,20,7,88,95,24
43016,43,22,106,103,18,3,9,0,12,5,91,91,19
86016,86,48,192,247,66,9,13,1,4,1,208,180,59
67016,67,19,99,82,14,2,5,1,19,3,60,75,19
15016,15,16,55,85,18,1,4,0,6,6,57,70,19
37016,37,8,40,40,19,4,5,0,2,0,31,37,18
69016,69,8,9,29,5,4,0,4,0,0,4,24,9
71016,71,23,119,97,31,0,2,4,13,5,88,90,28
77016,77,48,157,164,43,0,2,0,0,7,137,109,36
53016,53,31,89,117,30,8,6,0,10,1,73,122,24
46016,46,6,38,56,10,5,3,0,7,4,50,39,9
68016,68,30,124,93,21,7,1,3,12,5,69,100,25
48016,48,13,62,69,15,6,5,3,0,7,51,63,14
23016,23,8,18,13,11,0,1,3,0,0,13,11,7
66016,66,100,699,434,112,5,25,7,39,19,486,400,113
19016,19,5,36,45,6,0,6,0,18,0,32,33,11
03016,03,9,16,17,8,0,0,1,0,2,0,11,9
35016,35,35,129,297,91,6,14,11,4,11,190,183,81
85016,85,70,213,310,59,11,11,0,0,11,146,286,56
82016,82,2,20,11,8,3,0,0,1,4,21,12,2
06016,06,12,92,62,11,6,5,0,0,0,35,99,17
41016,41,29,104,92,25,2,7,0,1,5,75,105,28
90016,90,5,15,13,7,0,6,0,5,2,7,9,4
29016,29,18,68,133,51,7,5,6,0,5,69,77,54
84016,84,106,788,511,106,11,28,9,69,12,505,503,113
36016,36,30,124,108,28,10,9,6,0,5,83,104,29
94016,94,457,1207,2951,824,60,95,30,158,130,2437,2103,837
22016,22,15,49,94,29,0,10,0,0,6,48,63,30
44016,44,22,70,145,37,7,3,0,0,8,83,100,46
13016,13,101,784,577,120,13,17,9,98,14,622,537,137
05016,05,5,23,24,8,0,0,1,8,6,31,30,6
42016,42,9,57,51,9,5,0,0,18,6,46,38,10
83016,83,254,1554,925,156,18,39,9,79,53,744,1239,158
27016,27,204,1019,687,167,38,55,18,53,32,583,663,170
28016,28,7,17,11,9,1,5,1,0,1,4,21,4
87016,87,11,26,48,9,0,6,3,0,0,27,24,14
62017,62,0,24,17,6,0,0,3,7,0,11,13,9
80017,80,7,68,54,6,1,0,0,0,4,42,35,11
64017,64,4,19,40,12,4,3,0,6,0,31,24,14
57017,57,74,322,220,62,10,9,3,26,16,206,183,62
25017,25,5,0,8,7,4,2,3,0,3,0,7,8
70017,70,11,49,20,1,0,0,0,4,6,23,26,1
27017,27,38,180,122,27,8,2,5,20,8,104,117,38
91017,91,55,113,174,42,8,4,3,14,4,155,121,50
76017,76,15,72,68,21,2,2,3,8,6,61,46,13
54017,54,2,11,9,0,3,5,0,0,3,5,9,0
02017,02,9,48,30,8,4,0,1,0,0,19,21,1
60017,60,29,139,85,24,8,8,2,0,6,81,73,26
2A017,2A,16,245,154,25,6,13,9,52,15,116,245,33
08017,08,0,20,8,6,0,4,5,0,3,0,7,8
73017,73,27,121,119,37,8,10,5,0,1,97,125,32
65017,65,2,37,38,10,6,5,0,11,0,46,19,12
52017,52,17,110,55,11,2,6,2,6,0,50,65,7
21017,21,10,59,51,10,5,7,0,4,1,47,50,15
17017,17,14,67,73,19,4,2,6,0,7,45,60,13
89017,89,12,36,22,9,0,0,0,0,3,11,22,10
01017,01,12,51,40,8,5,2,3,10,2,26,36,5
81017,81,2,13,17,5,4,5,0,5,0,18,11,6
39017,39,38,154,126,38,13,12,6,0,9,110,121,24
31017,31,0,5,18,1,0,4,0,7,0,7,10,7
59017,59,517,3027,2177,631,76,116,28,161,92,2213,1801,596
09017,09,0,14,11,6,5,1,0,1,0,19,5,4
30017,30,0,37,17,7,0,6,0,12,0,28,15,5
11017,11,3,22,12,0,0,0,0,0,0,5,8,9
51017,51,6,47,35,10,0,6,1,8,0,22,40,13
38017,38,42,155,184,50,0,4,2,0,10,150,128,45
07017,07,13,78,63,18,3,0,0,27,3,72,57,15
33017,33,7,32,39,13,0,5,0,0,0,33,27,8
26017,26,1,11,5,0,0,2,1,0,0,0,5,3
40017,40,8,29,51,16,3,3,4,1,0,35,37,23
63017,63,6,17,20,9,1,3,3,0,4,1,17,5
18017,18,11,39,30,12,0,2,0,0,6,18,24,9
10017,10,0,20,14,0,3,3,5,0,1,0,15,7
88017,88,8,21,19,7,0,0,0,0,0,3,19,2
34017,34,5,65,42,16,3,0,0,16,0,47,35,12
58017,58,3,32,29,10,5,6,0,0,5,14,20,12
47017,47,9,39,33,12,0,0,0,20,0,35,26,6
32017,32,1,14,19,8,2,4,0,0,5,4,6,6
55017,55,4,22,7,6,0,6,0,8,0,5,9,0
72017,72,8,25,26,4,4,4,0,0,0,18,27,7
45017,45,8,33,43,6,2,2,0,4,3,22,37,7
04017,04,0,13,16,6,2,4,2,0,6,9,7,7
86017,86,25,101,137,38,1,3,0,4,9,119,96,44
12017,12,3,14,32,9,1,2,2,0,2,17,20,8
43017,43,14,31,40,7,0,0,3,0,1,24,25,11
15017,15,7,8,19,0,4,1,5,0,3,0,17,7
67017,67,7,45,39,5,0,2,1,0,0,26,37,11
69017,69,20,58,92,22,2,2,6,0,1,70,91,31
68017,68,29,133,94,17,4,3,6,7,2,59,97,25
71017,71,1,17,14,2,0,6,0,0,5,0,7,5
48017,48,29,101,115,27,8,11,0,25,0,102,131,30
46017,46,0,13,19,8,0,2,4,0,3,8,15,4
49017,49,7,47,59,13,0,4,2,3,5,43,56,21
03017,03,11,20,29,10,1,4,0,0,4,12,21,10
19017,19,1,13,10,8,0,0,0,13,0,6,4,0
23017,23,10,16,26,7,0,7,2,0,1,7,20,11
85017,85,64,204,279,59,8,12,0,14,6,161,287,58
84017,84,70,536,341,80,6,21,7,15,18,320,335,77
83017,83,66,370,219,38,6,8,3,16,9,184,312,50
82017,82,31,185,146,46,0,4,0,16,3,133,123,37
56017,56,56,241,399,112,4,16,6,0,4,233,281,105
41017,41,22,71,64,20,0,5,0,2,4,48,65,18
87017,87,8,33,62,23,0,7,4,0,2,53,32,13
13017,13,35,205,147,33,7,1,0,12,11,189,166,33
90017,90,34,174,144,43,5,9,2,9,13,138,116,40
29017,29,22,53,122,49,2,3,1,2,5,72,75,46
06017,06,2,39,29,11,2,1,2,19,3,21,38,4
94017,94,1150,3047,7582,2098,136,234,69,273,343,6352,5454,2076
35017,35,8,51,85,23,7,3,0,1,3,62,64,29
36017,36,6,57,40,10,0,8,1,0,7,34,41,12
05017,05,67,237,262,61,12,12,6,7,12,246,213,70
66017,66,146,1059,628,184,19,50,10,119,43,729,610,173
42017,42,15,54,59,15,3,6,2,0,7,29,42,11
61017,61,0,4,3,2,4,2,4,0,0,8,5,4
53017,53,25,72,115,33,0,1,6,14,2,71,116,31
62018,62,7,41,26,7,0,2,3,7,1,29,19,3
80018,80,2,39,26,10,0,2,1,8,6,26,16,6
57018,57,9,18,17,2,0,0,0,0,0,14,18,3
64018,64,4,30,62,24,0,9,0,11,2,51,49,15
70018,70,8,77,51,7,0,5,0,0,4,32,40,11
02018,02,69,393,195,52,12,6,3,21,7,192,201,46
54018,54,5,33,34,5,0,0,0,2,2,33,22,12
25018,25,20,83,74,24,6,3,0,0,7,57,66,17
27018,27,28,156,99,26,9,8,1,0,5,70,100,22
2A018,2A,3,26,18,3,0,6,0,1,5,15,22,0
73018,73,23,79,87,23,0,7,5,11,7,69,89,16
65018,65,4,13,9,4,3,0,4,0,1,6,8,5
21018,21,2,8,6,0,0,3,0,0,2,3,1,0
08018,08,5,12,5,0,2,5,1,0,4,4,12,0
17018,17,24,86,111,26,0,7,4,0,2,78,96,26
74018,74,55,163,203,35,8,10,5,25,3,133,238,40
95018,95,1508,5582,8253,2259,176,310,115,386,442,7598,5940,2188
89018,89,23,91,66,16,0,7,0,0,4,43,71,15
31018,31,7,17,28,11,0,0,1,3,5,33,18,6
59018,59,33,203,149,48,5,2,0,15,8,152,129,44
39018,39,13,60,43,16,0,1,0,4,0,51,36,15
09018,09,0,2,14,9,5,6,5,0,0,0,5,9
16018,16,22,79,84,19,8,2,1,13,2,63,59,18
81018,81,66,258,266,87,1,10,5,56,13,249,200,83
11018,11,28,174,113,39,2,4,5,0,1,126,85,42
30018,30,10,67,50,17,0,0,2,7,6,51,45,9
07018,07,2,8,9,6,0,0,0,0,2,12,5,0
51018,51,13,86,76,13,0,2,1,18,0,49,78,12
38018,38,9,42,50,7,0,4,0,0,0,40,29,15
79018,79,5,13,25,2,0,0,0,19,2,14,20,8
40018,40,9,38,39,10,4,0,0,5,6,37,36,14
26018,26,3,0,1,3,5,0,3,0,4,0,5,0
24018,24,14,39,52,8,0,3,0,19,0,51,35,10
47018,47,6,19,20,6,3,0,0,0,3,2,19,0
32018,32,4,16,22,10,2,0,5,5,0,15,11,8
58018,58,3,1,10,0,3,4,0,0,0,0,4,0
28018,28,51,175,148,41,9,4,5,13,7,91,151,37
34018,34,22,130,104,24,7,4,0,3,0,116,77,22
55018,55,6,0,3,0,4,2,0,0,1,0,8,3
10018,10,31,141,88,18,1,2,0,0,1,43,105,21
45018,45,28,95,98,21,7,9,1,15,0,68,86,20
61018,61,0,6,6,3,4,1,1,0,4,2,10,6
72018,72,0,11,11,4,5,0,0,0,0,8,8,6
18018,18,46,204,198,51,15,5,0,44,3,167,165,40
77018,77,181,679,687,168,9,42,10,21,38,542,523,163
43018,43,39,135,144,26,7,8,5,0,4,105,114,34
12018,12,8,17,30,5,5,1,0,0,1,29,30,5
67018,67,26,82,74,14,5,8,4,25,0,52,76,20
37018,37,200,772,972,269,23,51,5,133,19,776,837,262
53018,53,29,111,167,35,11,5,1,0,3,76,173,28
68018,68,32,110,78,20,2,4,0,29,8,63,88,20
04018,04,25,113,103,31,1,10,6,0,9,107,95,19
71018,71,20,51,47,19,5,3,4,2,0,42,39,14
48018,48,16,64,77,19,4,9,3,10,0,62,85,26
15018,15,4,15,16,6,0,0,5,0,0,11,13,2
86018,86,3,30,35,11,6,3,0,18,0,34,27,12
19018,19,7,10,29,5,0,5,0,4,6,14,14,4
49018,49,298,915,1430,337,49,78,24,100,30,869,1282,323
03018,03,10,68,69,21,0,0,0,10,7,55,62,19
23018,23,12,23,35,7,4,7,5,0,2,13,20,13
69018,69,35,129,214,50,2,7,6,14,18,143,167,52
85018,85,141,412,580,102,25,28,8,0,17,311,562,112
83018,83,89,534,318,53,9,12,0,38,6,256,433,53
42018,42,16,46,50,16,0,0,0,1,5,46,31,8
56018,56,18,87,123,29,8,8,0,18,3,76,86,32
06018,06,196,1251,872,199,9,25,23,26,47,639,1264,184
82018,82,30,166,121,33,5,6,0,2,9,122,105,30
84018,84,8,88,46,12,4,8,1,7,1,56,49,7
41018,41,1074,4596,3809,1028,144,202,88,204,146,2829,3981,1018
87018,87,19,56,89,27,2,2,1,16,3,76,51,27
44018,44,166,518,1087,306,27,42,6,44,34,787,736,284
90018,90,9,56,47,9,2,0,0,5,3,40,28,6
29018,29,10,25,66,27,0,0,0,0,2,45,40,19
22018,22,10,29,40,8,0,6,1,0,0,25,33,9
13018,13,93,570,431,91,0,7,5,26,14,497,430,106
94018,94,521,1447,3413,969,66,131,50,169,147,2843,2522,934
66018,66,3,10,3,4,4,0,3,0,4,0,7,0
35018,35,30,81,159,52,0,3,0,0,6,91,107,53
05018,05,12,33,42,13,0,0,0,0,7,33,34,11
46018,46,2,17,20,3,5,1,4,0,5,1,19,5
36018,36,162,722,594,179,42,43,22,28,19,497,588,188
76018,76,34,147,141,34,2,4,0,9,9,134,105,41
33018,33,76,258,418,122,5,15,6,0,13,315,283,112
62019,62,80,644,342,98,33,26,10,21,16,317,247,91
80019,80,20,141,87,15,1,2,3,13,8,75,72,13
57019,57,307,1518,1099,258,48,72,22,113,54,897,913,295
64019,64,0,17,32,11,0,0,5,0,0,20,22,8
70019,70,5,23,18,6,3,6,0,0,2,8,23,3
76019,76,15,47,48,7,0,0,2,0,4,45,35,18
02019,02,5,57,37,13,3,6,0,0,0,21,36,13
54019,54,0,8,13,0,4,0,0,0,0,4,8,6
60019,60,11,70,49,7,3,7,2,0,0,25,46,15
25019,25,6,41,42,17,0,0,1,7,6,33,43,17
2A019,2A,6,12,12,2,2,0,0,0,0,0,20,6
65019,65,6,44,70,13,4,0,0,24,0,62,34,25
14019,14,2,20,28,4,0,3,2,9,0,29,31,10
73019,73,24,96,103,27,1,2,5,13,6,78,86,31
74019,74,82,263,322,68,2,14,0,31,11,201,309,63
27019,27,8,25,13,0,0,0,0,6,0,13,13,4
01019,01,6,0,5,0,0,3,3,0,5,0,9,0
52019,52,9,15,15,3,0,4,0,0,0,0,11,8
95019,95,219,822,1220,341,18,44,8,85,58,1112,901,336
17019,17,39,157,164,51,8,4,3,22,6,130,151,45
39019,39,11,27,29,8,0,0,0,1,0,31,19,2
89019,89,5,30,13,7,0,0,0,7,0,19,16,0
09019,09,10,57,62,17,7,4,0,3,4,66,35,24
31019,31,6,0,10,1,0,0,0,0,3,0,0,1
59019,59,25,116,89,18,1,9,0,11,5,87,73,22
16019,16,29,123,157,35,3,11,2,17,2,135,99,39
81019,81,5,13,15,5,0,5,0,11,0,13,11,11
30019,30,55,415,271,70,8,13,0,8,12,285,252,72
07019,07,254,1146,1046,287,36,71,21,79,50,1042,857,330
38019,38,35,170,186,53,9,5,0,0,9,143,126,53
79019,79,6,8,23,7,6,3,5,0,0,1,15,10
51019,51,4,38,24,8,2,6,4,0,0,9,24,3
50019,50,8,40,49,16,0,6,5,0,0,31,51,12
33019,33,139,709,1041,291,25,68,12,89,22,896,674,292
63019,63,75,320,469,121,11,24,11,91,7,372,285,119
11019,11,6,0,10,6,0,0,2,0,3,0,5,6
40019,40,30,93,131,47,6,12,0,30,1,121,93,43
26019,26,10,34,28,6,5,0,0,0,0,13,23,11
32019,32,14,47,68,16,3,8,0,18,0,49,49,25
88019,88,11,23,22,6,0,4,3,0,0,4,12,8
72019,72,5,41,30,11,0,0,0,3,5,32,46,12
58019,58,3,7,10,0,2,0,1,0,1,4,11,1
34019,34,4,51,33,10,4,0,1,4,6,37,39,8
24019,24,5,36,39,14,0,5,4,4,7,46,39,13
18019,18,14,55,42,14,0,3,4,0,6,30,44,6
45019,45,16,72,72,16,0,5,0,21,2,63,73,21
28019,28,9,20,23,10,1,0,0,3,0,14,18,8
47019,47,27,109,107,28,0,7,1,4,0,90,92,32
12019,12,0,7,14,5,4,0,0,7,0,10,8,0
67019,67,37,153,121,28,9,2,3,7,7,83,132,32
77019,77,7,36,47,13,3,0,4,0,5,30,30,11
68019,68,21,64,50,17,3,7,3,0,7,18,57,17
53019,53,6,8,16,5,2,0,4,6,2,5,16,0
04019,04,60,272,229,57,5,14,4,54,12,246,195,53
43019,43,1,9,11,8,0,3,0,4,0,13,6,3
71019,71,2,27,23,8,0,0,1,0,2,11,16,6
48019,48,1,28,36,13,5,4,0,1,0,30,29,3
37019,37,9,35,60,20,0,2,0,10,1,38,39,19
15019,15,8,18,29,12,5,6,3,0,0,16,29,11
35019,35,37,109,235,74,12,19,0,0,15,137,165,73
19019,19,25,104,161,35,0,17,0,20,5,130,94,28
03019,03,37,168,197,42,9,5,0,39,8,149,143,48
86019,86,65,266,317,104,2,34,11,13,5,261,242,101
23019,23,0,0,7,5,2,4,0,0,0,0,0,3
85019,85,162,521,762,148,18,32,16,63,32,421,706,136
69019,69,218,753,1259,317,25,47,15,108,49,938,1078,303
56019,56,5,41,57,14,6,0,0,4,0,38,36,9
06019,06,44,259,179,36,6,7,8,18,15,137,252,31
41019,41,1,17,13,1,0,0,0,0,5,6,8,0
87019,87,71,285,436,115,6,15,6,54,8,347,244,108
84019,84,287,1988,1239,305,27,64,32,84,45,1224,1257,298
36019,36,13,37,26,7,0,3,1,8,0,24,33,4
83019,83,219,1378,819,144,19,29,2,66,42,686,1131,166
82019,82,15,97,75,14,6,3,0,16,8,56,55,15
44019,44,20,65,148,44,8,7,0,0,8,98,107,39
42019,42,68,335,315,78,18,16,6,25,5,257,254,75
29019,29,2000,7041,14832,5456,362,787,150,796,375,9569,9155,5530
90019,90,5,30,24,8,0,6,0,0,7,15,27,10
22019,22,13,34,52,14,0,6,0,0,6,44,36,15
66019,66,0,34,26,10,0,0,0,11,0,24,20,2
13019,13,204,1474,1034,249,17,52,28,75,45,1134,1062,268
94019,94,291,739,1886,511,16,45,26,66,59,1534,1324,508
92019,92,328,966,3955,898,48,95,65,171,103,2132,3556,912
05019,05,11,23,22,5,6,0,0,0,5,21,16,7
08019,08,0,5,8,6,1,0,5,0,2,0,0,0
10019,10,11,51,39,4,3,0,0,8,0,30,41,8
62020,62,20,99,55,18,0,0,0,0,0,50,45,15
80020,80,19,112,81,21,0,0,0,0,6,64,57,13
57020,57,12,37,24,8,0,1,0,2,1,21,25,7
70020,70,10,33,18,8,0,3,3,0,3,10,21,2
76020,76,29,155,140,38,5,12,6,8,1,122,102,38
54020,54,13,53,44,9,0,6,0,1,0,44,39,15
60020,60,5,37,19,8,0,0,4,0,5,17,18,7
02020,02,12,84,43,10,2,0,0,1,7,35,31,14
25020,25,24,101,83,19,0,5,0,25,2,65,89,21
65020,65,11,30,30,12,6,2,2,0,4,22,17,4
21020,21,11,31,30,8,0,6,0,0,0,15,26,3
2B020,2B,6,85,60,13,2,0,1,14,0,44,71,10
14020,14,85,346,450,125,15,22,5,25,11,283,354,114
73020,73,8,55,64,18,5,5,0,0,3,26,59,16
74020,74,36,136,153,32,2,10,4,21,8,107,160,41
27020,27,45,225,151,43,3,5,6,22,14,111,143,45
78020,78,13,50,124,21,0,1,3,3,3,66,110,28
39020,39,8,16,12,3,0,0,0,0,0,5,10,2
17020,17,14,41,48,6,2,0,0,0,0,23,38,11
09020,09,2,9,2,0,0,0,0,7,0,3,9,1
89020,89,8,23,18,5,1,0,2,0,0,0,16,0
31020,31,16,86,128,38,4,8,1,16,8,117,85,34
16020,16,6,20,29,9,0,5,0,0,0,0,20,9
07020,07,16,48,45,13,2,0,0,0,4,50,46,13
51020,51,0,12,0,0,0,0,0,0,3,0,10,0
30020,30,50,346,220,51,7,16,3,6,18,262,192,60
79020,79,20,69,96,32,0,9,0,6,7,77,70,20
11020,11,0,0,5,0,0,5,2,0,0,0,0,4
40020,40,18,63,75,35,7,0,0,19,1,61,65,23
33020,33,4,9,14,1,1,5,0,0,5,13,15,6
38020,38,7,31,43,10,3,0,1,0,1,27,27,10
63020,63,6,30,47,12,1,0,4,7,4,43,35,8
81020,81,7,26,36,13,0,7,0,0,6,13,26,12
88020,88,2,25,19,7,4,0,0,0,0,16,8,2
32020,32,7,22,30,13,0,5,1,0,1,15,20,9
10020,10,15,82,50,10,6,7,0,0,0,25,51,11
72020,72,19,65,63,11,0,6,0,3,6,60,102,11
61020,61,6,27,19,3,1,2,0,4,1,20,26,9
58020,58,4,25,27,5,5,7,3,4,0,23,23,8
34020,34,5,60,47,19,5,7,0,0,2,49,35,9
47020,47,2,25,18,2,3,5,0,0,0,20,12,8
18020,18,18,92,84,16,0,10,0,14,0,84,74,21
77020,77,17,56,60,14,4,0,1,11,4,54,40,14
68020,68,49,210,156,34,7,8,0,16,13,100,158,31
67020,67,32,103,97,28,8,4,1,0,9,37,94,26
04020,04,0,17,19,8,0,3,0,0,4,20,9,0
71020,71,0,9,14,0,0,0,0,12,0,12,5,2
43020,43,129,488,496,130,21,25,14,52,13,407,388,118
48020,48,0,7,8,0,5,2,0,0,0,2,2,7
49020,49,167,486,732,190,22,32,9,24,14,430,654,187
15020,15,0,6,18,3,1,0,4,1,0,14,7,3
37020,37,40,156,213,63,8,15,0,14,7,157,187,60
19020,19,0,7,16,4,0,6,0,14,0,12,12,2
03020,03,10,28,40,13,6,0,3,0,0,17,31,9
46020,46,11,22,31,6,0,3,0,13,0,28,22,10
86020,86,9,28,34,10,1,0,0,0,0,26,15,5
23020,23,14,39,39,20,5,0,4,0,1,23,32,12
69020,69,13,45,86,22,1,4,5,13,2,65,69,18
85020,85,106,370,505,90,28,28,15,10,12,244,496,112
56020,56,18,59,103,24,7,9,2,2,7,64,84,31
42020,42,33,143,136,32,6,1,0,7,2,119,116,32
66020,66,19,138,82,25,5,4,2,27,0,98,78,21
87020,87,40,141,217,60,9,14,0,17,4,192,126,55
36020,36,0,8,13,2,0,6,1,0,0,0,9,2
41020,41,13,65,58,13,0,5,1,0,0,42,50,8
84020,84,32,187,112,26,2,1,12,21,4,114,113,26
44020,44,402,1229,2502,703,46,101,15,140,59,1878,1755,737
82020,82,16,89,63,14,0,7,1,9,6,68,57,14
29020,29,107,339,692,244,8,46,6,89,7,481,423,258
22020,22,59,205,351,106,15,16,10,3,10,215,228,107
90020,90,9,38,29,11,3,1,0,11,2,35,31,5
13020,13,50,336,232,56,4,5,5,6,10,249,250,64
92020,92,356,1020,4345,962,93,77,67,115,140,2281,3885,955
24020,24,17,93,90,30,7,6,4,0,8,84,79,27
06020,06,14,112,79,9,0,0,0,0,9,61,102,9
26020,26,2,30,26,9,0,0,5,0,3,25,23,12
45020,45,32,114,114,25,4,2,0,10,0,70,89,27
83020,83,5,0,8,3,0,0,5,0,4,0,0,1
08020,08,0,15,6,5,0,0,0,0,3,2,2,3
62021,62,8,71,35,5,0,5,0,0,6,34,34,9
80021,80,2192,13999,10101,2028,494,551,112,607,358,8368,7516,2030
57021,57,42,210,150,45,2,15,6,7,15,117,126,49
64021,64,15,46,90,25,7,7,4,13,2,62,69,29
70021,70,2,30,17,2,3,0,0,20,1,11,19,2
76021,76,5,58,49,7,6,5,0,5,0,48,32,12
60021,60,13,79,50,10,6,4,0,2,2,52,43,17
25021,25,46,183,169,44,9,6,0,18,3,129,151,42
21021,21,69,316,300,76,15,6,0,24,4,222,302,74
02021,02,6,15,12,5,0,0,0,0,1,1,12,1
65021,65,8,39,53,17,4,5,0,27,0,48,27,16
2A021,2A,3,16,18,7,0,0,3,0,6,2,21,2
54021,54,9,28,25,6,2,0,0,0,0,14,23,1
08021,08,10,34,10,1,0,3,0,0,0,12,13,7
91021,91,279,586,985,236,14,28,7,93,52,783,644,246
14021,14,11,71,87,23,8,4,0,0,7,30,69,28
01021,01,33,149,137,31,5,6,6,41,6,91,126,26
74021,74,44,141,170,41,2,5,0,2,7,118,175,38
09021,09,0,14,18,10,0,2,5,0,4,0,9,3
17021,17,115,391,447,122,10,20,4,54,8,350,386,108
73021,73,17,84,86,26,7,9,5,0,4,72,90,26
27021,27,10,43,31,13,4,7,2,0,4,26,26,4
31021,31,8,9,17,10,0,2,0,0,1,15,15,7
89021,89,14,50,31,9,0,4,0,10,7,31,37,4
59021,59,42,225,146,43,4,4,1,21,9,156,120,48
52021,52,10,52,26,4,0,7,0,0,0,18,23,4
30021,30,6,64,36,13,0,4,4,0,2,45,28,5
50021,50,0,9,12,2,0,0,0,0,4,5,5,0
33021,33,26,95,123,44,1,6,1,16,7,102,91,33
81021,81,131,592,579,182,18,23,13,90,22,535,460,167
63021,63,16,64,83,29,2,1,0,0,6,78,54,29
26021,26,1,24,19,3,0,3,1,0,5,9,19,2
88021,88,10,43,27,3,0,7,0,0,6,5,28,4
10021,10,2,24,11,0,0,2,2,0,5,7,18,7
32021,32,6,4,11,0,3,0,0,0,0,2,6,8
55021,55,0,10,12,0,1,3,4,0,4,9,3,0
72021,72,7,50,45,16,0,7,2,7,7,53,67,12
61021,61,1,16,10,2,0,1,2,0,1,6,7,8
11021,11,13,81,52,16,0,5,0,0,2,51,35,23
40021,40,27,85,108,37,3,4,1,20,9,90,83,38
58021,58,5,24,22,7,1,3,0,9,0,17,19,3
34021,34,7,45,35,6,6,0,5,0,2,10,30,10
24021,24,11,50,49,12,1,5,0,4,2,49,33,9
28021,28,48,190,154,32,9,3,6,0,6,114,162,33
18021,18,3,33,28,5,5,0,0,15,5,20,20,4
47021,47,29,167,135,36,7,11,0,31,5,140,126,41
77021,77,10,21,18,3,4,2,0,0,2,0,17,9
71021,71,9,30,27,5,1,2,0,18,2,24,23,13
67021,67,201,743,687,158,21,36,10,29,36,433,635,164
04021,04,4,14,10,8,4,0,5,6,5,12,9,3
68021,68,122,463,351,83,14,17,11,4,28,211,396,74
45021,45,12,34,36,14,3,6,0,0,2,1,38,11
35021,35,22,81,196,55,5,9,4,0,1,118,109,60
49021,49,181,532,838,218,34,35,10,45,26,529,777,190
43021,43,36,112,127,30,1,10,5,2,6,88,95,30
37021,37,35,134,178,56,9,4,0,12,10,153,151,50
19021,19,0,8,21,3,0,5,0,1,0,7,7,8
69021,69,46,167,267,67,2,6,6,27,8,200,221,64
15021,15,9,55,85,21,2,6,2,3,7,49,78,22
42021,42,30,150,133,28,0,5,0,21,1,106,100,44
66021,66,131,1166,666,177,24,32,21,49,37,769,655,176
06021,06,20,131,79,12,2,1,9,29,1,68,122,10
87021,87,59,223,342,105,13,18,4,25,11,288,213,93
82021,82,6,21,26,6,5,5,4,0,2,0,25,11
56021,56,38,113,177,43,1,8,0,30,10,109,152,45
84021,84,4,17,9,0,0,0,0,0,4,6,9,6
83021,83,73,427,236,41,7,15,6,0,4,194,337,45
22021,22,26,91,151,47,8,6,2,11,0,106,96,39
03021,03,11,22,25,4,3,2,0,14,0,19,18,4
46021,46,21,57,104,34,3,10,2,8,6,91,67,25
23021,23,18,61,71,20,0,0,0,10,8,74,60,24
13021,13,116,921,652,136,12,17,11,94,30,735,657,156
90021,90,7,49,39,14,0,5,0,0,0,25,32,14
94021,94,300,824,1935,522,26,71,21,23,98,1570,1378,518
39021,39,12,85,62,21,0,7,6,0,0,64,65,14
48021,48,5,20,16,5,0,0,0,16,3,21,16,2
53021,53,32,85,131,29,9,2,6,11,0,74,129,25
85021,85,45,146,231,43,11,5,6,7,1,119,208,48
12021,12,35,142,225,44,14,9,0,63,12,165,178,48
05021,05,1,11,22,9,5,0,0,0,0,14,19,6
36021,36,22,99,93,27,3,2,6,2,7,82,89,29
29021,29,53,164,335,127,2,14,2,6,11,229,208,120
44021,44,105,301,654,187,13,30,3,58,21,472,446,180
62022,62,4,58,34,4,2,0,0,15,3,29,25,6
80022,80,0,29,25,8,0,0,0,6,5,20,20,5
64022,64,0,8,19,3,0,0,2,5,5,9,13,10
57022,57,40,184,136,29,10,10,0,0,9,85,111,27
70022,70,5,11,16,0,3,6,0,0,1,0,13,5
76022,76,11,42,40,10,4,2,0,0,0,37,36,10
60022,60,23,116,68,23,7,7,3,0,5,47,63,20
25022,25,43,179,161,38,4,9,6,0,3,121,163,43
65022,65,0,11,22,10,0,4,3,0,1,7,14,2
02022,02,13,73,34,8,5,0,4,0,6,26,38,5
21022,21,11,53,61,9,0,3,0,14,4,43,60,18
54022,54,19,83,67,20,2,9,6,0,0,43,52,14
91022,91,6,7,17,9,0,3,0,0,3,10,17,0
08022,08,6,57,32,3,0,4,4,0,5,15,32,10
2A022,2A,2,10,8,0,1,0,4,0,0,8,19,6
01022,01,38,127,108,24,6,0,5,16,4,79,117,27
09022,09,7,20,19,7,0,4,0,22,1,27,13,7
39022,39,23,89,72,22,0,8,4,0,3,54,59,21
14022,14,12,64,82,17,6,5,0,27,0,57,59,22
17022,17,22,113,122,35,3,3,2,11,7,110,108,26
89022,89,2,24,17,0,0,0,1,7,0,15,14,1
59022,59,55,302,222,69,4,9,3,38,5,243,180,55
73022,73,15,64,66,16,4,3,0,22,1,56,55,16
52022,52,12,31,15,7,0,3,5,0,3,18,22,0
31022,31,153,616,981,317,24,20,22,62,23,861,594,315
30022,30,2,40,16,9,1,4,2,0,6,18,20,2
51022,51,5,17,18,0,1,0,4,0,6,3,19,5
50022,50,7,16,9,1,0,6,0,0,0,3,10,9
88022,88,5,40,33,3,2,4,1,0,0,19,28,7
63022,63,45,187,293,79,8,19,5,43,12,238,176,76
79022,79,0,12,26,11,3,0,0,1,4,22,23,6
33022,33,62,213,336,83,7,15,4,32,8,275,218,82
55022,55,3,5,15,3,0,6,5,0,0,0,12,6
10022,10,8,29,24,5,0,0,0,5,0,9,29,2
32022,32,7,12,23,1,4,2,0,0,3,11,11,9
11022,11,19,171,121,38,5,6,0,1,10,131,84,41
24022,24,7,26,28,3,0,6,0,0,4,13,22,3
40022,40,8,39,50,18,0,0,4,0,4,32,39,18
34022,34,129,828,650,193,26,25,8,44,43,679,553,189
28022,28,32,161,121,38,5,2,1,0,3,94,140,35
07022,07,22,120,106,26,0,3,4,0,10,106,80,35
26022,26,0,16,9,7,0,3,3,4,2,7,8,0
81022,81,10,29,25,2,4,3,0,0,0,20,23,3
77022,77,46,187,181,43,6,8,6,37,9,178,142,43
18022,18,13,48,36,13,2,5,4,0,5,22,34,6
04022,04,7,57,46,14,1,7,1,7,0,50,38,10
67022,67,5,34,36,6,0,2,4,0,5,17,26,6
45022,45,13,41,43,10,6,0,3,0,3,25,31,7
68022,68,55,207,148,32,5,13,3,0,18,107,177,41
71022,71,24,76,81,22,4,5,3,0,0,53,60,18
47022,47,7,60,61,15,0,4,3,11,0,49,44,21
49022,49,41,104,162,47,5,13,4,25,5,105,148,40
43022,43,5,33,40,8,4,0,2,0,1,35,32,7
37022,37,75,265,343,107,13,12,0,31,9,280,283,100
03022,03,20,118,118,30,0,10,1,0,1,96,100,25
19022,19,9,27,36,6,5,7,0,0,3,23,22,9
86022,86,1,17,33,11,6,0,4,0,6,19,20,5
69022,69,9,48,65,20,6,3,5,0,1,44,63,11
15022,15,7,22,27,2,6,6,0,0,2,4,30,8
42022,42,115,493,462,115,12,24,6,1,18,388,361,124
36022,36,12,46,39,15,0,2,0,8,2,39,41,9
41022,41,3,16,22,4,0,3,4,4,0,13,15,2
66022,66,6,4,8,2,0,0,0,4,1,5,2,0
82022,82,6,44,42,8,5,5,1,0,7,35,28,5
44022,44,54,181,369,90,6,14,6,32,14,279,246,97
06022,06,14,81,46,14,2,0,0,0,1,36,69,15
56022,56,26,103,163,40,2,10,5,6,7,106,128,38
83022,83,0,11,0,0,0,5,2,0,0,2,0,0
87022,87,8,14,15,2,1,3,4,0,4,0,16,9
05022,05,5,25,31,2,0,0,0,0,5,19,24,12
84022,84,4,48,24,11,0,4,4,0,5,5,32,10
35022,35,14,43,87,21,4,6,0,13,2,60,58,28
46022,46,3,16,24,11,0,1,2,2,3,31,14,11
23022,23,6,32,39,13,6,5,0,3,6,36,38,16
29022,29,67,205,444,159,16,16,7,16,13,258,253,166
13022,13,175,1165,841,191,16,44,11,40,36,899,860,187
92022,92,211,647,2682,602,41,44,24,121,87,1505,2444,577
94022,94,531,1494,3702,1033,59,106,37,197,130,3051,2604,993
90022,90,62,373,260,71,12,24,4,10,17,245,236,74
12022,12,6,9,16,0,3,3,2,2,0,11,14,2
53022,53,7,32,57,14,4,0,0,3,6,37,62,10
72022,72,22,118,106,30,2,8,2,0,5,83,140,34
85022,85,35,122,182,29,1,9,1,32,5,103,162,34
27022,27,136,741,500,129,31,25,15,32,18,383,478,140
38022,38,205,807,893,238,26,30,1,108,28,767,623,234
62023,62,76,518,261,86,24,12,4,41,15,279,207,77
80023,80,3,34,30,8,1,0,0,2,3,20,14,8
64023,64,19,65,139,38,0,11,0,42,7,97,92,35
70023,70,9,25,15,9,0,0,3,0,6,2,17,4
76023,76,4,31,20,12,0,2,0,3,2,30,21,2
65023,65,0,1,5,0,0,0,3,0,2,4,0,1
60023,60,15,91,57,10,4,5,3,9,7,56,49,9
02023,02,0,29,7,3,5,4,1,0,0,1,11,5
21023,21,28,133,145,39,4,8,0,0,7,106,130,36
54023,54,3,25,21,10,2,3,1,0,4,20,21,5
95023,95,19,59,81,21,0,0,0,0,8,52,60,23
08023,08,0,8,4,2,0,2,4,1,0,2,10,5
2B023,2B,3,35,26,5,0,3,4,0,0,11,27,9
09023,09,8,5,20,4,0,7,2,0,4,0,11,10
14023,14,6,0,10,0,4,0,0,0,4,0,11,1
01023,01,0,7,9,4,5,1,0,0,4,4,2,0
59023,59,12,80,56,21,0,0,0,5,0,53,47,9
52023,52,10,24,13,5,4,2,1,0,0,10,23,3
89023,89,37,143,90,19,9,8,0,0,0,74,103,25
17023,17,14,45,49,15,5,0,0,0,1,26,34,15
30023,30,19,144,92,22,0,2,0,0,9,89,85,27
27023,27,24,104,69,23,5,5,1,0,6,37,63,23
51023,51,4,38,31,2,0,2,0,10,0,26,33,9
31023,31,6,30,47,21,2,0,0,2,5,44,24,12
16023,16,13,72,80,14,1,2,0,0,0,66,58,14
73023,73,18,86,99,26,7,5,0,0,0,65,85,24
50023,50,19,70,80,16,0,8,3,8,0,55,67,16
63023,63,8,32,49,19,4,0,0,10,4,39,29,20
32023,32,7,3,8,1,0,0,0,8,0,9,3,4
38023,38,6,22,32,10,0,5,0,7,0,20,21,12
88023,88,7,14,9,3,0,0,0,0,0,8,7,0
55023,55,1,16,16,0,1,0,3,0,5,0,12,3
79023,79,3,4,8,0,2,5,0,0,4,0,9,0
10023,10,11,29,24,5,0,2,1,0,0,3,23,1
33023,33,27,105,166,46,5,9,6,4,0,121,107,47
11023,11,7,92,57,24,6,4,4,0,6,58,53,26
40023,40,13,36,42,10,2,6,0,11,0,30,32,13
28023,28,47,176,146,40,7,11,6,5,2,108,150,32
61023,61,17,74,68,19,5,0,4,0,5,48,72,17
34023,34,157,999,793,235,28,33,9,48,29,861,715,228
07023,07,6,45,35,10,0,8,5,0,7,44,32,16
72023,72,39,193,190,56,1,4,10,16,3,156,262,58
24023,24,5,45,48,11,0,0,0,0,2,39,38,16
26023,26,22,96,92,20,7,3,0,16,6,82,76,23
77023,77,9,31,38,7,1,2,5,0,5,21,25,11
81023,81,4,22,29,9,0,0,0,1,4,26,20,13
45023,45,0,19,18,3,0,0,0,0,1,9,7,4
67023,67,33,114,105,22,3,1,6,4,5,75,107,22
71023,71,31,109,99,22,0,4,1,17,3,82,91,27
18023,18,38,186,162,46,4,12,8,35,7,131,140,46
04023,04,5,23,29,1,3,0,0,0,5,27,28,2
58023,58,3,25,28,6,3,4,0,0,3,20,17,5
47023,47,7,46,27,10,2,0,1,10,3,25,22,10
37023,37,3,29,26,13,4,3,4,0,0,24,28,5
43023,43,4,37,33,5,5,0,0,7,0,27,25,12
49023,49,590,1870,2898,691,91,119,43,153,87,1708,2594,706
68023,68,29,129,85,23,1,7,5,0,11,53,96,24
46023,46,9,44,65,16,0,0,3,0,0,46,46,23
03023,03,218,887,937,208,26,51,14,54,39,739,715,210
86023,86,5,29,29,9,0,1,0,16,0,24,27,7
85023,85,10,48,58,13,1,1,0,0,0,29,62,9
19023,19,29,101,161,34,5,15,1,37,0,120,107,46
69023,69,27,120,190,51,1,8,1,6,4,126,155,42
23023,23,3,12,13,5,0,4,5,0,3,5,13,4
36023,36,8,24,21,2,0,7,1,22,1,20,20,3
66023,66,17,127,75,26,1,10,0,3,6,82,75,28
42023,42,97,355,343,90,11,16,5,14,9,283,246,79
82023,82,16,114,88,23,0,6,5,6,8,71,72,23
44023,44,52,168,380,107,15,15,11,3,14,267,259,113
56023,56,159,589,950,256,30,47,5,79,20,604,734,254
06023,06,63,340,245,41,4,8,5,35,16,161,356,38
05023,05,294,1107,1121,319,27,60,25,131,48,1104,1030,311
83023,83,366,2334,1420,267,37,60,26,51,88,1141,1997,276
22023,22,5,29,53,16,6,6,2,0,0,40,36,18
84023,84,0,20,14,3,0,0,2,1,1,10,13,4
35023,35,88,262,584,159,21,27,13,54,4,354,369,159
29023,29,55,253,529,190,13,19,3,22,10,355,313,196
13023,13,105,694,518,122,11,15,2,41,16,542,525,126
90023,90,20,127,97,31,6,11,1,11,8,88,86,35
92023,92,607,1691,7263,1606,76,143,62,297,253,3862,6493,1595
12023,12,0,6,22,3,0,3,0,9,0,14,9,7
53023,53,19,33,54,14,4,1,3,9,2,32,59,8
87023,87,3,13,20,2,4,5,0,11,1,16,9,3
62024,62,18,133,75,17,2,0,3,23,3,80,54,25
64024,64,749,2690,5095,1469,106,301,52,1394,169,3814,3520,1474
57024,57,5,21,15,4,0,0,3,0,0,17,20,4
70024,70,8,68,37,15,7,3,3,3,1,32,45,10
76024,76,2,24,24,1,0,0,1,0,0,18,21,7
65024,65,1,7,14,4,5,0,1,13,0,11,14,1
80024,80,12,93,60,9,1,8,6,0,0,50,40,19
21024,21,0,15,11,4,0,0,0,14,0,9,11,7
02024,02,2,8,7,0,0,5,3,0,3,0,1,0
54024,54,5,39,35,7,0,3,0,3,1,26,28,13
60024,60,27,122,70,15,0,1,0,0,4,67,72,22
95024,95,0,17,29,10,6,1,3,0,3,19,27,11
25024,25,20,108,102,31,0,1,0,6,10,70,87,26
08024,08,30,167,93,19,3,3,0,20,4,85,78,21
09024,09,10,32,22,13,1,0,0,13,1,30,14,6
01024,01,89,387,330,86,8,21,9,13,13,216,313,79
59024,59,99,579,404,108,25,24,6,15,26,385,328,105
14024,14,16,60,61,14,6,0,3,9,4,47,59,14
39024,39,4,23,24,4,3,1,0,5,6,22,24,7
30024,30,6,69,48,12,0,0,5,12,0,45,45,8
2A024,2A,8,41,18,4,2,0,0,23,0,13,29,1
17024,17,31,147,165,32,7,5,1,15,10,118,129,32
31024,31,13,46,68,23,6,3,0,0,0,34,38,24
16024,16,9,46,62,19,5,0,0,0,7,40,42,15
50024,50,5,12,25,4,1,6,3,0,0,14,12,7
89024,89,748,3482,2480,611,82,158,53,231,158,1872,2428,591
88024,88,1,20,7,2,2,0,0,0,5,6,7,7
10024,10,1,28,19,4,1,0,0,12,2,16,16,1
63024,63,6,22,23,3,4,4,0,7,0,28,12,2
32024,32,0,13,21,7,0,0,0,8,4,10,12,3
74024,74,59,196,257,48,8,6,4,9,6,166,268,60
55024,55,11,27,12,5,3,4,0,0,0,2,21,7
79024,79,46,157,234,64,4,13,0,21,9,164,168,57
33024,33,2,22,41,5,5,6,5,0,6,27,19,10
11024,11,15,119,84,29,7,0,5,12,4,88,67,24
34024,34,48,309,257,69,18,9,9,12,14,254,220,59
07024,07,16,93,75,21,6,3,4,22,0,76,57,19
40024,40,7,30,35,11,0,0,0,8,0,24,23,7
61024,61,19,67,62,21,0,2,0,0,6,47,74,22
26024,26,6,51,34,12,4,0,0,21,1,32,30,6
24024,24,4,0,0,0,4,4,3,4,2,0,0,0
28024,28,40,209,176,40,12,13,1,10,9,139,171,44
77024,77,14,33,40,6,2,2,0,0,0,30,33,10
71024,71,19,57,59,18,5,0,1,2,0,51,48,22
45024,45,58,244,232,60,12,8,6,10,8,154,213,47
58024,58,11,33,32,11,5,6,0,0,6,2,21,14
04024,04,0,25,21,5,0,0,0,0,0,12,21,5
47024,47,45,197,166,48,6,3,0,41,7,152,147,45
81024,81,12,36,32,15,0,1,0,3,1,33,27,15
43024,43,23,104,103,21,2,4,1,21,0,71,70,23
18024,18,0,9,14,5,6,6,0,0,0,3,9,6
12024,12,2,23,26,4,6,2,0,11,4,21,25,3
68024,68,6,3,12,0,5,6,4,0,0,0,16,0
46024,46,3,37,47,10,4,0,0,16,7,48,32,13
37024,37,29,85,112,34,8,7,0,5,3,85,96,35
03024,03,11,25,30,10,0,1,3,0,1,15,23,9
35024,35,250,798,1710,488,26,52,20,40,65,1089,1059,492
19024,19,10,52,65,16,4,6,1,0,0,54,52,15
23024,23,7,52,64,21,3,1,0,9,0,62,47,23
85024,85,63,195,265,46,7,12,0,31,4,166,252,60
41024,41,3,20,20,4,5,0,5,0,3,13,25,11
15024,15,7,6,16,0,2,2,0,0,3,7,6,1
44024,44,54,182,375,114,18,16,0,33,4,303,277,98
82024,82,6,31,28,6,1,0,0,0,3,20,26,3
36024,36,6,9,11,0,2,3,0,1,5,16,7,0
06024,06,3,41,23,7,0,1,2,0,0,13,41,7
56024,56,57,177,278,71,12,9,7,2,7,177,222,64
87024,87,18,76,107,30,1,9,0,15,1,99,70,30
86024,86,34,142,173,57,3,9,3,0,1,138,135,57
84024,84,22,141,87,19,1,8,0,6,0,95,81,20
22024,22,9,20,30,5,3,6,0,0,0,9,24,12
29024,29,124,467,976,370,16,40,2,78,26,647,561,384
13024,13,52,367,284,52,7,13,6,16,12,303,286,50
90024,90,9,24,21,4,3,0,0,0,0,4,9,5
92024,92,485,1390,5926,1316,70,110,50,302,165,3271,5316,1324
72024,72,70,374,374,90,23,15,4,35,15,313,487,96
66024,66,112,813,501,148,22,30,12,46,24,565,467,129
73024,73,21,99,102,21,4,7,0,0,7,76,87,29
69024,69,95,321,524,145,14,22,4,39,16,357,481,144
05024,05,10,20,24,11,6,0,0,5,0,28,21,3
15025,15,10,28,38,3,0,4,1,14,4,20,36,12
62025,62,59,395,214,66,7,11,6,21,9,217,162,64
64025,64,2,10,11,3,0,6,0,0,0,4,14,8
57025,57,17,65,55,11,0,0,6,0,3,40,44,16
70025,70,5,42,30,2,1,1,0,0,0,23,30,9
25025,25,16,78,62,12,0,4,0,4,7,49,71,21
65025,65,65,290,380,112,5,19,5,64,3,370,212,104
80025,80,1,29,31,3,3,4,0,0,0,23,20,7
76025,76,8,41,37,9,1,5,0,0,4,23,25,4
21025,21,0,7,9,2,5,5,0,0,3,0,4,0
54025,54,48,183,170,55,13,7,5,0,8,129,116,50
02025,02,12,69,32,8,0,6,4,0,0,17,35,10
60025,60,45,263,166,40,6,5,3,35,8,151,146,45
08025,08,26,155,81,27,1,4,0,31,6,82,85,18
59025,59,45,240,183,47,16,5,11,13,9,180,147,50
14025,14,9,30,30,9,0,0,0,3,0,22,36,15
09025,09,5,10,12,0,1,1,3,0,0,0,6,1
52025,52,6,19,4,0,4,3,0,0,5,1,4,0
39025,39,4,39,29,11,0,0,0,3,4,36,28,3
17025,17,12,69,65,12,6,2,1,10,2,60,62,15
30025,30,10,46,31,7,2,6,0,0,5,13,24,11
51025,51,26,131,102,20,3,7,2,22,1,77,104,21
31025,31,19,81,130,44,6,1,0,0,3,102,74,44
27025,27,28,141,102,27,9,8,1,0,3,68,99,24
89025,89,182,788,555,122,19,31,16,52,34,478,572,144
2B025,2B,5,7,9,2,5,3,3,0,2,0,15,5
50025,50,294,1014,1236,316,41,71,11,119,26,763,1048,328
88025,88,2,6,6,2,3,0,0,0,1,0,11,5
73025,73,8,52,58,8,0,0,0,24,2,39,57,12
63025,63,7,14,27,11,5,3,0,0,3,0,14,3
32025,32,7,8,18,4,5,2,0,8,0,12,8,0
79025,79,27,91,131,38,6,11,3,0,5,97,96,42
10025,10,9,38,19,8,0,0,0,0,3,11,19,4
11025,11,5,42,23,7,0,1,3,0,6,19,22,6
33025,33,12,35,49,11,4,1,0,2,3,33,38,11
16025,16,26,111,133,32,1,6,0,35,6,120,96,31
74025,74,33,122,149,40,0,3,0,23,3,113,165,37
28025,28,0,17,19,0,2,0,0,2,0,8,7,6
07025,07,6,26,36,10,2,7,2,0,0,27,24,5
26025,26,9,30,20,9,0,0,0,0,2,5,24,6
24025,24,6,22,34,9,1,2,5,0,0,29,29,4
40025,40,23,80,115,35,4,8,4,0,7,97,76,43
34025,34,43,284,235,66,5,7,3,54,3,272,194,73
45025,45,42,156,159,46,2,5,5,2,9,109,135,38
77025,77,24,82,91,28,4,5,0,5,0,78,70,18
53025,53,28,89,130,27,2,7,4,19,0,72,150,24
72025,72,44,211,196,58,14,2,5,0,1,141,269,57
55025,55,12,40,21,1,0,0,0,11,0,25,21,4
71025,71,16,44,37,14,0,7,0,0,0,27,31,16
04025,04,16,58,51,19,2,4,6,13,0,51,43,7
47025,47,15,66,45,13,2,0,1,5,7,55,41,14
43025,43,85,348,340,85,12,17,0,60,11,256,265,79
18025,18,15,75,60,19,3,0,2,1,0,51,54,21
67025,67,43,167,165,43,9,5,4,5,7,96,157,36
81025,81,2,23,28,7,0,1,0,22,1,18,14,6
12025,12,18,74,111,35,5,3,6,36,3,83,89,31
68025,68,8,29,19,4,0,0,0,1,4,11,29,8
37025,37,17,72,85,25,8,2,0,2,2,65,81,22
03025,03,30,152,149,36,9,5,0,31,1,133,119,37
19025,19,6,31,51,10,2,0,0,10,2,44,28,12
35025,35,24,77,156,40,7,6,5,0,2,76,100,39
23025,23,34,119,134,50,7,8,0,23,5,144,120,44
66025,66,13,132,74,26,2,5,2,15,0,81,70,21
42025,42,3,18,21,10,0,0,4,13,5,12,13,3
41025,41,32,158,122,40,5,5,6,0,7,103,129,33
82025,82,93,496,410,115,12,24,1,49,16,348,341,119
36025,36,19,68,68,23,6,0,2,0,0,41,62,21
56025,56,6,13,21,7,0,3,2,0,2,15,21,9
83025,83,27,197,102,19,0,5,0,38,8,87,146,16
05025,05,11,18,28,9,0,0,0,0,0,13,27,12
87025,87,11,67,106,31,8,9,3,2,0,74,54,28
01025,01,121,488,447,91,6,29,11,13,20,301,418,96
58025,58,7,22,23,2,3,0,4,0,5,0,14,6
86025,86,12,33,52,7,0,6,0,0,6,26,35,17
84025,84,50,286,171,35,2,8,3,12,5,172,184,37
22025,22,40,151,260,79,6,5,8,12,3,177,169,80
44025,44,83,250,493,122,1,24,8,2,19,355,325,136
29025,29,32,98,210,77,4,14,5,0,10,131,127,78
90025,90,5,41,42,11,5,5,4,0,4,21,31,15
13025,13,50,308,217,53,5,13,8,0,11,232,217,52
92025,92,864,2288,9820,2158,111,220,77,418,278,5272,8857,2175
85025,85,75,219,294,67,2,18,9,0,8,160,293,59
06025,06,39,215,129,29,4,6,2,2,16,107,188,19
48025,48,10,49,62,16,6,1,0,1,6,46,65,15
62026,62,3,16,13,2,3,1,0,2,0,17,5,2
64026,64,8,28,52,15,3,2,0,1,0,31,34,18
57026,57,25,125,103,21,8,3,2,23,5,81,77,22
70026,70,61,388,248,53,13,20,8,0,9,181,232,63
25026,25,4,22,22,8,4,0,1,1,5,18,28,12
80026,80,5,4,0,2,0,0,0,1,0,2,6,1
65026,65,4,7,6,8,0,1,4,2,0,8,2,2
76026,76,53,306,235,75,9,16,7,16,7,250,205,71
21026,21,0,19,25,0,1,1,0,0,0,13,20,10
95026,95,63,227,323,85,14,21,6,8,23,286,224,87
54026,54,1,26,20,3,3,3,3,0,0,18,12,0
59026,59,25,151,119,31,4,1,0,36,2,109,84,27
08026,08,8,45,29,9,0,0,1,0,4,13,19,6
60026,60,11,81,61,11,0,4,0,0,0,53,49,15
09026,09,3,15,22,10,0,0,1,0,1,20,10,1
14026,14,32,102,132,41,7,11,0,0,6,92,121,38
39026,39,1,19,25,1,0,5,0,0,6,20,13,7
31026,31,14,90,137,43,2,6,6,5,9,121,82,41
27026,27,10,65,37,6,7,2,1,0,1,40,32,9
17026,17,15,41,45,8,0,3,4,3,3,42,41,12
73026,73,11,44,49,10,6,4,5,0,2,22,41,11
30026,30,22,162,98,28,8,4,2,0,2,110,101,30
63026,63,45,222,336,85,10,22,6,59,9,277,214,89
88026,88,41,163,123,34,8,6,0,0,7,90,111,33
50026,50,6,0,13,7,2,0,4,0,0,0,14,4
2A026,2A,1,39,35,4,2,5,0,22,1,20,34,7
55026,55,0,13,12,3,0,0,4,0,0,0,3,2
10026,10,6,2,7,0,0,0,0,0,0,2,2,0
32026,32,2,16,11,3,0,0,0,0,0,12,13,10
33026,33,11,35,57,14,0,8,0,4,6,50,41,20
16026,16,28,127,162,47,2,8,6,0,5,126,112,45
11026,11,1,22,7,0,0,2,4,0,5,14,14,0
26026,26,5,6,9,3,0,3,3,0,1,0,10,8
61026,61,7,21,19,7,2,6,0,7,5,11,26,2
40026,40,6,33,46,15,1,4,0,11,6,36,30,13
24026,24,83,464,527,153,22,36,11,70,21,476,379,136
28026,28,12,22,25,3,0,3,0,0,0,21,27,3
45026,45,23,107,111,23,0,4,0,13,9,71,95,21
77026,77,8,38,33,10,3,3,1,8,0,33,33,9
72026,72,29,175,152,41,7,11,6,0,6,139,239,50
34026,34,4,24,16,7,1,6,5,0,2,13,13,4
58026,58,10,23,27,10,6,2,0,0,0,0,10,9
53026,53,9,32,60,8,3,1,0,11,3,37,63,9
71026,71,12,37,33,14,3,0,3,12,6,31,31,6
47026,47,2,37,23,7,6,4,0,8,5,21,17,4
04026,04,0,21,24,1,0,0,1,4,1,17,17,7
67026,67,2,29,20,3,0,0,0,11,0,7,16,8
81026,81,17,85,77,18,0,0,1,17,4,79,68,21
18026,18,28,109,98,28,0,10,0,7,1,103,92,31
43026,43,19,67,67,15,6,1,3,0,6,42,44,8
46026,46,5,11,14,1,0,0,0,10,0,23,9,5
68026,68,48,175,123,34,0,9,0,4,13,96,157,28
12026,12,24,83,127,33,2,4,1,22,3,99,112,30
03026,03,15,86,103,17,7,5,0,4,6,78,85,24
37026,37,18,48,56,23,7,0,0,0,2,49,52,22
86026,86,10,45,62,17,4,3,0,16,0,59,44,20
19026,19,6,26,27,11,1,3,0,0,0,21,21,13
48026,48,7,28,34,6,0,6,0,0,0,28,29,9
35026,35,2,5,16,2,0,5,0,3,3,11,6,1
23026,23,12,35,37,9,0,0,3,16,0,34,29,19
15026,15,0,15,29,3,0,0,0,35,0,15,20,1
42026,42,51,193,182,50,8,11,0,23,7,161,148,48
36026,36,19,57,58,18,2,0,1,5,6,53,44,12
66026,66,29,224,122,41,5,7,0,0,11,145,127,31
82026,82,21,96,76,27,2,3,6,7,0,74,58,24
41026,41,6,9,21,7,3,0,2,0,6,0,11,9
56026,56,57,210,305,84,2,17,1,43,12,198,223,87
01026,01,18,86,90,25,2,0,0,2,5,62,82,14
07026,07,5,39,36,5,6,0,0,10,0,42,24,8
49026,49,61,202,307,84,15,12,6,26,14,200,276,82
83026,83,49,313,190,27,1,7,4,0,15,125,245,42
06026,06,38,207,152,23,3,5,0,0,11,90,206,33
84026,84,98,641,402,91,14,25,2,68,27,395,384,87
22026,22,9,59,87,26,6,3,1,16,6,63,64,34
44026,44,457,1287,2766,789,60,108,41,146,91,1954,1861,751
05026,05,7,35,37,14,0,6,5,0,2,25,27,14
29026,29,91,317,637,250,22,32,18,0,20,383,394,242
13026,13,290,1967,1440,320,33,63,32,81,44,1550,1414,320
90026,90,36,210,149,44,11,9,3,4,10,142,141,40
92026,92,873,2480,10490,2383,138,193,104,248,323,5647,9449,2337
74026,74,141,436,564,124,21,27,13,35,20,338,587,126
38026,38,22,104,113,26,1,0,0,16,0,80,73,25
85026,85,35,120,162,32,4,7,3,15,4,97,178,32
69026,69,9,28,50,10,1,6,1,18,0,37,49,16
62027,62,2,37,25,10,0,1,1,0,2,5,20,7
64027,64,1,16,30,7,4,4,0,1,0,25,15,4
70027,70,5,7,3,2,0,0,0,3,0,9,9,1
80027,80,0,1,0,0,4,0,2,9,0,0,0,0
57027,57,3,22,20,1,0,3,0,0,3,2,16,5
21027,21,33,148,157,32,0,1,3,18,5,105,132,43
02027,02,11,39,26,8,6,1,0,0,5,3,20,5
91027,91,824,1895,3002,801,55,119,40,87,127,2444,2088,811
54027,54,20,105,85,28,1,5,2,9,4,84,69,28
08027,08,1,19,5,7,0,0,0,6,0,5,7,6
59027,59,42,238,163,51,3,4,2,0,6,179,141,45
60027,60,10,79,53,15,2,0,0,0,0,32,49,9
09027,09,0,11,14,9,0,0,3,0,0,7,9,2
39027,39,2,27,24,9,4,3,0,0,0,9,12,4
52027,52,0,17,5,6,1,3,3,0,2,0,10,2
31027,31,8,23,35,13,0,1,0,0,2,19,20,6
51027,51,5,32,31,11,0,1,0,0,5,16,30,7
17027,17,11,49,63,18,3,3,2,0,0,36,44,18
73027,73,7,44,39,8,6,0,0,7,0,33,33,10
2A027,2A,0,8,12,0,4,5,0,0,0,0,13,2
50027,50,34,97,129,38,9,12,6,0,0,50,116,37
88027,88,9,31,19,4,0,3,3,0,0,9,12,0
63027,63,5,12,19,5,6,2,1,2,0,21,7,4
30027,30,50,382,235,56,5,11,3,2,7,263,229,61
89027,89,7,26,16,1,5,1,0,10,0,23,21,4
01027,01,47,198,187,36,0,2,5,5,8,112,166,46
10027,10,0,6,6,4,0,4,4,0,1,0,13,1
55027,55,1,16,10,5,5,1,0,1,0,13,15,0
11027,11,10,106,69,26,6,2,4,4,7,83,58,23
16027,16,0,17,15,4,0,4,4,0,4,10,7,4
32027,32,26,120,145,44,4,9,5,39,8,133,109,48
33027,33,0,21,38,8,6,2,0,8,0,28,20,9
38027,38,51,206,229,53,4,15,0,7,12,195,146,65
26027,26,10,18,15,6,3,3,2,7,0,15,12,7
40027,40,4,9,20,9,2,0,0,3,1,17,11,5
24027,24,9,31,43,8,2,0,2,5,3,41,28,6
45027,45,10,50,47,13,1,6,0,0,0,28,49,8
07027,07,43,187,185,43,5,11,7,0,4,183,153,53
34027,34,37,267,224,55,1,13,0,34,4,240,167,60
53027,53,2,19,20,10,6,0,0,0,4,5,30,9
77027,77,27,108,97,26,5,3,0,0,8,95,88,24
58027,58,3,10,17,6,4,2,3,0,0,4,13,2
72027,72,11,36,35,9,4,0,1,0,3,31,49,4
71027,71,19,79,76,19,2,0,1,10,3,70,75,21
81027,81,2,22,21,7,4,2,5,0,0,9,18,2
67027,67,11,29,23,5,0,0,0,0,0,4,19,10
18027,18,21,78,70,20,0,1,5,0,4,42,53,19
43027,43,2,9,5,0,0,0,2,12,0,5,3,0
68027,68,13,46,42,10,4,1,4,8,0,28,35,8
46027,46,8,7,19,5,0,6,0,0,1,12,12,9
12027,12,12,24,34,4,2,0,0,6,0,23,27,11
04027,04,9,31,32,11,1,4,0,0,3,14,27,4
86027,86,43,153,176,52,6,16,7,13,11,113,130,55
47027,47,74,375,324,77,14,17,8,35,1,294,294,87
37027,37,145,458,582,169,17,38,4,23,25,441,498,162
35027,35,39,96,232,65,1,6,0,2,7,151,142,61
19027,19,4,10,25,0,4,2,0,0,1,18,14,1
23027,23,10,19,25,11,0,0,1,10,0,21,22,4
69027,69,246,907,1440,355,25,42,18,118,66,1039,1294,374
41027,41,2,23,10,0,3,0,0,12,0,10,12,5
36027,36,5,35,22,6,3,0,0,0,1,20,29,11
42027,42,7,47,54,17,6,4,2,0,0,39,41,10
56027,56,5,33,64,13,7,0,5,0,6,26,49,22
87027,87,28,97,147,47,4,14,0,41,4,122,86,55
49027,49,56,150,246,62,7,10,0,0,5,137,222,57
03027,03,23,97,115,23,3,0,0,25,7,83,84,21
84027,84,66,446,262,58,5,11,8,0,14,260,263,55
06027,06,892,5939,4110,784,79,137,81,372,239,3041,5951,797
82027,82,24,163,131,26,3,3,3,53,11,118,105,27
44027,44,58,149,307,88,7,13,1,21,5,219,196,93
05027,05,4,26,21,12,0,0,4,0,0,23,19,9
29027,29,68,203,478,162,14,28,4,11,10,298,288,180
13027,13,256,1802,1305,299,37,50,19,134,43,1462,1314,301
90027,90,3,19,22,7,2,6,0,0,0,0,15,9
74027,74,16,41,45,7,4,5,0,0,1,38,51,16
28027,28,42,159,151,28,2,8,5,0,5,105,143,33
66027,66,6,85,55,10,1,7,6,12,0,69,54,21
83027,83,106,732,424,90,7,28,0,87,14,359,598,89
93027,93,314,1325,2306,839,42,112,16,179,168,3217,1221,797
22027,22,11,30,58,19,3,2,4,0,0,43,46,19
27027,27,3,45,23,3,4,5,5,0,5,19,20,6
14027,14,100,393,493,116,17,37,6,12,20,302,393,126
48027,48,28,129,142,40,4,17,13,0,11,75,131,41
15027,15,23,75,110,14,1,5,0,12,0,65,91,21
62028,62,14,112,61,15,0,1,3,0,0,62,44,18
64028,64,6,12,17,4,1,4,1,14,2,15,16,2
57028,57,51,194,159,47,6,13,11,1,16,95,127,32
65028,65,1,19,31,8,0,0,3,0,3,17,20,13
70028,70,5,22,17,7,3,1,0,0,0,2,19,9
80028,80,6,22,14,0,0,0,0,20,0,15,16,0
02028,02,68,425,202,53,16,17,0,17,14,197,187,51
21028,21,19,71,78,22,0,1,3,9,1,64,67,23
95028,95,25,112,180,48,0,2,0,3,11,168,136,51
54028,54,70,313,268,79,14,17,8,12,7,234,194,74
08028,08,17,134,71,16,2,1,3,13,5,74,75,26
59028,59,136,850,616,168,32,34,9,29,40,644,524,165
76028,76,3,22,14,10,5,5,0,0,6,1,21,4
52028,52,7,6,2,2,3,0,2,0,0,3,7,0
39028,39,17,53,56,8,1,6,1,1,0,53,41,8
60028,60,10,95,64,13,6,5,4,0,1,46,51,13
31028,31,13,74,113,33,4,1,5,0,1,94,71,31
27028,27,6,44,35,5,1,6,2,0,5,22,34,4
51028,51,30,147,97,29,0,2,3,13,4,79,109,21
17028,17,180,761,866,193,20,46,18,91,23,676,765,208
63028,63,11,48,77,14,0,1,0,17,0,54,40,19
30028,30,325,2437,1567,422,29,48,23,95,65,1714,1434,405
10028,10,3,17,10,0,1,3,0,1,3,13,14,5
2A028,2A,6,36,25,0,0,1,0,8,0,11,32,1
01028,01,16,65,60,16,0,0,0,27,2,43,53,12
55028,55,4,17,7,2,2,0,5,0,0,1,14,7
89028,89,7,3,11,0,1,0,0,0,5,0,14,4
16028,16,98,464,504,113,16,29,10,5,26,403,359,130
32028,32,6,17,9,1,0,0,3,8,0,10,9,1
33028,33,18,90,134,38,3,13,2,13,8,102,85,40
40028,40,7,33,36,13,0,7,1,0,6,20,33,15
26028,26,9,26,32,7,0,4,4,0,2,5,28,9
61028,61,11,55,39,8,5,0,3,8,1,34,53,8
28028,28,6,26,23,1,0,2,0,12,4,25,23,3
45028,45,200,847,825,209,21,30,13,41,33,484,767,222
07028,07,10,54,50,14,5,0,2,6,6,59,42,18
72028,72,15,48,41,17,3,3,4,0,3,32,61,12
58028,58,5,11,15,0,2,5,0,0,5,2,10,7
24028,24,32,184,194,45,16,10,4,23,8,164,147,68
71028,71,2,8,9,4,0,0,1,0,0,5,11,7
11028,11,10,60,36,13,1,1,0,0,1,41,35,14
53028,53,17,51,74,15,0,8,0,0,2,29,70,10
67028,67,158,598,548,126,19,31,9,21,25,353,547,140
68028,68,66,277,217,52,5,18,0,22,8,148,238,53
81028,81,0,15,9,9,0,0,4,8,0,9,13,6
18028,18,34,141,134,26,9,8,5,0,2,109,121,30
43028,43,14,64,66,13,6,8,2,0,0,35,49,7
04028,04,0,17,17,1,0,3,2,6,0,12,11,0
86028,86,23,107,125,42,7,4,5,2,3,109,83,36
03028,03,7,52,55,9,0,0,0,11,7,39,32,7
47028,47,21,100,71,25,7,5,6,1,3,64,77,15
12028,12,18,41,69,11,0,1,3,15,0,49,52,21
35028,35,14,50,109,33,2,1,0,0,3,53,66,30
19028,19,52,216,328,83,12,16,6,0,13,235,203,78
23028,23,0,4,6,9,5,0,0,9,0,10,7,0
37028,37,16,72,90,29,7,7,0,0,7,70,89,23
85028,85,14,56,74,12,7,1,0,3,7,38,65,16
69028,69,117,441,747,192,10,23,5,41,39,600,669,202
42028,42,16,52,53,12,0,1,4,0,7,10,42,14
41028,41,12,57,48,6,0,6,0,0,0,23,51,9
34028,34,100,735,565,164,5,27,10,52,27,613,479,158
49028,49,0,19,22,1,3,0,0,0,2,7,17,9
46028,46,18,70,130,33,5,6,3,5,3,99,82,38
66028,66,185,1512,985,266,27,56,15,92,31,1064,890,256
56028,56,33,137,203,52,2,11,3,15,0,122,151,49
06028,06,10,70,45,6,0,0,2,4,4,30,65,11
84028,84,25,172,100,19,0,6,4,2,9,108,109,22
83028,83,50,297,177,40,8,14,6,0,9,108,235,39
22028,22,22,67,109,26,3,9,6,0,3,65,67,28
82028,82,22,97,83,25,1,4,0,0,1,60,70,27
15028,15,5,29,52,14,2,0,5,10,0,29,51,6
05028,05,1,20,15,8,2,0,0,7,0,11,8,7
29028,29,23,67,136,45,5,10,4,0,0,87,89,55
90028,90,10,53,43,12,0,0,0,0,6,25,38,11
94028,94,1183,3225,7971,2133,134,222,94,307,322,6692,5703,2146
88028,88,21,117,70,24,4,3,1,0,9,57,69,16
50028,50,3,13,15,7,0,3,0,0,5,1,11,3
73028,73,12,20,41,15,5,5,5,0,10,0,26,9
36028,36,0,7,12,0,0,3,3,7,0,14,7,1
13028,13,743,5185,3701,858,85,169,66,222,171,4096,3787,835
44028,44,92,249,539,159,13,25,0,21,18,409,364,151
48028,48,8,15,27,7,0,0,1,6,0,19,29,8
87028,87,33,140,194,48,6,12,10,18,3,148,94,42
62029,62,13,79,42,11,5,4,3,0,4,41,32,8
64029,64,8,49,94,25,1,1,0,31,5,58,61,23
70029,70,12,40,19,9,0,2,1,3,0,13,19,3
65029,65,11,44,62,26,0,1,0,22,0,61,42,25
80029,80,18,130,88,15,0,0,4,13,0,66,59,21
57029,57,10,37,29,11,1,0,0,0,2,2,16,10
21029,21,2,0,13,7,0,1,3,0,0,0,5,6
02029,02,4,62,31,7,7,2,4,0,0,19,32,5
78029,78,185,529,1158,261,25,17,19,72,48,691,1130,274
76029,76,6,20,16,3,1,0,0,7,1,27,19,9
25029,25,7,29,28,9,0,0,0,3,4,20,28,5
59029,59,25,193,123,39,6,6,0,6,2,149,102,40
54029,54,57,277,227,62,9,17,6,23,9,203,165,66
08029,08,4,5,11,4,0,1,0,0,0,0,11,0
09029,09,0,27,22,10,3,4,0,0,0,25,14,12
39029,39,7,32,30,5,0,0,2,16,4,34,27,9
60029,60,73,416,276,74,11,15,5,0,14,191,248,58
31029,31,11,32,42,18,0,0,4,0,1,13,32,17
52029,52,3,27,19,6,0,4,5,0,5,2,15,3
51029,51,33,185,136,30,5,1,6,22,8,106,137,26
17029,17,7,22,20,9,3,0,0,0,0,17,22,10
10029,10,9,25,15,5,0,4,0,3,0,15,22,3
63029,63,3,21,33,9,1,7,0,0,5,17,24,6
55029,55,411,2119,1227,318,40,89,26,51,48,866,1173,307
2B029,2B,6,35,22,2,3,1,5,14,0,19,36,1
73029,73,128,505,545,135,19,25,2,78,27,399,491,135
16029,16,11,31,29,8,3,4,2,0,2,17,14,3
50029,50,34,98,115,26,5,2,0,24,0,88,111,30
30029,30,33,227,144,32,4,9,3,29,12,179,140,37
32029,32,21,60,84,33,4,5,2,0,5,56,63,27
89029,89,24,94,75,14,0,7,2,9,8,55,78,13
74029,74,13,43,51,15,0,0,0,0,0,39,53,7
40029,40,8,34,37,18,4,0,3,0,1,29,21,14
28029,28,5,45,35,6,3,3,5,0,4,11,37,4
61029,61,18,90,83,16,4,0,1,26,1,63,106,28
79029,79,14,54,84,15,0,5,2,7,0,58,64,21
45029,45,39,189,184,49,6,7,0,31,10,114,173,41
07029,07,7,32,30,7,0,2,0,5,2,32,19,9
72029,72,32,163,169,43,9,14,0,10,1,135,228,38
01029,01,21,61,56,19,5,7,2,0,2,23,61,16
24029,24,11,60,68,22,2,4,0,0,6,62,49,19
77029,77,4,16,16,9,1,5,0,1,0,22,16,5
11029,11,5,6,7,2,0,3,3,0,0,0,4,3
71029,71,6,34,29,11,0,0,3,3,5,17,25,4
67029,67,13,54,46,6,0,0,1,12,0,31,38,11
68029,68,32,144,103,20,4,4,3,20,3,70,128,31
81029,81,0,25,16,5,4,2,2,11,2,14,11,5
18029,18,11,40,35,8,0,4,2,0,6,20,38,11
58029,58,0,7,10,4,1,2,1,0,2,2,11,0
46029,46,30,139,228,59,10,12,9,54,12,193,140,67
53029,53,31,95,146,43,9,6,5,8,9,72,150,28
03029,03,23,82,87,16,4,7,0,0,8,61,67,16
49029,49,28,106,183,37,5,5,0,33,5,106,158,45
47029,47,15,55,54,13,0,0,0,4,7,53,41,13
86029,86,24,82,95,28,0,1,2,1,0,78,77,23
35029,35,22,91,189,53,3,8,6,0,0,116,105,55
12029,12,3,14,26,10,0,4,2,0,2,17,18,6
37029,37,13,28,45,13,0,4,0,0,4,39,37,8
85029,85,62,194,284,66,7,13,4,23,17,153,300,55
19029,19,9,20,32,5,0,5,0,0,4,25,27,11
69029,69,621,2287,3807,983,78,141,49,119,155,2672,3317,968
42029,42,40,165,139,35,9,6,0,1,10,114,115,41
36029,36,6,28,22,10,0,5,5,0,0,17,25,4
34029,34,9,70,61,14,2,0,2,24,7,62,45,16
66029,66,6,17,14,1,0,0,0,9,2,9,10,0
56029,56,27,105,162,40,9,13,1,0,6,88,118,44
83029,83,79,503,306,47,13,7,0,18,14,240,380,61
84029,84,111,731,444,112,4,23,11,31,17,465,436,111
41029,41,52,174,164,44,9,11,6,0,11,116,152,45
22029,22,8,35,46,12,0,6,5,5,2,34,30,13
06029,06,1345,8654,5947,1127,120,202,136,430,330,4493,8588,1086
15029,15,11,41,72,8,4,0,6,12,6,38,63,15
82029,82,5,31,20,10,0,0,3,0,3,23,27,7
05029,05,32,94,101,30,4,5,0,11,8,93,92,31
29029,29,18,62,139,52,6,10,0,28,4,90,96,53
13029,13,27,204,136,36,4,3,4,0,8,144,138,35
90029,90,54,240,185,59,11,11,0,0,8,159,170,54
44029,44,136,444,921,259,25,29,0,71,29,728,623,269
93029,93,678,2977,5177,1790,149,247,62,246,379,7148,2811,1836
43029,43,4,14,20,9,6,1,5,0,6,0,9,5
38029,38,39,174,201,55,0,5,0,34,7,163,141,46
88029,88,44,234,169,49,1,15,1,18,10,132,148,40
33029,33,113,469,629,180,12,46,15,16,26,487,405,196
48029,48,0,20,23,10,6,6,4,0,3,0,17,1
23029,23,6,28,30,11,3,7,2,0,0,10,23,7
87029,87,6,43,72,23,0,7,0,0,5,62,40,14
62030,62,9,47,30,10,0,0,0,0,0,22,15,11
80030,80,0,27,23,6,5,4,3,0,0,7,13,3
57030,57,10,74,51,10,6,0,0,0,4,38,39,12
70030,70,6,7,9,1,0,0,0,0,0,0,3,0
21030,21,8,6,9,5,0,0,4,0,0,4,8,7
02030,02,3,54,20,5,0,0,3,3,2,24,26,10
76030,76,14,67,60,15,6,8,4,0,0,37,38,14
25030,25,15,50,38,17,0,4,0,0,7,19,50,13
78030,78,53,132,281,75,7,9,6,0,7,175,285,76
08030,08,5,12,4,0,0,3,1,0,2,3,4,2
31030,31,4,2,9,8,4,4,2,0,0,0,5,8
60030,60,17,77,58,18,2,2,0,2,0,47,43,16
14030,14,39,143,186,50,11,10,0,16,11,117,155,49
39030,39,23,86,69,19,4,0,2,17,2,72,70,16
52030,52,4,6,8,6,0,0,0,0,0,6,3,3
54030,54,3,11,12,5,0,3,0,0,0,0,10,6
09030,09,8,71,66,29,7,10,3,0,2,86,50,29
51030,51,151,706,532,118,14,14,6,39,35,373,555,134
88030,88,5,22,10,5,4,0,5,0,1,0,14,2
17030,17,15,54,57,14,0,0,0,21,0,53,56,19
10030,10,33,170,105,19,0,5,1,33,8,82,139,24
73030,73,61,286,302,79,0,8,9,23,13,237,255,67
50030,50,12,57,77,19,2,4,0,7,3,51,58,21
30030,30,6,48,32,11,1,0,0,7,0,42,24,9
16030,16,26,100,116,31,5,3,2,21,1,102,84,33
2B030,2B,9,31,19,1,3,1,4,14,0,23,33,1
32030,32,6,17,14,3,0,5,0,0,0,10,11,3
33030,33,36,168,227,69,6,21,0,0,16,190,162,70
63030,63,9,29,44,12,0,6,0,8,0,35,29,10
40030,40,0,7,4,2,1,5,0,0,1,0,6,8
89030,89,10,64,47,13,4,0,1,0,4,20,50,13
28030,28,11,40,32,3,1,1,0,8,0,17,27,12
38030,38,30,157,176,42,8,7,2,17,3,133,107,38
45030,45,51,195,187,53,6,10,6,6,8,114,186,36
01030,01,21,83,75,22,0,5,0,13,7,55,82,14
24030,24,11,77,75,17,0,2,1,14,7,71,61,27
79030,79,31,87,123,32,13,8,0,15,7,83,104,39
07030,07,1,31,33,10,0,0,1,0,4,18,24,10
11030,11,3,21,16,5,2,0,2,0,6,0,5,6
77030,77,19,91,85,25,2,5,3,0,7,60,74,19
67030,67,21,104,87,18,8,0,2,12,0,52,84,22
71030,71,3,30,25,2,0,0,0,17,2,17,25,7
68030,68,11,66,37,8,4,0,0,5,0,37,53,6
34030,34,0,19,14,3,1,6,0,20,0,22,13,3
81030,81,0,15,7,0,4,2,0,0,3,11,9,8
58030,58,6,42,32,14,3,5,0,0,3,19,24,7
46030,46,4,37,52,19,0,4,2,0,0,30,38,19
03030,03,24,89,100,29,0,4,0,0,0,81,82,23
18030,18,28,144,122,30,4,8,0,29,10,104,103,27
43030,43,8,48,51,14,2,0,0,11,5,31,38,10
47030,47,2,26,17,1,3,0,0,5,5,20,26,10
04030,04,0,13,10,0,3,5,0,0,0,0,9,6
49030,49,32,83,129,29,0,10,0,1,3,74,119,30
12030,12,14,35,61,11,0,6,2,0,0,25,48,19
23030,23,45,186,205,75,10,17,1,34,6,199,181,76
48030,48,10,41,33,13,0,5,3,0,0,32,44,14
19030,19,24,96,149,33,6,5,1,7,0,100,99,29
69030,69,18,66,111,22,0,6,4,0,7,81,89,25
42030,42,9,58,55,13,6,5,0,15,0,54,53,11
36030,36,10,25,26,12,0,2,0,0,0,22,25,10
66030,66,6,39,16,6,0,5,1,0,6,16,17,9
56030,56,27,84,132,40,7,3,0,2,4,94,97,35
83030,83,54,298,184,32,14,4,6,0,10,128,247,38
22030,22,11,63,111,29,2,4,0,8,8,80,77,36
84030,84,75,502,327,72,14,11,8,39,14,294,312,72
82030,82,9,64,45,17,1,0,0,0,0,39,41,16
15030,15,12,33,47,7,0,0,0,0,0,15,39,4
41030,41,3,23,28,3,0,4,1,2,6,14,27,5
87030,87,29,115,152,52,3,9,0,13,3,122,88,45
29030,29,84,271,572,221,14,25,5,7,11,366,361,207
90030,90,5,27,22,7,2,0,0,0,0,3,21,10
13030,13,112,720,533,136,17,22,2,41,34,573,519,117
93030,93,110,466,802,297,19,43,15,34,52,1115,441,285
74030,74,9,28,31,7,3,2,0,0,5,16,42,6
61030,61,11,30,24,4,0,0,0,10,5,20,29,7
35030,35,9,46,81,21,7,7,0,0,0,56,48,26
26030,26,0,0,0,0,3,0,0,0,5,0,0,1
44030,44,76,254,540,141,10,25,5,35,14,359,377,151
53030,53,5,31,40,15,0,0,0,5,0,23,53,14
37030,37,20,77,105,21,4,2,6,8,5,75,76,20
06030,06,794,4931,3359,614,85,101,76,249,183,2441,4869,617
62031,62,36,230,123,41,8,9,0,22,2,135,109,31
64031,64,4,15,25,1,3,6,0,0,0,11,9,6
65031,65,17,58,80,22,5,2,0,24,3,72,52,27
57031,57,31,121,85,27,0,4,0,19,0,77,71,25
80031,80,13,102,85,17,5,0,0,5,8,69,61,12
70031,70,24,109,65,12,6,6,1,0,1,44,52,13
02031,02,19,91,45,8,1,8,4,0,7,37,38,13
21031,21,9,55,48,18,1,0,0,0,5,38,49,17
59031,59,5,47,34,10,0,0,0,30,1,34,27,6
25031,25,272,1202,1193,309,42,72,21,39,76,847,1123,303
78031,78,12,43,93,16,0,5,1,0,6,41,80,23
08031,08,4,10,2,2,0,0,4,0,4,0,3,2
31031,31,6,43,70,23,6,7,5,9,2,78,50,22
60031,60,7,39,27,2,5,5,0,0,0,19,22,4
54031,54,8,35,27,7,0,3,1,0,0,27,24,9
52031,52,23,78,54,11,5,4,1,1,0,24,41,1
39031,39,9,28,17,1,3,0,4,0,3,20,19,3
27031,27,39,157,122,35,8,9,0,0,0,94,106,33
09031,09,6,10,3,3,0,0,0,0,0,0,0,3
51031,51,3,35,36,5,0,0,0,8,5,27,28,2
17031,17,5,20,23,11,0,4,0,3,0,23,25,4
88031,88,7,17,7,0,0,5,2,10,0,7,11,0
10031,10,16,70,42,10,4,5,0,0,2,14,50,3
50031,50,70,258,328,76,13,14,3,11,8,212,267,75
16031,16,15,50,47,15,5,0,1,5,1,47,34,10
32031,32,5,16,24,8,5,4,0,0,5,10,12,6
33031,33,0,9,16,8,0,0,4,11,0,7,11,0
73031,73,116,445,450,126,2,32,0,32,18,366,431,122
2A031,2A,6,110,69,17,4,4,0,13,5,48,81,7
55031,55,14,69,49,14,4,7,0,0,5,33,35,9
38031,38,3,0,2,6,0,0,1,0,2,0,4,7
63031,63,14,41,60,10,2,0,1,8,0,44,38,13
89031,89,12,80,51,16,5,7,2,5,7,43,53,7
74031,74,70,189,251,61,0,19,3,0,5,138,254,51
28031,28,15,48,34,12,6,5,5,0,3,13,43,5
24031,24,2,27,24,8,0,4,0,1,0,35,23,11
79031,79,47,139,218,56,6,14,0,2,13,156,149,59
72031,72,13,54,43,17,0,1,0,0,5,41,63,17
11031,11,1,1,3,0,0,0,0,5,2,6,4,1
45031,45,43,142,136,32,6,7,5,25,1,85,122,35
01031,01,71,283,250,56,11,19,8,2,15,158,250,58
67031,67,55,203,181,44,8,6,0,0,4,93,175,40
77031,77,25,101,100,29,5,0,2,6,8,79,64,27
07031,07,17,83,81,21,1,3,10,18,6,79,55,30
71031,71,0,2,9,4,0,0,0,0,0,4,6,7
34031,34,93,646,512,147,12,25,7,26,28,551,430,128
58031,58,4,40,35,9,6,3,5,0,0,14,31,12
03031,03,4,27,26,3,0,0,3,17,1,24,24,10
46031,46,5,17,26,5,0,0,0,0,0,18,13,2
43031,43,7,14,24,3,6,3,0,0,0,10,18,4
18031,18,19,61,55,9,0,4,0,10,4,47,47,11
86031,86,45,181,236,58,6,12,3,9,0,193,163,53
37031,37,107,342,437,118,14,16,8,32,16,351,379,126
12031,12,7,24,51,14,3,0,0,0,6,21,40,13
23031,23,34,109,119,38,4,6,6,18,1,129,99,51
47031,47,124,665,527,155,16,26,18,85,12,483,483,149
04031,04,11,57,53,11,1,4,0,18,7,52,41,17
48031,48,4,7,12,6,0,3,0,0,2,10,15,7
19031,19,965,3550,5500,1299,128,303,67,736,168,4311,3579,1276
69031,69,23,87,148,41,0,2,2,37,8,116,132,36
36031,36,114,508,459,130,18,18,14,47,19,388,395,125
40031,40,20,100,127,56,6,8,0,54,2,103,91,43
42031,42,10,35,38,6,4,4,4,0,5,27,32,13
56031,56,69,285,445,123,8,21,6,6,9,248,317,115
06031,06,31,191,138,25,0,5,0,34,6,103,200,26
22031,22,9,52,88,22,0,7,1,6,1,63,63,27
84031,84,548,3696,2254,523,65,113,37,198,106,2302,2279,496
82031,82,21,122,101,30,2,0,0,15,8,83,80,33
41031,41,76,326,279,74,6,11,12,0,8,215,286,86
05031,05,9,34,35,6,0,0,0,0,5,13,24,13
29031,29,108,348,789,294,5,42,7,47,14,528,476,309
90031,90,5,53,39,14,1,0,1,0,0,28,25,15
93031,93,471,2177,3794,1367,119,193,55,170,268,5320,2015,1324
30031,30,4,32,19,9,0,6,0,0,6,0,22,6
53031,53,9,29,52,6,0,6,5,0,2,23,50,7
35031,35,74,262,599,179,16,26,11,13,25,354,340,170
26031,26,30,109,96,22,0,6,0,22,5,86,85,26
44031,44,15,55,99,22,0,2,0,8,8,79,64,23
13031,13,65,471,330,78,5,18,0,15,18,375,335,62
81031,81,21,106,107,30,4,7,2,0,3,93,70,27
85031,85,92,287,416,87,14,19,0,15,7,218,379,88
83031,83,107,662,403,77,10,14,6,28,30,332,548,67
87031,87,4,31,37,8,0,6,0,2,6,36,27,19
62032,62,101,705,378,101,22,24,9,12,10,361,294,94
64032,64,0,17,30,6,0,5,2,0,6,10,15,9
65032,65,16,60,80,21,2,6,0,34,4,89,57,22
57032,57,123,595,440,113,21,23,6,44,22,391,363,104
80032,80,1,15,9,0,2,0,0,14,1,10,12,7
70032,70,5,3,1,5,0,0,3,0,4,0,0,3
76032,76,7,19,17,4,0,0,2,0,2,9,11,1
02032,02,3,39,22,8,4,5,4,0,5,10,26,4
21032,21,9,20,24,10,5,0,2,0,1,0,19,7
59032,59,147,848,581,164,33,40,0,28,29,611,505,165
08032,08,8,28,20,8,0,0,2,0,0,2,23,10
31032,31,131,537,887,274,14,35,7,68,27,769,547,277
25032,25,6,53,47,14,6,5,0,0,0,34,41,17
54032,54,3,24,19,8,2,2,5,4,0,17,21,10
60032,60,19,94,73,12,3,0,1,5,7,57,60,12
39032,39,14,51,36,7,2,0,5,2,5,35,39,12
09032,09,25,134,124,49,6,9,0,1,4,166,68,47
51032,51,16,63,45,9,0,1,0,0,1,17,51,14
17032,17,18,77,89,27,0,8,6,0,3,63,66,19
88032,88,36,183,118,25,5,5,2,20,6,103,110,26
10032,10,8,52,38,7,3,5,0,0,1,17,45,12
16032,16,15,47,54,19,6,2,4,0,5,17,39,18
33032,33,119,509,745,222,12,40,6,113,24,609,476,225
32032,32,9,31,40,14,0,7,3,8,2,30,34,10
2A032,2A,62,540,355,68,12,12,8,124,12,260,489,74
55032,55,0,0,10,4,5,1,0,0,0,0,8,0
30032,30,296,2019,1289,335,37,59,19,116,58,1503,1212,359
61032,61,11,50,33,6,4,0,2,0,5,25,47,5
38032,38,9,61,61,20,1,6,5,0,5,38,45,17
63032,63,229,862,1335,337,41,63,9,110,37,1045,770,343
24032,24,11,29,43,13,2,3,3,0,3,27,32,13
89032,89,2,8,14,6,2,0,1,0,0,0,15,5
28032,28,10,33,30,10,0,6,0,8,2,18,30,3
40032,40,9,20,32,12,0,0,4,0,2,5,19,13
11032,11,8,21,22,3,0,0,5,1,0,13,19,2
74032,74,43,147,204,40,0,11,0,20,8,123,203,38
72032,72,13,40,35,12,5,6,0,0,2,23,59,5
67032,67,6,28,27,6,0,0,3,0,0,15,26,5
68032,68,40,177,125,26,2,6,5,6,12,98,147,27
07032,07,0,17,16,2,0,0,0,18,1,22,10,0
71032,71,27,92,87,26,5,0,0,0,4,42,74,21
77032,77,23,80,77,21,0,0,0,5,9,65,55,23
58032,58,12,42,31,12,3,4,0,3,0,31,24,9
81032,81,24,108,105,32,6,9,4,24,6,94,81,31
43032,43,52,176,200,47,10,9,0,0,1,159,153,46
03032,03,2,31,22,9,1,5,0,0,0,21,26,9
46032,46,13,38,60,9,3,0,3,0,2,37,40,17
47032,47,143,768,637,169,6,39,15,93,34,578,544,178
86032,86,52,201,248,65,2,12,6,6,14,201,185,77
18032,18,38,180,183,47,6,6,7,19,8,144,150,39
35032,35,74,264,562,158,9,23,3,45,19,340,352,167
37032,37,12,29,28,12,3,2,5,0,2,5,29,10
12032,12,11,44,83,13,0,0,0,30,0,67,66,13
23032,23,18,81,83,32,6,5,0,9,1,72,67,29
04032,04,4,23,21,3,1,6,0,1,0,24,22,11
69032,69,36,136,233,62,4,0,1,47,7,180,211,62
79032,79,12,47,76,20,3,0,2,0,2,50,42,16
01032,01,75,310,276,63,13,10,6,12,10,169,269,63
34032,34,1105,7450,5930,1686,136,321,93,479,276,6386,5132,1632
66032,66,0,5,1,5,1,4,4,7,0,3,5,0
56032,56,48,166,257,60,12,5,6,1,14,142,187,68
06032,06,79,579,389,70,11,12,6,45,23,297,565,65
83032,83,94,563,341,71,9,7,6,6,28,251,460,76
84032,84,9,67,44,7,0,0,3,11,6,47,52,12
82032,82,7,59,56,10,0,8,3,0,5,47,50,11
22032,22,44,195,290,89,16,15,1,35,1,228,185,100
36032,36,17,81,72,27,2,4,0,18,5,62,65,23
42032,42,43,174,175,43,5,12,3,25,5,146,147,38
15032,15,7,3,15,2,0,5,0,0,3,0,5,5
41032,41,78,317,278,71,7,15,3,22,16,222,300,79
27032,27,34,183,111,25,2,5,2,9,3,104,114,26
05032,05,10,24,27,10,0,1,3,0,0,0,19,6
87032,87,37,146,208,72,2,13,5,21,8,173,125,56
29032,29,46,144,321,115,13,19,2,3,9,180,192,114
90032,90,87,408,318,83,11,13,2,6,26,279,270,80
13032,13,157,1167,842,181,14,41,12,45,33,961,832,198
92032,92,235,677,2935,627,35,47,36,174,83,1596,2647,635
93032,93,412,1805,3246,1141,83,143,51,207,230,4444,1652,1133
50032,50,30,104,126,36,4,5,0,8,2,85,97,25
26032,26,18,54,56,21,1,2,0,0,5,35,53,21
73032,73,50,216,209,55,0,4,0,46,17,178,185,47
44032,44,70,210,433,112,14,21,11,24,9,335,296,118
45032,45,3,33,34,4,4,6,3,0,4,9,35,12
48032,48,3,26,36,5,6,0,0,0,5,22,28,13
14032,14,4,32,38,10,0,3,0,9,3,34,34,12
62033,62,94,680,363,90,22,36,8,41,5,353,278,102
64033,64,0,13,14,10,5,2,5,0,2,4,12,6
65033,65,2,7,16,2,0,5,0,0,4,0,11,7
57033,57,13,86,65,12,0,1,0,13,4,45,47,16
80033,80,2,46,30,9,2,7,5,0,0,9,24,5
76033,76,11,52,43,15,6,0,4,0,0,35,33,16
02033,02,1,28,10,7,5,0,0,0,1,4,5,2
21033,21,0,15,18,9,5,0,4,0,2,11,14,1
78033,78,29,70,141,41,0,0,0,13,10,89,137,34
59033,59,217,1201,793,254,27,34,5,55,41,866,706,232
25033,25,10,58,57,19,2,7,0,4,3,49,63,21
31033,31,165,779,1205,371,10,56,9,103,43,1041,767,373
08033,08,6,12,4,6,0,1,2,0,2,0,12,2
14033,14,8,23,23,12,3,0,4,0,0,11,23,11
54033,54,4,10,7,8,0,0,3,0,2,14,3,2
60033,60,27,140,92,17,0,6,0,1,7,86,74,25
52033,52,4,23,7,5,1,4,3,0,0,8,18,4
27033,27,12,45,34,10,1,0,1,0,5,24,34,5
09033,09,4,3,5,7,0,0,0,0,3,0,2,3
88033,88,9,60,31,13,1,2,0,0,0,25,36,14
10033,10,121,609,342,74,16,14,8,46,6,254,416,84
2B033,2B,370,3950,2639,544,79,135,38,742,91,1922,3587,602
50033,50,5,16,24,5,3,0,5,0,0,12,13,0
55033,55,0,0,0,0,2,4,0,0,0,0,0,3
33033,33,15,82,120,28,5,7,0,16,4,92,70,34
32033,32,1,13,8,0,0,0,0,18,0,9,4,3
38033,38,14,76,75,17,5,0,0,9,6,65,56,16
63033,63,2,26,37,8,5,0,0,15,0,38,28,14
89033,89,15,49,31,3,0,2,0,0,0,34,41,10
30033,30,95,661,414,103,19,19,13,1,24,471,393,105
28033,28,20,82,79,12,2,0,0,15,1,49,67,24
11033,11,28,198,146,39,8,7,4,0,8,136,114,51
74033,74,32,120,150,37,2,2,3,38,12,98,163,32
67033,67,20,81,70,19,7,0,3,18,5,46,67,15
07033,07,1,20,20,6,6,0,0,3,4,25,15,10
68033,68,23,75,56,14,4,6,4,0,1,1,63,17
71033,71,22,104,81,22,2,3,0,6,8,76,77,23
77033,77,6,23,24,11,0,3,0,0,1,26,19,8
58033,58,13,35,42,10,1,2,0,0,4,23,34,13
81033,81,71,313,288,96,16,26,5,26,18,276,247,82
43033,43,23,80,78,24,0,10,5,16,5,61,59,17
34033,34,38,234,186,61,1,11,0,6,7,226,160,61
03033,03,1,12,17,8,5,0,4,14,0,11,11,4
47033,47,13,41,39,15,6,6,0,0,1,19,35,12
35033,35,69,187,393,115,17,15,0,14,11,248,267,131
18033,18,1475,6534,5994,1473,328,322,97,515,241,5015,5169,1464
85033,85,25,66,96,21,2,2,0,11,6,57,89,24
37033,37,8,15,23,11,0,4,0,0,3,24,22,10
12033,12,65,240,393,91,13,17,5,56,15,293,314,94
45033,45,9,35,40,13,2,2,0,2,0,33,32,8
19033,19,22,66,93,24,3,5,0,3,0,79,60,16
40033,40,5,16,16,7,0,0,2,0,5,2,9,11
69033,69,64,225,337,89,6,8,0,0,11,222,313,93
66033,66,12,85,52,16,2,2,1,0,1,47,38,17
56033,56,82,278,448,132,14,19,10,0,24,236,351,127
83033,83,89,567,331,70,6,13,1,51,8,288,466,68
06033,06,264,1591,1086,212,20,39,24,32,56,839,1545,183
84033,84,3,26,7,3,3,1,0,4,0,13,7,2
82033,82,274,1569,1230,347,34,69,16,186,56,1108,1050,352
22033,22,6,29,44,11,0,7,4,12,6,30,27,15
36033,36,10,40,32,10,1,0,3,20,1,30,32,8
87033,87,12,59,92,26,4,0,3,12,0,74,49,32
05033,05,0,5,6,0,5,0,0,6,0,1,6,0
15033,15,10,22,34,8,6,0,4,6,0,28,29,5
90033,90,118,646,471,153,6,21,6,43,38,462,410,157
13033,13,122,853,606,156,20,25,14,41,23,702,599,152
94033,94,884,2358,5777,1585,130,143,45,235,225,4808,4099,1543
92033,92,213,623,2606,563,51,36,38,121,69,1426,2347,590
93033,93,78,395,672,237,18,34,8,71,46,982,375,233
17033,17,11,42,52,9,0,3,4,0,3,37,38,17
73033,73,10,47,56,10,0,0,0,27,0,39,43,14
26033,26,24,86,80,29,4,1,4,1,4,78,72,19
53033,53,0,9,14,5,3,0,1,0,0,11,18,4
23033,23,14,38,55,14,6,0,1,13,3,41,33,23
44033,44,94,295,596,167,14,23,4,26,10,463,423,168
51033,51,2,33,21,8,1,5,0,0,0,18,31,2
42033,42,14,70,68,18,7,2,5,0,7,35,55,19
29033,29,14,35,69,30,3,2,0,2,1,46,53,26
46033,46,17,43,81,18,6,8,0,4,3,68,53,19
04033,04,16,98,69,21,9,0,0,0,7,78,79,16
01033,01,340,1444,1316,306,49,44,23,63,66,890,1284,284
62034,62,42,398,207,66,17,7,6,0,8,175,155,66
64034,64,9,25,45,7,0,0,0,25,3,27,28,7
65034,65,0,4,3,0,0,3,0,4,0,0,0,4
57034,57,0,6,7,1,0,0,0,0,1,0,7,3
80034,80,18,77,64,8,1,8,0,0,0,47,40,10
02034,02,3,21,15,0,3,0,0,0,0,0,13,3
78034,78,22,61,127,30,2,6,0,9,5,81,116,36
08034,08,9,58,28,10,3,3,0,7,5,26,25,9
21034,21,8,11,19,4,0,6,0,0,6,0,20,8
31034,31,4,23,34,10,0,5,0,1,4,32,28,8
59034,59,75,395,267,74,5,20,17,0,9,295,213,76
14034,14,12,51,66,15,4,0,2,0,4,44,59,20
54034,54,3,25,24,9,0,0,0,13,0,22,18,6
60034,60,30,166,116,24,7,8,4,18,8,95,92,25
27034,27,15,74,42,13,1,4,0,5,5,43,42,13
52034,52,2,19,19,0,1,0,0,11,2,12,8,4
09034,09,5,0,0,0,0,5,0,0,0,4,2,0
39034,39,7,31,29,12,5,4,3,0,5,14,26,7
51034,51,2,5,3,0,0,0,0,0,2,2,1,3
10034,10,77,366,210,48,14,13,1,18,0,148,270,45
17034,17,11,52,58,13,4,4,2,0,7,22,45,16
50034,50,11,48,74,12,0,0,1,8,0,48,58,21
33034,33,11,45,58,11,1,8,0,8,0,46,36,23
16034,16,6,22,22,10,1,0,0,0,0,3,9,5
55034,55,3,22,14,0,3,1,0,0,0,0,8,0
32034,32,1,6,3,8,1,5,1,0,0,0,10,0
73034,73,69,248,256,63,4,14,2,0,17,178,242,69
61034,61,6,21,26,8,0,0,0,0,6,14,27,1
63034,63,29,123,187,50,7,13,1,0,6,140,117,53
38034,38,92,454,479,138,15,25,10,18,10,366,319,136
89034,89,9,66,44,16,2,7,0,0,3,38,39,6
24034,24,7,33,36,3,0,3,2,0,0,28,18,10
2B034,2B,4,78,58,16,6,3,2,28,0,39,70,14
30034,30,134,1006,614,155,22,37,5,77,28,728,602,155
01034,01,230,924,834,171,17,37,9,38,39,564,789,188
11034,11,15,108,69,30,6,5,0,0,7,82,59,28
28034,28,29,104,99,24,0,0,4,0,6,60,89,21
67034,67,71,292,250,74,12,25,8,16,20,172,264,63
79034,79,43,173,246,60,12,13,2,17,6,162,167,71
68034,68,11,52,33,4,0,2,0,7,1,21,35,10
07034,07,1,26,26,5,0,3,0,3,1,22,21,4
71034,71,6,36,45,9,6,6,5,0,0,26,35,10
77034,77,18,75,74,13,4,8,1,27,5,66,55,16
58034,58,1,25,25,4,2,0,0,0,0,11,20,0
45034,45,56,238,246,56,6,10,4,16,3,147,215,65
34034,34,0,0,9,6,0,4,3,0,3,0,0,1
43034,43,7,39,42,12,0,8,1,0,6,31,35,12
81034,81,11,41,39,13,5,0,0,0,2,28,35,12
53034,53,173,538,813,180,32,40,10,74,19,464,839,179
03034,03,15,46,60,14,3,5,3,0,2,42,40,16
47034,47,18,75,58,19,5,9,4,0,2,54,59,13
86034,86,18,50,75,16,0,8,0,0,0,56,51,22
85034,85,75,280,388,71,13,19,0,24,14,211,379,74
18034,18,5,38,31,9,0,0,5,5,0,32,35,6
12034,12,9,27,43,6,0,3,1,18,0,25,32,5
37034,37,13,29,39,12,6,4,0,0,2,27,36,16
23034,23,1,0,7,1,2,0,0,0,0,0,0,5
40034,40,20,61,81,31,3,7,0,0,0,44,55,33
72034,72,13,45,50,9,0,0,5,3,0,37,69,13
69034,69,826,3041,4927,1243,101,144,27,350,200,3464,4283,1260
19034,19,11,24,41,4,0,0,5,0,5,22,21,4
66034,66,0,31,13,6,0,0,2,6,0,11,17,0
56034,56,126,480,737,200,18,35,1,76,14,474,557,186
83034,83,277,1774,1019,190,18,34,22,95,58,869,1409,185
06034,06,29,235,166,30,6,7,3,0,12,128,238,25
82034,82,4,11,15,8,5,6,3,0,0,0,19,4
84034,84,109,810,492,119,15,15,5,80,21,499,481,110
22034,22,35,125,214,55,6,6,0,0,10,129,141,66
42034,42,5,15,18,2,2,2,0,0,3,3,15,0
36034,36,71,309,260,71,15,14,2,47,12,234,252,70
15034,15,0,19,18,3,0,0,0,0,0,12,25,8
41034,41,4,14,10,0,0,4,1,0,0,6,8,3
87034,87,10,47,75,21,1,1,2,10,3,57,44,15
90034,90,16,104,76,19,0,1,4,24,0,62,66,15
13034,13,47,269,185,46,6,17,8,23,10,215,188,54
94034,94,408,1036,2578,708,40,70,21,89,109,2205,1853,707
26034,26,13,66,62,14,1,0,0,0,7,40,46,21
35034,35,28,75,170,54,2,8,1,6,7,104,113,49
04034,04,27,105,94,26,3,4,6,5,7,109,78,23
48034,48,46,167,211,65,13,17,0,15,15,178,213,59
74034,74,11,49,64,11,5,2,0,2,0,41,67,15
46034,46,8,22,39,7,0,7,0,0,3,32,30,11
29034,29,11,41,76,30,2,0,6,21,0,55,48,26
76034,76,44,235,216,69,11,15,8,26,17,230,172,60
62035,62,144,956,521,139,34,25,3,27,18,541,409,151
64035,64,49,150,296,84,9,15,10,67,15,227,205,81
65035,65,15,44,53,10,0,3,5,13,2,49,39,11
57035,57,1,15,18,5,0,0,2,0,4,0,17,9
80035,80,6,0,13,7,5,1,5,0,1,0,3,0
02035,02,3,50,28,10,0,0,3,0,0,2,24,10
70035,70,8,24,19,1,5,5,4,0,3,13,12,2
76035,76,44,252,204,54,8,16,0,30,9,213,160,67
91035,91,17,34,49,9,0,3,0,0,0,38,34,8
08035,08,0,14,8,3,0,2,0,0,0,0,7,0
21035,21,7,30,39,13,0,4,0,5,0,27,31,14
31035,31,55,220,354,106,5,14,6,42,9,326,225,116
59035,59,64,318,225,58,9,16,7,23,3,231,192,60
60035,60,9,30,22,10,1,0,5,0,0,13,26,6
54035,54,5,37,31,7,3,5,0,23,0,38,24,8
27035,27,3,14,9,3,0,4,2,3,4,8,6,6
52035,52,10,35,24,9,6,0,0,0,5,0,14,0
09035,09,0,25,23,12,0,1,0,26,0,28,15,6
39035,39,5,25,22,11,0,2,0,13,0,30,26,2
14035,14,26,119,137,37,0,15,8,12,6,93,115,28
51035,51,4,36,25,3,6,0,5,0,3,11,28,0
88035,88,8,19,11,1,5,1,4,7,2,8,19,4
10035,10,19,107,77,11,0,0,0,18,6,49,76,15
33035,33,11,53,77,21,4,8,4,0,6,57,55,26
17035,17,0,9,14,8,0,3,0,3,0,6,17,0
55035,55,2,26,22,7,0,1,0,0,6,7,15,2
32035,32,7,29,29,6,0,6,0,2,5,29,24,9
26035,26,8,60,57,9,0,4,0,7,5,46,49,11
16035,16,8,21,25,10,4,4,0,0,0,18,18,12
63035,63,21,111,162,39,3,6,5,18,0,128,85,40
61035,61,9,22,20,2,5,0,0,11,0,14,27,11
38035,38,25,123,127,37,1,2,5,0,9,101,80,37
89035,89,18,69,48,9,4,1,3,0,1,32,53,12
01035,01,10,40,45,9,3,6,0,0,1,19,41,8
11035,11,9,45,31,8,0,5,0,0,6,18,15,5
2A035,2A,2,50,31,1,0,1,0,13,1,28,38,9
30035,30,5,39,23,2,6,2,5,0,6,17,23,7
28035,28,29,115,91,23,7,4,6,0,5,71,101,19
67035,67,14,57,54,10,3,1,5,8,5,31,50,16
72035,72,37,223,209,46,1,14,4,0,7,148,300,55
68035,68,6,33,20,1,0,2,4,19,0,13,33,9
71035,71,2,18,22,2,0,0,0,16,1,13,20,7
77035,77,12,64,60,19,5,0,0,0,0,49,50,9
74035,74,25,58,84,12,0,0,0,0,8,43,87,17
07035,07,11,71,75,23,0,9,0,13,2,74,56,21
45035,45,33,109,109,27,0,4,0,6,9,81,90,30
58035,58,6,33,33,11,0,0,0,24,0,25,24,5
43035,43,4,15,13,0,0,2,4,0,0,5,4,0
53035,53,13,47,70,11,3,3,0,7,0,39,63,10
49035,49,193,572,915,190,25,44,8,57,40,588,777,209
86035,86,9,23,31,12,6,0,0,0,0,3,17,10
47035,47,6,24,24,6,3,5,3,6,0,15,19,8
81035,81,9,18,28,12,4,0,3,0,0,18,18,4
46035,46,1,13,31,6,4,5,0,0,5,15,20,12
35035,35,10,41,80,27,0,0,0,1,4,44,46,21
12035,12,4,16,26,5,4,0,0,2,0,23,17,8
37035,37,6,37,46,7,4,0,0,0,4,29,33,12
85035,85,167,531,771,151,25,37,17,47,21,429,726,144
04035,04,7,36,24,4,2,6,0,11,1,28,31,2
18035,18,18,110,97,28,9,0,3,0,2,76,84,20
23035,23,10,49,55,16,5,10,0,3,7,55,52,23
40035,40,16,38,60,26,0,1,0,10,6,55,38,17
66035,66,5,13,3,0,1,2,0,0,0,0,12,6
56035,56,26,89,147,37,2,7,0,0,4,91,116,46
06035,06,16,151,104,23,0,0,3,0,4,67,147,22
82035,82,10,44,35,9,4,6,0,0,7,27,36,10
84035,84,490,3274,2010,489,72,105,42,186,128,1962,2071,472
69035,69,12,34,59,13,1,4,0,0,6,20,52,19
42035,42,10,19,17,6,0,3,0,14,0,17,14,6
19035,19,14,42,68,22,6,0,6,13,0,54,49,17
36035,36,23,121,102,38,8,6,6,27,4,105,100,26
41035,41,21,83,60,16,2,0,1,4,0,43,70,14
87035,87,15,48,64,12,0,0,4,0,0,53,32,22
05035,05,6,0,0,0,2,3,0,0,0,0,7,1
29035,29,16,49,116,35,2,3,0,17,1,82,75,36
90035,90,14,101,76,24,2,0,0,0,8,66,66,24
13035,13,150,1007,703,163,15,30,4,66,24,798,726,171
34035,34,21,150,117,36,2,7,5,0,3,112,101,38
44035,44,405,1307,2757,774,52,103,31,242,70,2081,1876,727
92035,92,334,950,3943,881,36,88,39,125,130,2160,3654,873
03035,03,10,25,27,11,3,0,5,0,3,15,23,2
83035,83,146,822,465,80,3,33,15,16,30,386,674,78
25035,25,60,299,288,74,13,19,6,21,10,217,272,72
22035,22,27,79,130,41,8,10,0,8,0,105,92,37
24035,24,29,126,147,33,3,11,4,24,5,143,107,54
62036,62,20,122,72,19,5,6,0,10,6,71,50,23
64036,64,4,25,47,10,3,0,0,14,2,25,22,13
65036,65,6,19,18,4,1,4,0,0,0,12,6,5
57036,57,4,19,11,5,0,0,1,0,0,10,13,6
80036,80,14,80,52,10,5,3,4,0,3,28,45,8
02036,02,7,15,6,0,0,0,4,0,5,1,4,0
70036,70,0,28,17,4,0,0,0,0,4,4,16,3
76036,76,16,78,75,21,1,0,6,3,1,82,60,18
78036,78,17,39,73,12,0,3,0,13,5,39,67,16
08036,08,0,16,6,0,0,6,0,5,2,8,15,7
21036,21,2,10,7,0,0,4,0,0,4,0,12,2
31036,31,23,121,178,49,6,16,5,17,7,158,113,68
25036,25,44,215,200,47,13,8,4,23,11,154,198,59
59036,59,89,526,363,117,9,29,11,30,17,392,306,116
60036,60,4,51,29,7,1,7,1,6,3,27,35,3
54036,54,29,150,120,39,3,7,5,0,5,97,91,31
14036,14,2,12,16,10,5,0,1,0,6,10,11,10
51036,51,12,74,45,10,7,1,0,12,1,37,48,9
88036,88,0,16,11,0,0,3,2,0,2,0,10,6
50036,50,12,50,46,11,0,2,0,7,4,40,41,9
33036,33,97,391,553,170,7,28,5,76,19,485,371,167
55036,55,0,12,10,5,2,0,0,0,0,3,8,5
17036,17,14,76,72,16,0,5,0,16,8,63,71,13
32036,32,16,60,73,33,0,2,0,21,8,58,61,25
26036,26,0,10,11,1,0,0,5,2,3,17,11,3
38036,38,0,13,13,0,0,0,0,7,0,7,7,5
61036,61,4,15,22,9,5,6,0,0,0,0,23,10
73036,73,19,81,92,19,7,5,3,0,7,59,84,22
11036,11,6,21,17,2,4,6,1,1,1,19,16,6
24036,24,5,21,20,7,0,0,1,3,0,15,10,7
28036,28,21,96,92,19,2,7,0,0,5,71,89,27
63036,63,9,30,45,13,0,0,0,0,3,35,33,11
30036,30,60,401,244,74,19,11,11,6,20,285,246,57
67036,67,11,35,30,14,3,0,3,0,6,18,37,14
68036,68,90,312,219,46,6,8,1,9,16,171,265,52
2B036,2B,6,12,12,6,0,3,0,5,0,3,9,5
71036,71,1,5,10,4,0,0,2,0,0,1,4,5
74036,74,15,45,58,7,0,0,0,0,0,36,54,14
07036,07,15,51,49,9,0,4,0,2,3,56,47,14
77036,77,6,16,15,1,0,0,0,0,0,1,10,8
45036,45,30,106,103,25,0,3,5,0,0,68,100,27
43036,43,11,53,48,12,0,0,0,0,7,31,34,15
58036,58,7,54,60,20,3,5,5,0,0,40,46,10
49036,49,11,48,83,15,0,0,0,31,2,51,68,24
03036,03,53,240,267,60,9,15,6,31,12,225,200,51
47036,47,10,47,41,7,2,0,4,0,0,29,36,5
86036,86,18,80,95,24,3,11,0,6,0,76,75,23
81036,81,23,129,141,43,0,8,3,38,1,114,98,40
53036,53,25,80,110,30,1,8,0,0,0,71,130,24
37036,37,3,22,32,5,0,5,4,0,6,17,18,2
18036,18,15,59,67,18,1,5,0,0,5,48,51,16
12036,12,20,52,83,21,0,0,0,9,5,58,70,14
23036,23,23,99,106,31,10,13,0,3,0,100,76,36
27036,27,22,73,52,17,0,8,0,0,1,40,58,19
16036,16,8,25,29,5,0,0,0,16,0,20,28,6
40036,40,53,265,395,137,1,26,9,58,9,310,255,121
72036,72,5,24,29,13,4,2,0,0,5,13,44,10
66036,66,4,6,6,0,0,3,4,0,0,0,8,0
48036,48,5,21,17,2,5,0,5,14,0,12,17,0
06036,06,5,57,36,3,6,2,0,0,7,11,53,7
56036,56,159,630,966,247,16,53,19,69,31,620,714,259
83036,83,209,1308,776,156,27,34,12,47,44,632,1041,154
69036,69,28,85,135,33,0,8,1,0,8,80,121,37
42036,42,11,52,52,18,4,0,0,0,0,46,34,14
36036,36,3,20,18,8,2,3,0,0,3,17,23,1
15036,15,11,49,74,20,0,2,0,13,4,50,58,8
19036,19,32,112,185,36,7,7,4,5,2,136,119,42
87036,87,16,49,86,29,4,5,0,3,1,71,41,27
41036,41,17,49,37,8,4,0,0,0,6,30,52,12
44036,44,248,770,1578,442,47,72,15,33,46,1174,1039,419
84036,84,83,521,324,65,10,22,6,24,18,274,324,77
05036,05,34,144,141,36,0,10,2,4,4,128,127,38
29036,29,6,34,78,26,0,2,3,20,4,45,44,23
90036,90,4,31,30,8,2,7,0,10,2,25,23,9
13036,13,79,554,402,113,3,10,15,53,19,470,432,94
92036,92,399,1116,4693,1031,73,115,62,168,157,2604,4297,1019
89036,89,7,30,29,3,0,1,5,1,2,19,28,1
85036,85,12,59,83,9,1,6,0,18,5,33,73,9
22036,22,4,17,24,13,0,3,1,0,0,12,21,12
34036,34,31,189,151,58,5,12,5,21,12,157,137,49
46036,46,1,7,12,9,2,1,0,12,5,10,8,4
04036,04,25,123,104,33,0,9,6,0,6,72,100,32
82036,82,8,19,21,9,0,3,5,0,0,8,9,4
01036,01,47,165,144,29,0,13,9,30,1,88,149,31
62037,62,73,506,263,70,14,7,2,36,7,284,193,86
64037,64,22,87,154,38,7,7,1,27,7,116,112,40
65037,65,0,6,14,5,2,4,0,0,0,7,13,5
57037,57,6,31,22,3,0,3,0,16,5,25,24,3
80037,80,3,15,11,1,3,3,2,0,1,3,14,2
02037,02,28,230,105,30,11,5,6,0,9,93,94,20
70037,70,4,48,30,13,1,7,0,0,5,25,24,12
91037,91,5,26,39,12,6,0,3,0,1,26,22,11
08037,08,22,104,56,15,4,1,5,0,2,51,54,19
21037,21,11,40,49,10,5,3,0,0,0,30,33,10
59037,59,87,483,361,103,18,12,0,14,17,345,286,102
31037,31,30,121,195,51,1,4,3,19,9,177,112,61
54037,54,11,53,51,19,5,6,0,2,0,54,33,11
60037,60,9,61,49,10,2,7,0,7,0,38,32,15
52037,52,15,67,43,7,2,0,3,2,6,27,40,14
39037,39,11,31,22,4,5,0,4,0,0,12,17,11
27037,27,27,161,102,31,0,10,3,5,3,92,111,26
09037,09,0,2,2,2,2,0,3,5,0,2,5,3
51037,51,15,47,41,12,0,1,1,0,0,25,37,10
88037,88,28,114,78,19,3,4,1,13,9,75,76,25
55037,55,2,22,16,8,3,1,0,0,0,4,17,2
32037,32,8,9,19,2,4,2,5,0,2,1,13,5
26037,26,91,470,440,115,9,15,11,30,18,391,372,120
33037,33,45,196,314,87,14,16,5,21,5,247,202,76
17037,17,14,55,65,12,0,1,1,39,1,48,53,10
61037,61,8,21,13,0,6,0,3,0,1,11,19,7
38037,38,19,99,127,28,0,2,6,2,6,99,78,37
16037,16,7,9,11,2,1,0,0,0,5,8,12,5
40037,40,30,150,204,66,0,4,3,71,8,167,149,80
10037,10,19,68,50,10,6,0,5,0,0,16,55,7
24037,24,560,2662,2812,810,86,202,46,231,113,2896,2131,778
11037,11,22,126,78,33,7,1,0,8,0,83,57,31
63037,63,14,49,65,25,0,4,0,0,6,63,37,20
30037,30,58,342,235,59,7,11,12,29,21,248,214,61
67037,67,7,44,46,11,0,7,4,5,3,30,35,8
2B037,2B,74,841,582,134,15,27,7,275,15,449,798,125
68037,68,18,58,49,14,0,5,6,0,0,27,53,10
71037,71,8,9,19,8,0,4,0,0,0,0,6,6
72037,72,0,9,11,5,4,0,2,0,0,0,16,1
77037,77,181,701,688,166,13,25,11,23,42,619,565,169
45037,45,7,47,38,11,0,5,2,0,5,27,35,7
07037,07,4,34,27,12,0,2,0,0,0,24,21,6
53037,53,15,64,87,23,0,4,0,0,0,53,101,19
34037,34,47,396,317,89,11,17,3,0,20,348,274,94
47037,47,10,25,21,8,0,2,0,12,0,17,15,10
46037,46,2,13,8,2,2,4,0,0,1,7,10,3
74037,74,56,166,206,39,4,5,4,4,7,141,208,52
03037,03,7,26,26,7,0,0,0,0,0,25,21,1
81037,81,31,160,149,43,7,8,0,18,3,140,108,49
58037,58,16,84,75,18,8,4,0,0,3,53,58,18
85037,85,12,45,77,18,0,4,1,0,7,43,76,14
86037,86,6,39,60,12,5,8,1,5,0,50,31,10
18037,18,30,118,101,21,6,3,0,4,9,92,100,22
12037,12,18,47,91,18,0,7,0,2,3,64,76,21
37037,37,9,22,27,14,1,2,2,3,5,21,28,5
35037,35,122,382,865,246,15,43,10,40,29,555,538,249
23037,23,6,6,8,4,0,4,0,0,5,13,15,0
01037,01,10,45,29,4,0,0,0,0,7,21,31,13
89037,89,17,78,44,11,6,0,0,7,5,40,56,7
28037,28,9,46,33,4,0,0,1,0,0,24,37,13
66037,66,280,2243,1397,400,29,90,21,188,59,1548,1312,379
82037,82,159,816,626,194,17,28,5,93,27,559,536,184
06037,06,14,60,47,7,2,0,0,0,0,24,57,8
48037,48,0,9,18,7,4,1,4,0,1,13,16,0
42037,42,22,80,86,21,0,3,0,0,6,54,64,25
69037,69,20,60,91,30,1,8,0,0,0,58,89,26
19037,19,27,115,155,44,0,13,1,30,0,120,112,44
15037,15,23,104,161,31,0,6,0,25,4,86,129,28
44037,44,71,197,396,112,4,13,8,18,12,295,275,106
84037,84,49,273,187,39,7,11,11,20,7,175,175,39
05037,05,17,63,59,17,6,3,3,0,1,49,54,10
29037,29,83,323,621,222,6,36,0,67,25,426,376,235
90037,90,21,127,107,26,0,6,0,25,3,100,94,23
94037,94,262,690,1701,453,29,56,11,132,52,1457,1220,452
83037,83,36,216,130,21,4,6,6,35,9,104,181,20
36037,36,6,31,29,5,0,6,0,9,0,24,25,3
41037,41,1,21,15,3,0,4,1,8,6,16,18,10
87037,87,7,16,33,4,0,7,2,0,0,21,10,13
22037,22,10,26,44,14,2,7,0,0,0,25,34,17
13037,13,139,946,716,151,19,27,9,26,40,731,711,169
43037,43,10,35,34,7,3,0,0,0,0,32,31,11
04037,04,6,3,11,0,5,6,2,0,5,0,11,2
14037,14,13,54,78,25,0,8,1,9,7,53,53,14
64038,64,56,227,462,136,12,37,3,91,8,331,289,129
62038,62,99,751,399,110,24,25,9,19,18,369,302,98
65038,65,5,0,0,5,0,0,1,0,3,0,0,0
80038,80,5,13,17,4,0,0,3,0,3,8,8,5
57038,57,150,738,525,134,19,29,15,32,32,426,443,128
76038,76,11,56,46,13,3,1,0,2,0,46,41,13
70038,70,13,39,32,9,1,4,0,2,0,18,29,5
91038,91,37,91,131,40,0,8,0,0,11,80,100,40
21038,21,155,674,675,159,12,31,2,35,32,516,625,176
08038,08,4,48,26,7,0,3,3,4,0,29,18,7
59038,59,35,198,141,43,8,5,0,0,9,130,105,44
25038,25,1,18,15,8,0,0,0,9,0,22,21,2
31038,31,12,52,86,33,0,1,0,17,3,73,51,25
54038,54,23,80,73,24,8,6,3,0,8,54,57,17
14038,14,12,79,94,20,2,5,4,0,0,61,79,23
39038,39,4,19,15,0,0,0,5,0,6,12,13,5
51038,51,1,25,18,2,0,0,0,22,0,10,19,3
52038,52,3,8,11,1,0,1,0,0,3,0,10,0
88038,88,6,0,5,0,5,5,0,0,0,0,0,0
50038,50,11,43,42,9,2,1,0,0,1,31,39,11
55038,55,0,6,7,3,0,3,2,0,0,2,8,1
26038,26,23,134,115,35,6,11,6,5,1,109,98,26
32038,32,7,16,25,6,6,5,0,0,0,13,18,9
17038,17,13,47,58,8,1,4,3,9,3,50,44,12
48038,48,15,59,55,9,2,7,3,1,8,52,64,21
61038,61,31,157,133,27,7,13,5,12,5,87,157,34
38038,38,19,60,66,17,0,2,0,0,8,47,49,14
16038,16,12,31,32,12,4,3,3,1,0,31,26,4
10038,10,8,21,21,0,0,0,0,1,0,15,21,2
40038,40,8,15,12,5,0,4,0,0,0,1,13,10
89038,89,9,14,9,8,3,4,0,0,0,0,12,0
24038,24,11,48,47,7,1,5,1,2,0,40,36,14
63038,63,38,151,228,61,2,8,2,24,4,173,139,66
11038,11,5,8,2,1,0,3,5,0,1,7,1,1
30038,30,2,54,37,7,0,7,0,11,0,34,25,9
67038,67,7,34,36,2,3,4,3,9,1,15,26,2
2A038,2A,5,6,2,0,0,2,4,9,0,1,9,0
68038,68,45,141,104,29,4,3,3,29,8,75,113,20
74038,74,42,118,152,34,2,3,1,0,4,86,155,35
79038,79,21,96,127,37,3,13,2,0,8,93,102,41
77038,77,16,48,38,12,0,0,0,8,6,34,32,6
45038,45,5,37,36,6,5,0,0,18,4,22,34,5
07038,07,1,1,9,2,0,1,4,0,3,0,10,0
53038,53,8,15,28,0,1,0,0,0,5,0,26,7
49038,49,11,19,25,11,3,0,0,1,0,18,29,5
43038,43,41,124,122,30,8,3,7,15,6,86,103,20
47038,47,15,77,55,20,0,2,2,9,1,61,52,13
72038,72,9,58,55,15,0,6,0,0,5,37,81,12
03038,03,19,61,70,15,3,1,0,2,5,48,44,11
81038,81,50,252,244,76,14,13,0,23,11,237,205,73
46038,46,30,111,184,53,6,6,2,0,7,150,112,45
58038,58,9,16,23,9,1,0,4,0,0,0,17,7
86038,86,9,27,30,13,0,0,0,12,0,22,18,9
12038,12,4,9,30,4,2,5,0,0,5,18,15,8
18038,18,10,64,58,18,0,2,5,7,0,55,54,12
35038,35,19,43,93,32,6,0,0,0,0,39,53,27
37038,37,25,73,96,22,4,0,5,0,2,47,83,25
23038,23,3,22,21,4,3,0,0,15,0,19,21,10
33038,33,14,81,112,36,7,9,0,0,8,65,65,35
01038,01,28,99,79,13,7,3,0,0,2,53,84,23
28038,28,9,11,18,6,0,6,0,0,6,0,7,0
66038,66,117,931,559,153,9,23,16,103,32,623,513,136
82038,82,36,203,157,41,3,10,3,10,5,132,138,42
42038,42,26,79,77,19,7,3,4,10,0,65,72,16
69038,69,18,71,116,32,3,3,0,0,4,83,100,32
19038,19,47,130,217,47,8,13,0,1,14,139,137,49
36038,36,9,22,21,7,0,0,0,0,6,7,13,3
15038,15,30,97,129,22,0,12,6,0,2,60,126,30
87038,87,52,198,256,75,2,18,1,27,12,238,156,82
44038,44,57,178,365,116,12,19,6,16,9,264,243,108
84038,84,98,676,409,95,16,7,6,39,26,412,413,90
05038,05,15,45,39,9,0,0,2,0,7,31,33,10
83038,83,6,71,44,6,5,1,6,0,7,25,71,10
06038,06,60,427,291,56,4,5,4,39,18,242,432,48
29038,29,27,80,144,59,8,12,6,0,3,92,96,50
13038,13,79,555,397,85,3,22,4,64,14,419,427,98
94038,94,481,1293,3252,858,48,114,48,107,160,2661,2307,906
09038,09,5,41,29,17,6,6,0,0,5,33,22,9
41038,41,12,43,46,8,2,4,0,3,4,30,41,12
34038,34,30,186,150,43,5,4,3,0,6,134,127,41
02038,02,0,16,9,7,3,3,0,0,2,0,2,4
27038,27,9,37,25,12,0,7,0,0,4,15,19,8
71038,71,14,60,45,9,0,0,0,24,4,36,40,9
85038,85,71,232,359,69,15,21,5,9,6,167,346,70
64039,64,5,22,30,8,0,6,3,0,4,14,28,14
62039,62,27,166,97,26,0,4,4,0,0,81,75,30
65039,65,6,4,6,1,1,0,5,0,1,7,9,1
05039,05,27,88,81,23,2,2,6,0,2,77,78,20
57039,57,58,260,191,56,10,7,7,0,11,167,160,45
80039,80,38,250,193,34,14,12,5,0,5,135,129,46
70039,70,9,46,35,3,7,2,0,2,1,26,36,11
02039,02,3,25,20,5,6,0,4,0,6,0,11,9
95039,95,145,570,836,204,12,34,19,51,37,710,581,233
08039,08,19,82,51,9,4,7,4,10,0,45,39,8
21039,21,2,6,10,0,0,0,0,0,1,0,3,3
25039,25,15,103,85,18,2,5,6,3,4,69,88,29
59039,59,16,118,70,23,7,2,4,0,8,77,69,18
54039,54,103,477,413,125,13,23,7,25,20,352,318,113
31039,31,6,3,8,3,0,1,3,0,3,0,8,3
60039,60,11,75,46,14,7,6,1,0,6,8,41,12
14039,14,25,69,100,27,5,7,0,0,3,48,83,29
27039,27,21,90,62,8,0,0,3,0,3,32,60,20
39039,39,6,27,19,9,2,0,5,0,0,0,25,10
51039,51,0,10,11,2,0,0,0,11,0,11,8,5
52039,52,7,2,9,5,5,6,0,0,1,0,11,4
88039,88,14,42,31,9,3,2,2,0,0,17,35,12
50039,50,0,9,23,0,0,0,0,0,5,7,18,9
26039,26,10,90,75,16,11,8,2,7,6,74,75,26
32039,32,8,0,19,1,5,5,2,0,3,0,12,5
17039,17,1,22,26,1,6,0,0,3,0,23,28,2
73039,73,15,68,58,20,4,0,2,0,4,46,66,18
10039,10,9,25,8,2,5,0,0,0,6,0,10,7
16039,16,6,49,52,15,7,1,0,6,5,48,38,11
38039,38,97,396,437,118,9,19,9,38,14,357,315,125
24039,24,6,25,20,1,0,0,0,0,0,16,20,10
40039,40,0,7,10,7,0,0,4,15,0,15,10,0
63039,63,8,32,49,8,6,0,0,7,1,35,30,7
30039,30,43,320,195,54,5,10,2,29,15,241,182,51
67039,67,14,52,55,16,0,8,4,1,0,36,47,17
68039,68,14,78,48,19,0,5,0,0,5,35,66,14
2B039,2B,2,51,38,3,3,6,0,1,0,29,42,12
71039,71,1,18,16,3,2,0,0,19,0,14,20,5
77039,77,33,119,115,24,4,4,0,5,7,103,89,25
45039,45,19,81,71,13,5,4,0,11,5,49,61,15
72039,72,73,362,362,101,14,25,7,14,10,295,478,105
47039,47,0,0,4,6,5,0,1,0,0,0,1,6
34039,34,41,247,188,51,0,7,0,8,9,233,174,58
07039,07,12,30,34,9,0,3,2,0,6,17,28,10
46039,46,2,13,21,7,6,2,0,0,0,18,21,12
03039,03,14,40,46,14,6,4,0,0,0,29,43,16
81039,81,44,212,225,68,1,15,6,18,10,209,186,56
37039,37,8,41,59,12,0,0,0,1,0,51,54,18
12039,12,7,36,44,9,2,0,2,11,0,41,37,16
86039,86,20,71,81,26,0,8,2,0,6,61,62,21
58039,58,8,31,39,7,0,0,1,4,3,26,23,13
35039,35,44,140,282,87,7,8,0,35,9,166,192,79
18039,18,9,40,38,4,0,0,0,2,6,37,25,11
33039,33,485,2153,3021,874,89,192,42,269,75,2488,1962,863
01039,01,14,61,47,17,3,0,0,0,8,24,52,14
89039,89,1,11,10,7,0,0,0,0,5,2,5,0
28039,28,42,200,161,46,2,7,6,14,11,125,164,37
66039,66,3,31,19,2,2,0,0,7,1,14,12,4
04039,04,36,163,128,28,2,7,0,34,8,156,119,35
82039,82,12,70,57,18,1,3,2,10,7,52,55,13
42039,42,18,77,67,19,0,7,0,11,1,35,41,24
69039,69,19,52,80,18,2,4,0,19,0,64,75,16
19039,19,6,28,37,12,0,0,1,8,3,34,23,7
48039,48,34,115,146,34,4,7,4,23,8,129,148,37
44039,44,24,76,151,47,4,1,1,0,2,128,108,38
87039,87,20,83,119,26,5,4,0,0,3,93,69,29
06039,06,18,152,102,13,6,7,2,0,5,62,146,16
83039,83,0,26,11,5,0,0,2,16,0,10,25,0
29039,29,428,1495,3152,1161,70,154,47,107,86,2029,1906,1168
84039,84,138,821,517,135,8,23,14,66,25,541,541,116
90039,90,88,398,316,79,8,28,7,0,26,263,281,82
13039,13,325,2258,1626,375,54,44,21,93,85,1768,1643,355
93039,93,83,347,588,207,15,29,8,10,48,808,302,209
09039,09,5,35,33,12,1,7,0,0,2,28,23,13
61039,61,4,6,20,7,3,5,2,0,0,0,20,7
11039,11,2,12,4,4,0,0,1,0,0,1,5,0
85039,85,113,369,499,96,18,26,4,10,16,260,473,89
23039,23,18,64,67,29,8,1,1,0,7,56,54,19
56039,56,28,74,122,29,4,5,0,14,2,80,96,33
41039,41,15,77,60,24,5,0,3,10,0,59,74,16
22039,22,14,36,73,26,0,0,0,2,6,54,55,17
53039,53,48,141,211,51,6,13,3,18,6,121,233,49
43039,43,20,79,78,11,0,3,2,0,7,55,58,11
76039,76,30,158,133,35,4,11,2,8,2,131,116,34
64040,64,23,82,141,45,0,13,0,58,9,105,98,40
62040,62,207,1575,827,243,62,48,9,22,36,785,629,229
65040,65,7,27,36,9,0,5,0,0,0,21,23,10
57040,57,9,41,30,3,1,7,0,0,0,16,28,3
80040,80,4,30,28,3,0,0,0,3,4,18,12,3
76040,76,8,35,28,5,2,0,0,0,0,16,25,8
02040,02,7,27,15,1,0,0,0,1,1,17,20,7
70040,70,12,42,27,8,0,0,2,0,6,4,25,11
95040,95,14,75,97,30,0,2,1,0,5,86,77,30
21040,21,1,13,10,0,2,0,0,0,0,9,8,4
31040,31,1,3,10,0,4,2,0,0,0,0,1,5
25040,25,14,85,77,22,6,8,5,0,5,70,81,17
54040,54,30,189,152,43,1,11,3,16,9,149,117,43
60040,60,21,96,66,19,0,8,0,0,7,39,50,12
14040,14,2,25,34,6,0,0,2,0,0,21,23,13
27040,27,16,66,47,15,1,1,5,4,1,41,39,10
39040,39,6,26,17,0,1,0,5,0,4,8,24,10
51040,51,7,42,27,7,3,6,0,0,1,6,29,7
52040,52,7,6,9,5,0,0,3,0,0,0,1,1
88040,88,14,40,36,4,2,5,0,0,0,16,27,12
50040,50,4,13,22,5,0,6,0,5,0,10,15,6
26040,26,1,10,17,8,5,2,5,0,1,0,9,7
55040,55,10,35,32,2,8,2,1,0,2,5,32,6
61040,61,34,123,111,32,5,2,4,0,0,85,140,24
16040,16,9,24,29,5,0,2,5,10,0,26,21,13
10040,10,4,27,20,2,0,3,1,0,6,6,28,2
73040,73,19,58,56,15,0,2,0,0,3,51,51,15
38040,38,3,18,24,7,6,4,0,0,0,16,22,12
89040,89,2,34,23,5,4,2,1,0,0,11,19,9
40040,40,10,35,42,12,1,2,4,22,0,35,34,16
24040,24,11,46,57,13,6,0,0,19,4,51,49,13
28040,28,5,28,27,10,0,2,0,19,0,16,32,2
63040,63,102,375,587,148,19,27,10,34,29,452,344,153
67040,67,29,125,106,27,0,2,6,23,9,66,102,29
68040,68,70,257,198,44,11,13,4,0,11,123,217,36
11040,11,27,209,162,52,2,9,0,49,9,156,109,44
30040,30,3,22,19,7,0,5,0,0,2,12,17,5
71040,71,171,739,655,183,30,40,16,65,35,490,563,188
2A040,2A,9,94,54,6,4,3,0,19,4,45,74,6
77040,77,101,353,392,85,8,16,8,29,26,338,288,95
74040,74,83,255,319,74,8,14,3,12,11,203,330,76
45040,45,60,184,189,45,6,14,9,10,2,113,169,51
07040,07,5,31,20,7,2,0,0,1,1,28,24,7
53040,53,21,50,62,20,3,0,0,0,0,38,75,14
47040,47,48,211,187,48,1,9,0,35,12,172,159,45
34040,34,1,10,4,0,3,1,3,0,2,14,2,3
03040,03,28,138,161,32,6,2,1,12,8,132,113,32
35040,35,81,241,531,171,12,21,9,36,11,324,330,153
58040,58,5,17,16,2,4,4,1,0,3,4,17,1
43040,43,187,732,741,172,17,48,6,105,17,560,572,168
37040,37,12,32,32,15,5,7,0,0,0,16,28,5
81040,81,13,53,50,12,2,7,3,0,0,30,43,19
18040,18,7,42,39,11,4,2,1,0,6,30,31,5
32040,32,0,20,14,11,0,3,0,0,3,3,19,5
33040,33,13,78,106,34,0,5,0,8,4,93,78,32
01040,01,12,63,46,17,6,3,0,0,0,20,52,17
46040,46,2,19,35,10,0,5,0,4,0,23,22,9
66040,66,0,4,2,0,0,0,3,13,1,1,2,0
82040,82,12,37,29,15,0,0,2,21,0,26,24,10
19040,19,2,13,27,7,0,4,3,0,5,13,17,9
69040,69,112,403,654,168,15,17,22,45,15,458,577,154
15040,15,8,9,19,5,3,0,0,0,0,7,17,0
05040,05,84,336,312,87,7,21,10,30,7,321,264,73
06040,06,2,22,11,0,0,0,5,3,4,5,18,0
87040,87,35,125,173,52,8,8,2,0,10,145,108,52
83040,83,6,13,9,5,5,1,0,1,2,11,10,0
56040,56,74,284,457,109,20,16,11,14,6,297,337,114
22040,22,7,49,69,23,6,7,0,1,6,48,43,21
84040,84,5,56,39,13,0,7,4,7,0,42,42,5
13040,13,192,1391,946,230,12,51,12,69,34,1101,986,231
92040,92,774,2100,8932,1993,120,189,87,306,287,4826,8137,1978
09040,09,7,24,27,12,2,0,0,12,0,35,19,7
79040,79,1,25,31,3,0,7,0,9,0,15,18,9
72040,72,6,15,10,8,0,3,0,0,0,7,19,5
86040,86,7,32,51,10,3,6,0,13,6,36,37,11
85040,85,22,82,124,21,2,7,6,40,1,80,124,22
23040,23,3,16,11,0,0,0,0,2,6,15,17,4
42040,42,4,7,11,4,4,0,3,0,0,0,7,5
36040,36,1,15,16,5,0,5,0,0,2,0,16,0
41040,41,29,94,79,17,0,0,0,18,0,60,87,16
04040,04,6,7,5,1,5,1,0,6,0,6,5,0
29040,29,65,207,432,159,7,17,5,32,10,289,260,162
08040,08,25,142,75,17,3,2,0,6,0,70,74,26
64041,64,14,57,90,32,3,3,0,33,5,74,63,28
62041,62,860,5826,3125,893,181,204,71,161,115,3057,2430,843
65041,65,6,10,19,5,0,6,0,3,1,12,6,0
57041,57,79,336,245,65,10,17,5,28,9,163,197,63
80041,80,0,18,18,7,3,0,0,0,2,12,15,8
02041,02,20,159,89,21,8,6,0,0,6,72,76,17
70041,70,16,63,39,7,3,0,0,0,7,27,42,12
21041,21,1,16,25,6,6,0,2,2,0,16,17,3
91041,91,30,73,107,36,0,7,0,21,5,98,75,24
59041,59,56,297,200,53,20,10,9,32,3,225,171,64
31041,31,7,6,18,3,0,0,0,0,0,15,6,7
54041,54,6,17,17,9,0,6,2,0,0,7,16,6
60041,60,58,312,203,47,10,12,2,20,9,178,183,46
25041,25,7,36,42,5,0,1,0,10,0,25,42,14
14041,14,4,10,12,7,3,2,0,0,0,10,18,3
51041,51,2,11,11,7,3,5,1,0,0,0,13,3
39041,39,8,23,22,2,2,0,0,9,0,20,24,1
88041,88,6,12,7,1,5,4,2,0,0,0,10,8
08041,08,3,29,23,7,0,2,5,2,0,17,19,1
26041,26,41,161,138,34,0,12,0,8,8,144,132,45
55041,55,27,120,74,12,0,4,4,6,0,58,67,16
32041,32,0,19,22,1,4,6,5,0,1,7,14,6
61041,61,10,24,25,2,4,3,0,2,2,12,26,7
17041,17,34,133,162,36,9,13,1,0,5,117,125,41
10041,10,6,4,6,0,4,0,0,0,0,7,3,0
16041,16,3,19,13,0,0,1,0,11,0,14,6,2
38041,38,0,11,19,8,0,3,0,0,6,3,10,1
01041,01,17,92,70,23,0,0,6,9,3,50,67,19
73041,73,7,37,46,5,5,6,3,0,0,27,31,9
89041,89,7,40,31,10,3,0,0,0,1,22,27,4
40041,40,7,15,11,2,0,0,0,13,1,10,10,5
63041,63,9,30,54,15,0,1,0,0,0,33,31,11
11041,11,24,169,111,38,1,4,0,33,1,120,81,38
28041,28,1,25,21,1,5,5,5,2,0,18,17,1
30041,30,29,206,113,34,8,9,0,7,4,132,117,30
68041,68,75,278,181,44,7,14,4,5,17,137,208,42
71041,71,8,14,14,0,0,0,4,0,0,3,14,0
77041,77,12,37,32,9,0,0,3,0,5,24,32,5
2A041,2A,49,471,308,57,17,26,6,105,20,228,432,68
74041,74,3,25,28,3,0,4,4,0,0,19,35,8
45041,45,1,5,21,8,1,5,2,0,0,0,15,9
07041,07,46,237,223,59,4,17,2,24,7,223,184,58
72041,72,11,30,35,6,4,0,5,0,6,0,50,11
49041,49,59,170,255,54,0,18,7,15,4,140,222,60
53041,53,10,15,28,10,4,4,1,0,3,0,36,6
35041,35,16,56,124,34,0,4,0,30,5,80,89,38
34041,34,20,103,75,16,2,0,0,9,8,97,59,16
58041,58,9,17,24,7,0,5,0,0,4,11,15,4
43041,43,117,426,449,95,16,18,0,55,15,319,356,105
81041,81,0,9,15,0,1,1,4,7,0,14,15,3
47041,47,18,82,71,23,0,5,0,0,4,60,64,24
37041,37,8,33,39,9,0,4,5,0,1,28,34,16
86041,86,230,892,1151,336,46,69,22,80,41,886,866,337
12041,12,8,19,39,11,1,3,0,6,0,32,35,7
46041,46,5,20,22,11,6,1,3,0,0,0,18,5
66041,66,17,122,70,22,0,3,5,16,3,84,79,24
82041,82,7,28,20,3,0,0,3,20,6,22,23,2
85041,85,7,33,45,12,3,0,4,0,0,9,45,8
42041,42,9,71,58,14,1,7,0,1,3,51,48,18
19041,19,18,47,74,23,0,10,3,0,0,63,48,18
48041,48,4,15,13,0,0,1,2,3,0,10,11,5
87041,87,48,169,262,70,11,18,2,24,6,239,149,66
06041,06,6,55,35,4,0,0,0,3,3,35,60,4
83041,83,19,93,58,6,4,0,5,0,2,32,80,15
56041,56,65,247,380,99,9,18,10,0,13,207,296,111
22041,22,4,22,34,10,0,7,0,0,4,19,18,6
29041,29,36,116,241,80,16,8,7,0,8,132,159,99
84041,84,9,80,50,10,5,0,0,22,0,52,57,19
90041,90,30,191,146,41,7,10,3,38,13,136,127,46
13041,13,421,2865,2071,476,57,81,20,172,79,2226,2103,492
94041,94,739,2045,5084,1377,108,152,46,216,215,4177,3665,1351
09041,09,2,18,19,5,0,5,0,11,5,18,8,6
18041,18,0,20,26,9,3,1,0,13,0,16,14,2
23041,23,8,33,35,13,0,7,0,0,0,17,30,14
36041,36,9,15,13,0,5,2,2,0,4,10,13,6
41041,41,1,17,18,1,0,0,0,16,6,20,17,0
15041,15,3,22,36,7,5,0,3,0,0,13,23,11
44041,44,138,370,781,221,12,33,9,41,21,584,535,225
50041,50,315,1147,1425,352,79,81,18,142,71,865,1208,364
03041,03,8,43,35,11,0,5,0,0,0,34,26,14
04041,04,2,27,25,8,4,5,2,3,3,24,23,6
76041,76,35,192,159,47,7,11,3,0,13,144,131,48
64042,64,11,40,98,28,0,7,0,29,4,64,63,27
65042,65,12,44,76,16,0,1,1,23,0,60,47,13
62042,62,27,185,94,28,8,8,0,0,4,95,82,25
80042,80,8,16,8,8,0,2,0,0,0,6,11,4
70042,70,7,14,15,0,3,0,0,0,0,8,4,1
76042,76,1,8,13,6,0,0,0,3,0,12,7,7
57042,57,13,89,59,14,6,1,2,8,2,45,47,16
02042,02,8,63,28,4,0,2,0,13,0,35,27,9
59042,59,39,202,159,45,9,5,2,14,1,153,134,47
21042,21,1,14,10,7,0,0,0,23,0,8,8,1
31042,31,49,235,378,130,10,18,2,3,18,347,250,116
95042,95,45,161,218,62,1,4,6,1,17,224,168,59
60042,60,42,224,134,38,10,11,6,6,12,123,126,35
54042,54,5,47,37,12,0,0,4,0,0,27,34,14
14042,14,26,101,117,30,0,6,6,14,2,91,104,32
27042,27,5,9,14,4,0,5,0,0,0,2,4,5
39042,39,16,61,56,8,0,5,1,2,6,49,40,14
51042,51,13,59,44,13,4,2,0,0,3,20,42,8
88042,88,5,8,7,5,0,4,0,0,4,0,5,7
52042,52,4,12,14,0,3,4,0,0,0,0,15,1
26042,26,52,264,244,62,16,14,11,13,13,202,223,72
50042,50,7,41,54,13,7,0,3,7,4,42,40,15
33042,33,102,450,657,186,13,34,19,28,19,531,406,184
55042,55,21,73,47,13,1,1,0,3,0,34,44,13
32042,32,9,16,24,2,5,1,4,0,3,0,20,5
17042,17,12,45,46,13,2,5,2,0,4,35,45,16
16042,16,0,10,10,0,0,6,0,11,5,11,9,7
01042,01,5,29,29,9,3,2,0,0,1,27,36,7
40042,40,12,34,34,19,0,2,0,3,1,30,26,8
89042,89,2,32,25,10,4,3,3,0,0,3,29,8
73042,73,5,39,38,7,0,0,4,5,3,29,29,14
24042,24,18,75,78,18,0,1,0,13,5,65,51,16
63042,63,62,309,468,125,6,25,11,83,9,394,282,107
11042,11,6,20,16,5,5,0,3,7,0,17,15,1
68042,68,133,533,382,86,11,30,9,23,33,247,430,86
30042,30,64,408,252,64,7,22,6,0,10,246,227,66
77042,77,108,385,375,91,15,18,2,18,14,341,282,86
71042,71,9,36,28,8,2,0,0,0,5,25,23,9
74042,74,306,906,1228,281,38,40,26,87,77,809,1298,232
2B042,2B,93,930,663,136,8,36,13,237,10,452,857,142
79042,79,1,16,16,2,0,3,0,17,1,12,13,8
72042,72,44,210,201,56,10,14,0,0,6,125,282,48
07042,07,163,742,689,191,29,47,15,91,37,681,560,182
53042,53,16,58,96,23,2,6,0,16,0,48,97,19
35042,35,9,34,80,28,0,0,1,14,6,48,58,26
34042,34,18,83,66,16,3,2,0,13,3,79,61,14
47042,47,2,21,23,9,3,0,0,0,0,20,17,11
58042,58,2,14,16,9,6,2,0,0,6,9,18,0
81042,81,42,227,219,58,7,15,0,39,13,216,176,70
86042,86,21,92,127,40,8,3,0,12,6,93,85,29
10042,10,13,31,29,7,1,0,2,0,5,13,24,3
38042,38,29,116,127,32,0,4,0,7,10,99,96,37
46042,46,361,1416,2280,613,77,118,26,217,60,2010,1452,637
12042,12,5,13,23,6,1,1,0,17,5,16,27,6
37042,37,4,18,25,11,0,0,1,0,0,20,24,7
66042,66,5,40,24,11,0,2,3,0,1,20,25,5
04042,04,5,28,23,8,0,0,0,0,5,8,14,3
43042,43,27,87,78,18,5,6,6,0,0,61,63,23
82042,82,33,139,113,29,1,2,3,26,3,103,104,29
23042,23,0,17,19,3,0,6,0,0,0,6,17,3
85042,85,47,148,225,55,16,9,8,1,6,107,212,51
42042,42,25,127,121,25,0,1,0,12,7,84,90,34
19042,19,21,65,101,27,7,5,4,0,3,54,67,16
36042,36,17,82,69,24,8,0,5,0,5,39,65,22
48042,48,16,89,105,27,4,11,2,0,5,88,102,30
41042,41,17,53,47,14,5,0,0,0,5,30,46,19
06042,06,12,115,84,22,0,4,1,3,3,71,120,13
22042,22,8,32,67,26,6,6,1,0,2,34,44,22
83042,83,242,1497,894,180,14,41,22,47,60,701,1209,167
56042,56,51,186,301,81,6,13,6,23,3,176,235,79
29042,29,167,609,1211,461,16,70,19,67,32,760,752,465
84042,84,47,321,185,48,2,14,2,33,4,187,192,45
90042,90,65,317,249,64,15,15,6,3,8,204,197,63
13042,13,153,1023,724,174,24,34,11,30,33,794,753,190
94042,94,336,898,2166,579,31,69,9,161,88,1795,1570,592
09042,09,22,101,90,37,3,1,0,25,6,110,51,39
18042,18,11,47,33,11,0,6,0,2,3,35,29,6
15042,15,4,25,37,14,0,4,3,5,0,31,46,5
69042,69,10,35,74,19,0,0,3,0,8,43,67,18
25042,25,3,22,22,3,6,0,0,15,5,17,25,4
03042,03,16,58,68,10,6,8,0,0,6,43,59,17
87042,87,13,38,46,18,6,8,0,0,1,34,32,10
45042,45,54,203,192,41,9,12,3,0,10,133,169,54
64043,64,3,12,31,14,0,1,5,26,0,26,20,5
65043,65,1,12,21,2,4,0,5,18,0,23,12,6
80043,80,6,34,23,7,0,0,3,18,0,25,16,4
70043,70,3,38,32,1,0,2,2,0,6,19,27,9
76043,76,21,105,90,21,4,3,4,11,5,105,74,24
57043,57,42,220,171,48,12,12,1,14,7,142,147,46
02043,02,1,9,5,3,5,0,5,0,3,0,3,0
21043,21,1,25,28,5,0,0,0,9,0,21,20,8
59043,59,335,1900,1304,393,78,53,18,104,66,1391,1149,363
60043,60,18,101,71,21,5,7,5,0,6,48,61,15
78043,78,89,243,574,144,7,17,10,19,9,307,553,137
54043,54,32,139,119,33,9,4,2,0,5,101,85,31
08043,08,44,243,142,32,7,11,0,0,3,118,124,35
31043,31,3,13,23,3,0,0,0,4,6,26,14,12
14043,14,5,1,7,7,4,4,5,0,0,0,4,4
25043,25,53,262,251,57,10,10,0,0,6,181,229,59
51043,51,61,306,232,46,3,9,3,2,13,172,252,51
88043,88,8,20,15,1,0,0,0,0,0,4,14,0
39043,39,48,137,132,43,10,6,9,17,10,107,126,23
26043,26,6,19,22,3,0,0,0,3,0,18,22,2
33043,33,6,16,35,12,4,3,1,0,0,14,25,7
55043,55,92,459,303,62,9,22,3,28,17,224,267,66
52043,52,0,10,9,0,0,0,4,0,0,0,8,4
32043,32,7,18,10,2,3,0,0,0,5,15,14,2
61043,61,21,111,94,17,7,8,5,7,4,62,120,19
17043,17,19,80,83,27,0,1,0,3,6,76,80,25
10043,10,2,16,19,0,0,0,2,0,0,8,22,3
01043,01,144,609,533,112,14,17,0,7,28,373,516,116
40043,40,18,61,71,30,3,7,0,3,2,61,54,33
38043,38,48,175,216,60,0,6,0,8,12,163,144,48
24043,24,3,16,24,10,0,3,0,3,3,15,11,2
67043,67,376,1355,1240,282,42,51,19,103,49,795,1211,295
89043,89,0,11,6,0,3,5,2,12,4,6,6,1
63043,63,8,36,62,10,2,1,0,11,5,52,34,15
30043,30,10,94,50,20,4,1,0,0,6,58,49,20
77043,77,8,40,30,11,4,0,5,0,3,29,24,7
68043,68,125,523,348,92,9,21,6,39,34,264,413,82
74043,74,152,479,577,132,10,29,7,19,33,361,626,119
45043,45,34,119,125,28,3,4,6,0,2,66,112,34
11043,11,0,27,19,12,5,0,0,0,0,27,10,10
72043,72,12,32,26,8,0,3,0,8,6,23,39,12
2B043,2B,28,267,177,34,3,10,8,57,3,142,229,34
03043,03,33,122,124,32,6,7,2,13,3,113,99,35
53043,53,19,41,68,20,3,8,3,0,3,33,65,11
81043,81,18,99,91,24,6,8,5,7,0,79,65,32
58043,58,0,11,2,1,3,0,0,1,0,8,3,0
47043,47,23,135,124,34,5,11,5,17,0,107,95,31
34043,34,6,48,38,9,0,5,3,0,0,28,33,15
46043,46,9,17,25,9,5,0,5,6,2,26,16,4
12043,12,39,146,250,58,14,16,5,33,5,176,192,60
37043,37,25,92,123,38,0,11,3,0,7,83,113,31
66043,66,0,28,16,4,0,4,0,0,0,12,11,9
23043,23,5,7,12,9,1,3,0,0,0,1,6,7
42043,42,44,200,199,55,2,8,0,17,10,178,166,56
69043,69,163,663,1069,273,43,32,10,40,49,737,938,252
15043,15,1,14,11,0,0,2,0,2,4,9,16,0
36043,36,15,72,55,15,1,4,1,6,0,57,59,21
87043,87,4,18,29,7,6,0,3,0,3,4,15,12
48043,48,13,30,32,9,3,8,0,9,3,36,40,9
41043,41,43,176,155,33,3,12,0,2,1,120,148,47
44043,44,171,490,982,285,15,38,17,45,25,686,676,282
06043,06,23,116,89,21,0,7,2,0,6,49,114,16
83043,83,36,287,164,26,0,10,6,8,13,145,218,28
82043,82,10,28,30,4,1,0,0,0,4,22,28,9
56043,56,17,58,94,25,1,1,0,24,0,72,73,27
22043,22,3,20,23,6,0,2,4,0,6,20,11,8
43043,43,12,54,68,16,4,4,0,1,2,55,53,9
29043,29,35,117,255,108,7,13,5,7,5,163,149,110
84043,84,182,1227,757,176,14,37,6,46,39,700,771,181
90043,90,9,85,66,18,0,5,1,0,0,46,51,23
13043,13,200,1373,978,256,53,43,17,17,43,1079,1021,237
09043,09,12,70,67,21,2,6,4,4,5,100,47,31
73043,73,68,281,299,71,10,9,2,47,12,240,268,73
18043,18,6,26,19,10,0,3,0,0,6,2,23,5
19043,19,16,35,65,18,1,1,4,1,7,56,42,11
94043,94,395,1043,2557,687,59,71,26,98,115,2126,1776,686
62043,62,42,344,182,60,4,7,6,6,5,167,129,58
27043,27,19,88,61,20,4,3,0,9,5,54,62,22
71043,71,1,8,4,6,1,0,5,11,0,2,5,1
04043,04,5,9,17,4,4,5,0,0,0,2,14,1
64044,64,1,9,7,8,0,0,1,0,3,2,10,7
62044,62,18,139,79,24,0,7,3,6,0,68,56,18
65044,65,5,26,37,5,2,0,3,4,0,30,22,14
80044,80,9,62,55,12,0,5,0,0,5,45,43,6
70044,70,15,69,46,7,1,3,0,0,4,20,42,10
57044,57,1,16,11,0,1,3,3,1,0,5,11,4
59044,59,130,694,477,135,12,22,12,35,15,505,423,142
60044,60,47,223,156,29,8,5,6,0,3,124,139,35
08044,08,2,20,8,1,4,6,0,0,0,0,6,7
91044,91,117,282,432,104,11,14,13,0,15,372,292,112
31044,31,290,1232,1977,616,34,55,32,144,72,1721,1222,595
21044,21,5,8,14,6,1,0,3,0,0,6,12,0
02044,02,6,1,0,0,0,0,0,0,4,0,2,6
54044,54,0,17,23,5,6,0,4,0,6,10,12,6
25044,25,4,8,5,2,2,0,1,0,1,0,2,5
14044,14,22,121,129,41,6,4,4,0,4,111,109,43
09044,09,5,25,20,9,1,3,0,0,6,23,8,8
88044,88,15,84,50,15,5,7,3,11,2,48,44,12
51044,51,22,112,83,24,7,3,2,3,0,56,95,20
33044,33,5,25,34,14,3,0,0,0,3,20,25,10
55044,55,7,0,7,0,0,0,2,0,0,0,5,5
50044,50,8,34,33,7,0,6,0,0,0,28,33,13
61044,61,17,63,54,15,0,1,0,0,0,29,66,16
17044,17,33,119,137,33,7,8,4,4,0,89,105,26
40044,40,14,86,111,36,7,10,5,16,0,79,73,31
01044,01,17,73,60,10,0,0,0,13,0,37,49,15
38044,38,33,150,182,41,7,10,6,27,8,156,117,37
16044,16,7,18,25,6,6,3,2,0,0,19,21,11
67044,67,4,26,27,4,0,0,3,5,5,25,26,12
89044,89,7,22,14,0,0,3,3,0,0,8,8,0
77044,77,20,96,99,18,0,3,0,11,7,81,79,30
63044,63,6,36,47,11,0,1,0,15,6,39,31,18
30044,30,8,13,7,8,5,5,1,0,0,3,16,3
71044,71,6,40,26,9,1,1,0,8,0,22,27,11
74044,74,17,53,57,12,5,0,0,0,0,42,70,14
45044,45,4,27,17,7,2,0,2,6,2,14,18,0
11044,11,0,12,9,0,0,0,0,17,0,7,13,3
72044,72,12,38,37,16,2,0,0,0,6,27,64,8
07044,07,1,35,33,11,6,6,0,0,0,3,27,11
35044,35,12,27,46,17,1,2,0,1,0,37,35,11
03044,03,41,164,176,48,0,8,10,6,7,115,133,35
32044,32,13,32,45,19,2,1,5,8,0,41,28,11
10044,10,0,6,0,2,1,5,0,0,0,1,4,0
81044,81,5,33,32,10,0,5,0,0,0,25,27,10
34044,34,9,46,43,16,1,0,0,1,0,39,33,13
47044,47,5,38,36,14,0,3,0,0,0,26,33,6
46044,46,10,49,68,17,3,9,0,10,5,63,42,17
12044,12,21,81,127,28,2,4,3,31,8,110,105,32
66044,66,5,66,43,10,5,0,0,0,1,33,40,15
86044,86,16,52,76,18,0,8,0,16,0,62,50,18
18044,18,11,49,38,7,0,3,0,0,0,26,40,15
43044,43,5,28,22,3,6,0,0,2,5,21,16,11
23044,23,5,10,15,5,0,0,0,0,3,3,14,0
69044,69,99,397,671,181,11,30,11,27,22,477,566,164
48044,48,3,11,11,5,3,6,5,0,1,0,7,6
36044,36,1033,4615,3973,1151,217,265,87,243,188,3481,3604,1129
41044,41,35,121,111,35,9,10,3,0,5,55,116,31
87044,87,10,25,42,8,0,1,3,0,2,27,26,6
83044,83,8,47,30,7,4,5,2,0,2,15,34,8
44044,44,23,73,133,42,0,7,3,0,6,89,97,38
82044,82,42,196,149,39,4,13,3,41,3,155,134,38
56044,56,15,75,115,28,3,3,5,0,0,73,78,28
22044,22,28,135,213,75,5,8,0,0,5,165,156,67
05044,05,7,25,21,10,0,6,0,0,0,13,12,0
29044,29,28,92,207,75,6,14,6,1,0,138,111,65
84044,84,22,134,93,19,0,1,2,6,9,86,97,20
90044,90,5,36,32,6,0,3,0,0,4,23,23,12
13044,13,110,733,527,129,3,32,5,46,16,585,520,115
37044,37,7,24,35,14,4,0,2,2,0,22,36,7
58044,58,17,93,89,22,5,4,6,10,1,77,65,30
19044,19,11,21,34,5,3,3,3,0,0,31,19,9
06044,06,161,1161,820,161,23,20,17,62,44,584,1151,156
68044,68,24,106,83,22,4,6,0,7,6,54,85,23
42044,42,287,1142,1068,277,67,72,20,33,64,779,853,289
27044,27,31,140,91,21,4,7,0,13,5,75,84,27
92044,92,739,2017,8606,1865,121,174,65,364,255,4690,7719,1894
94044,94,330,899,2185,592,22,55,15,88,92,1919,1574,610
52044,52,20,107,62,23,7,6,8,0,9,31,63,18
64045,64,0,9,13,0,0,3,0,0,5,1,7,4
62045,62,30,240,131,41,3,3,0,9,5,125,95,40
65045,65,9,29,37,10,3,0,0,1,0,29,24,13
80045,80,3,32,16,1,0,0,1,10,2,15,12,0
76045,76,4,47,45,6,5,4,2,0,4,40,35,7
70045,70,13,68,39,8,1,4,0,12,1,22,33,14
57045,57,7,7,16,7,5,6,0,0,0,0,14,0
59045,59,2,20,9,0,1,0,0,21,0,8,7,1
91045,91,213,521,807,193,14,37,6,49,42,680,549,219
08045,08,10,42,27,1,0,0,0,0,0,28,22,3
31045,31,7,27,44,22,5,0,1,0,5,46,33,19
60045,60,14,62,39,8,4,7,4,0,4,40,39,10
21045,21,6,25,30,8,2,0,0,7,0,17,31,7
54045,54,9,59,45,10,7,1,0,16,0,41,42,19
14045,14,4,24,41,13,1,6,3,0,0,23,30,9
25045,25,0,1,3,7,0,0,5,0,5,0,5,6
27045,27,16,110,72,23,4,2,1,0,7,54,74,24
88045,88,4,12,6,7,3,0,1,0,1,6,4,7
51045,51,1,16,8,4,0,0,2,0,3,4,15,0
39045,39,5,4,7,1,0,1,0,0,3,0,10,4
55045,55,12,81,56,19,0,7,3,0,7,41,49,11
33045,33,4,24,36,10,0,2,0,8,6,38,29,14
50045,50,12,62,63,24,0,8,0,1,7,43,64,17
32045,32,14,36,50,12,0,4,0,34,0,41,33,11
52045,52,59,303,168,43,9,17,4,0,13,134,176,43
10045,10,2,29,17,0,0,5,0,18,0,17,20,7
17045,17,27,102,118,28,0,6,0,9,0,85,104,25
16045,16,4,33,37,12,0,7,4,10,0,33,34,8
01045,01,4,33,34,4,6,5,5,0,0,10,27,5
67045,67,101,416,392,92,9,10,5,71,17,256,357,84
38045,38,61,274,299,83,9,20,3,18,5,236,221,85
89045,89,5,51,28,5,0,2,0,16,0,29,30,6
24045,24,5,27,29,7,0,0,1,0,0,27,25,4
28045,28,5,29,22,7,0,0,2,10,0,14,21,9
30045,30,5,65,33,16,6,3,6,8,6,25,33,9
63045,63,19,59,76,16,6,7,4,2,0,63,43,24
77045,77,25,84,86,24,0,0,1,0,5,67,58,21
71045,71,1,23,25,2,5,2,2,0,0,9,16,3
45045,45,14,39,39,11,3,0,0,3,0,32,35,5
68045,68,16,85,67,11,5,0,2,0,0,41,75,13
11045,11,6,12,19,6,5,0,0,0,1,9,9,0
72045,72,7,64,69,12,1,2,5,13,0,58,83,20
35045,35,22,60,133,38,4,3,6,0,5,57,87,43
07045,07,10,55,57,15,4,2,0,18,7,61,38,10
03045,03,24,91,95,26,6,0,0,4,0,84,82,28
2B045,2B,6,14,8,7,1,2,5,0,0,2,9,6
09045,09,3,27,22,5,0,0,0,0,5,26,12,11
34045,34,13,60,47,9,3,0,0,10,0,59,47,20
46045,46,22,80,145,32,0,2,0,37,4,109,78,36
47045,47,17,65,46,16,0,7,0,0,2,32,40,18
12045,12,8,30,53,9,0,2,2,23,0,51,49,10
66045,66,18,98,65,13,0,3,0,27,0,69,62,19
86045,86,33,111,145,40,0,6,0,14,1,128,109,40
43045,43,13,53,53,6,2,7,1,1,5,35,38,6
18045,18,13,42,44,13,0,5,0,0,0,39,41,10
23045,23,20,72,77,31,4,7,0,6,8,76,62,25
69045,69,31,103,168,42,7,5,0,0,9,96,134,35
15045,15,19,71,114,21,5,1,0,43,0,67,97,21
48045,48,8,29,23,13,0,5,0,0,5,17,35,8
41045,41,28,129,114,23,2,3,6,4,4,81,115,30
36045,36,54,274,247,64,12,15,6,11,6,204,228,70
87045,87,21,87,135,38,9,7,5,0,5,101,81,45
22045,22,8,33,56,16,0,6,2,0,2,27,39,18
06045,06,0,21,10,1,1,1,0,6,0,7,9,2
44045,44,82,228,458,132,13,18,2,29,15,336,317,127
82045,82,10,47,36,11,0,6,0,0,7,27,26,12
83045,83,22,128,78,20,4,0,0,0,0,70,118,21
05045,05,33,126,125,32,1,6,0,13,3,117,119,37
04045,04,40,181,147,40,4,13,0,0,6,156,137,42
29045,29,35,149,301,115,2,20,0,31,13,211,198,118
84045,84,6,72,42,12,2,1,0,0,7,45,38,8
90045,90,14,94,81,24,6,0,2,0,2,60,69,23
13045,13,80,605,438,98,8,14,5,97,30,514,449,105
49045,49,11,35,71,11,7,8,0,0,0,40,55,18
53045,53,11,41,80,17,2,2,0,7,1,35,83,21
26045,26,52,219,182,52,11,11,6,3,2,174,155,48
37045,37,22,94,128,38,0,11,6,0,7,83,113,28
58045,58,5,25,18,2,4,0,0,0,6,16,21,2
85045,85,23,77,116,19,6,7,5,19,0,64,114,22
42045,42,1,10,6,4,0,3,0,0,0,0,8,3
19045,19,9,19,26,7,0,5,0,5,0,18,21,10
74045,74,5,30,27,8,6,0,2,0,6,20,30,2
56045,56,13,54,77,26,6,6,2,0,6,49,60,27
81045,81,13,36,37,12,0,7,0,9,0,44,33,9
93045,93,286,1231,2141,756,55,83,24,136,148,2959,1115,777
64046,64,8,26,60,21,0,2,0,4,0,43,41,14
62046,62,20,132,71,17,1,9,0,0,2,46,57,23
65046,65,1,4,12,0,5,0,2,11,0,11,5,0
76046,76,17,83,71,17,0,3,2,0,0,65,63,21
80046,80,7,0,10,7,1,4,0,0,5,0,2,1
57046,57,22,110,93,23,6,9,6,0,0,69,70,25
59046,59,16,114,79,16,1,1,0,13,2,76,58,18
08046,08,9,25,12,0,1,6,2,0,0,5,21,9
95046,95,0,15,16,7,2,0,0,2,0,13,10,7
21046,21,3,8,14,8,0,4,0,0,4,0,7,0
31046,31,0,0,5,0,0,0,0,0,0,0,0,3
02046,02,12,90,49,10,0,7,0,0,7,31,46,11
60046,60,7,48,28,4,6,0,3,9,6,31,28,5
54046,54,7,49,33,8,2,0,0,18,5,33,24,8
25046,25,5,0,10,4,0,1,0,0,3,0,7,6
14046,14,52,168,225,52,10,9,5,0,9,151,178,59
27046,27,8,19,11,2,2,0,0,13,0,9,12,1
88046,88,8,24,17,1,0,4,0,0,0,5,14,2
51046,51,24,130,98,20,0,7,0,21,2,69,103,28
39046,39,3,10,7,7,0,0,1,13,0,9,8,0
26046,26,1,8,13,2,0,6,4,0,4,5,14,0
55046,55,1,26,9,1,6,0,0,3,0,9,9,7
33046,33,18,96,138,44,0,11,5,33,7,109,87,40
32046,32,7,21,22,14,0,0,4,9,0,15,18,5
17046,17,8,49,58,7,0,0,5,0,5,37,44,19
40046,40,345,1463,1994,704,34,90,9,337,50,1633,1373,690
67046,67,291,1090,995,233,35,39,20,57,44,593,976,224
01046,01,31,106,94,21,5,1,0,4,5,62,83,27
38046,38,20,94,102,33,1,9,0,0,7,75,78,27
61046,61,1,25,20,6,0,0,3,0,0,14,14,2
10046,10,7,12,12,0,0,0,0,3,0,9,12,0
89046,89,39,156,106,31,7,5,0,11,8,83,101,25
24046,24,2,7,18,1,5,6,0,0,1,4,16,7
28046,28,19,54,50,17,4,0,3,0,6,16,56,15
30046,30,18,102,77,14,2,4,6,2,3,81,65,22
63046,63,4,24,34,9,0,0,0,16,2,29,20,14
77046,77,7,40,41,14,5,0,3,0,4,31,29,12
45046,45,22,67,63,17,1,7,0,0,0,32,50,20
68046,68,15,66,40,11,0,3,5,0,6,33,54,14
11046,11,0,4,8,0,0,4,0,5,0,6,0,0
74046,74,18,48,62,15,4,0,0,5,3,47,75,20
03046,03,30,109,113,24,3,1,0,34,8,102,90,33
09046,09,0,8,9,1,3,3,4,0,2,0,3,2
50046,50,15,39,44,13,4,2,0,5,5,30,51,12
81046,81,29,165,166,39,6,4,0,15,7,150,115,48
2B046,2B,0,36,24,4,0,4,3,5,3,23,40,4
46046,46,12,45,60,22,7,5,0,11,3,55,34,12
47046,47,18,74,50,13,0,8,2,0,6,48,42,17
34046,34,0,12,10,0,0,0,0,16,0,8,15,0
12046,12,19,48,85,13,4,4,0,4,5,54,65,17
66046,66,11,103,58,12,5,0,0,0,8,63,51,19
86046,86,42,178,219,59,6,16,7,0,11,176,158,67
58046,58,47,234,205,53,15,12,5,0,5,154,146,56
43046,43,78,277,286,66,15,15,9,20,8,215,204,63
18046,18,8,19,18,5,5,2,1,0,0,8,19,2
23046,23,1,11,16,4,2,4,0,0,0,6,7,2
42046,42,55,219,202,51,12,8,7,29,11,169,171,47
19046,19,2,7,21,6,0,6,0,0,1,9,15,4
69046,69,93,414,638,165,6,13,7,15,18,446,557,161
48046,48,5,5,10,8,4,5,0,0,3,0,8,0
41046,41,32,140,104,29,2,9,5,4,7,95,115,29
15046,15,11,25,40,8,0,7,0,0,4,8,32,9
87046,87,20,100,141,38,0,11,4,10,1,126,78,39
06046,06,68,444,328,60,9,16,6,44,20,232,451,55
44046,44,59,173,380,115,8,20,3,25,14,277,253,94
16046,16,22,107,121,38,1,8,0,17,0,112,95,28
83046,83,51,346,190,38,13,8,0,10,20,171,284,45
82046,82,0,15,7,6,0,0,0,1,0,8,7,6
56046,56,81,313,491,121,24,28,7,14,5,317,387,136
37046,37,19,45,60,14,0,5,0,0,4,36,49,22
29046,29,294,963,2056,751,63,124,35,47,56,1325,1295,758
05046,05,195,695,698,188,23,38,17,23,31,693,637,192
84046,84,16,82,43,13,2,0,2,0,0,37,53,14
90046,90,13,60,41,9,0,0,0,0,7,38,35,10
13046,13,81,574,392,92,1,18,4,16,21,474,406,87
71046,71,6,4,13,0,0,3,4,0,0,0,6,8
85046,85,107,333,442,93,22,16,5,17,14,229,436,83
36046,36,97,400,375,105,12,24,5,9,16,308,333,106
79046,79,13,47,74,16,6,0,0,6,0,46,54,19
72046,72,26,135,125,40,2,8,3,0,5,101,190,31
53046,53,13,26,46,5,0,4,1,0,4,13,37,11
04046,04,22,85,71,17,1,6,0,8,0,89,66,13
22046,22,123,456,752,215,20,43,15,18,32,498,478,217
70046,70,6,57,40,12,0,8,2,5,2,27,33,4
35046,35,7,31,67,20,4,1,0,3,0,53,43,22
93046,93,409,1798,3200,1140,83,160,44,154,179,4413,1730,1118
94046,94,928,2549,6271,1716,91,187,91,339,271,5286,4482,1745
92046,92,294,855,3634,802,62,81,56,93,144,1892,3292,772
64047,64,1,13,38,11,0,1,0,18,1,27,27,10
62047,62,8,34,18,1,0,0,3,0,0,13,14,0
65047,65,143,678,918,276,18,43,8,210,19,844,528,267
76047,76,8,26,13,3,5,0,0,0,2,10,17,7
80047,80,15,90,56,15,6,0,0,0,7,36,51,10
70047,70,3,21,11,4,0,5,2,1,0,6,7,4
57047,57,27,156,117,23,6,9,4,0,11,89,96,22
59047,59,10,46,29,12,5,4,4,0,3,26,21,13
08047,08,4,8,11,7,1,6,0,0,3,0,15,5
21047,21,3,1,10,3,4,5,0,0,0,0,10,4
02047,02,0,23,11,2,3,4,0,8,0,16,8,2
54047,54,10,29,19,8,3,0,0,0,4,17,16,9
60047,60,22,109,73,22,0,9,5,0,7,53,69,15
91047,91,40,88,147,38,0,3,0,35,9,116,99,42
25047,25,131,598,537,140,22,28,3,60,32,433,517,143
31047,31,0,6,7,4,0,0,3,8,0,16,6,1
14047,14,317,1240,1536,430,36,98,10,54,67,1114,1273,430
27047,27,5,43,25,5,5,0,0,13,1,25,35,3
88047,88,10,25,11,6,4,5,4,0,0,2,14,2
39047,39,20,57,61,12,6,7,4,0,0,44,54,18
26047,26,5,11,11,0,0,0,0,0,0,0,13,7
51047,51,0,9,4,5,0,0,0,0,0,0,11,0
32047,32,1,14,15,0,0,0,1,11,0,6,5,0
33047,33,38,165,240,61,0,14,1,35,12,201,150,64
52047,52,6,17,17,0,3,5,0,0,1,9,9,1
17047,17,1,29,33,12,5,0,0,0,5,1,29,7
67047,67,10,19,13,0,0,1,0,2,0,11,19,2
38047,38,4,20,22,2,1,3,2,0,4,5,13,0
16047,16,7,26,33,10,2,6,4,0,4,11,25,5
10047,10,0,11,2,0,0,4,0,0,0,0,11,0
01047,01,25,130,121,25,0,0,0,17,1,88,106,32
28047,28,16,89,69,16,2,5,0,6,7,45,66,19
40047,40,11,24,33,7,0,6,2,0,4,22,23,17
73047,73,4,31,29,4,6,2,3,1,0,28,32,6
30047,30,136,945,617,174,18,34,3,33,37,695,557,173
77047,77,45,155,170,42,8,12,4,10,9,144,138,37
71047,71,139,538,501,127,19,30,7,26,20,375,450,148
79047,79,8,35,55,8,1,7,0,24,0,34,33,12
45047,45,11,52,46,11,2,5,0,0,2,17,40,14
72047,72,44,203,189,54,9,13,3,0,12,161,302,54
35047,35,379,1114,2385,713,65,107,44,61,65,1454,1519,658
09047,09,15,125,116,40,7,4,0,13,4,134,66,49
55047,55,6,25,15,8,5,0,4,0,4,7,15,4
81047,81,7,26,27,12,0,0,2,5,3,24,17,8
2B047,2B,15,98,74,15,6,4,2,0,0,55,99,13
46047,46,7,16,29,12,5,2,0,0,5,3,20,5
47047,47,0,20,18,0,0,0,0,19,0,11,10,7
12047,12,7,37,56,18,5,0,1,1,2,48,42,17
34047,34,11,88,62,13,2,3,0,21,6,70,54,18
53047,53,6,15,37,7,0,0,0,6,5,14,31,9
66047,66,0,0,8,3,0,0,0,0,0,3,5,0
07047,07,4,3,14,7,0,2,0,0,5,0,6,6
37047,37,33,113,137,45,9,7,0,0,5,95,109,45
86047,86,6,51,59,18,1,3,6,0,4,38,37,21
58047,58,24,80,81,23,0,1,6,0,8,59,54,24
43047,43,7,40,45,9,4,0,4,0,1,32,33,4
85047,85,630,1993,2875,572,85,145,39,150,77,1559,2793,521
23047,23,10,26,33,8,0,0,5,0,6,14,18,14
42047,42,3,38,33,13,4,0,2,0,0,31,25,6
04047,04,21,87,77,21,5,8,0,0,2,75,60,17
69047,69,17,65,117,24,0,1,0,7,9,89,102,27
19047,19,12,32,45,12,0,4,3,12,0,36,30,13
87047,87,38,161,238,75,3,18,4,0,6,195,129,70
06047,06,5,5,18,7,2,0,0,0,6,0,23,4
22047,22,19,66,127,32,8,1,2,9,6,92,81,33
44047,44,455,1401,2923,850,48,133,24,191,82,2191,2024,818
56047,56,30,122,197,51,7,4,5,2,9,120,151,46
82047,82,2,7,10,0,0,3,1,0,0,5,12,4
05047,05,2,7,7,1,2,0,2,7,4,12,13,5
90047,90,9,82,65,14,0,1,2,0,5,47,49,21
84047,84,65,455,289,66,16,15,0,5,10,286,260,68
13047,13,772,5203,3692,848,106,126,53,393,171,4124,3753,830
63047,63,43,152,256,70,0,17,1,3,10,186,147,68
03047,03,10,49,61,9,0,1,0,10,0,45,37,17
18047,18,19,69,58,17,0,6,0,0,1,56,52,15
41047,41,114,489,394,111,25,17,6,34,22,318,426,116
36047,36,14,56,53,12,2,3,0,14,0,50,49,12
83047,83,466,2949,1750,353,32,64,30,158,86,1443,2408,329
11047,11,0,9,7,6,0,3,0,0,1,0,10,5
29047,29,35,101,229,92,1,10,3,6,2,149,142,84
94047,94,76,217,539,153,8,17,5,17,26,443,397,143
92047,92,24,64,268,65,0,8,0,5,3,154,222,52
93047,93,258,1149,1973,715,57,87,18,70,145,2751,1062,712
64048,64,0,8,9,0,2,2,0,17,2,7,9,4
62048,62,217,1662,892,257,82,50,17,21,27,860,711,234
65048,65,14,71,99,31,0,0,0,45,6,92,55,29
80048,80,0,2,10,4,1,0,1,0,0,0,11,7
76048,76,6,36,32,13,1,1,0,0,6,30,27,8
57048,57,1,14,10,3,0,0,2,3,2,9,5,2
59048,59,17,69,45,8,5,0,3,0,6,50,45,20
08048,08,11,59,37,8,2,6,0,0,0,29,32,11
70048,70,1,26,12,1,4,6,4,0,0,9,21,5
02048,02,0,12,6,2,0,6,0,5,1,8,12,1
21048,21,14,57,63,20,7,2,3,0,6,36,61,14
54048,54,5,50,49,13,6,0,0,9,2,34,33,11
60048,60,13,39,27,3,2,0,0,7,5,22,27,10
25048,25,80,376,362,92,21,14,4,28,14,287,345,101
78048,78,27,94,208,43,3,6,5,0,4,124,207,57
31048,31,51,258,420,131,4,14,11,40,15,363,259,146
27048,27,6,31,21,8,0,0,2,2,5,21,20,4
88048,88,40,158,101,30,4,8,0,0,8,77,94,23
09048,09,0,14,5,3,3,0,0,0,4,8,11,1
39048,39,12,30,32,7,0,4,0,0,1,21,29,10
51048,51,0,26,12,4,1,1,0,4,6,15,15,3
33048,33,5,25,30,8,0,6,1,0,4,11,23,4
50048,50,14,59,73,24,0,0,4,0,4,50,62,21
32048,32,0,12,8,1,5,1,3,0,0,5,12,6
67048,67,10,64,55,10,0,8,0,0,5,33,45,15
17048,17,5,29,32,5,3,2,4,7,0,33,38,11
10048,10,2,28,20,4,4,0,0,0,5,5,18,7
89048,89,9,42,24,11,6,0,2,0,5,13,23,5
16048,16,4,4,10,9,0,4,4,0,5,0,13,7
38048,38,29,127,136,33,6,4,0,2,7,125,98,44
24048,24,8,35,31,10,0,2,3,0,4,30,30,7
73048,73,12,39,34,6,4,3,0,0,6,25,41,5
30048,30,3,30,20,5,0,0,0,18,5,20,14,8
63048,63,23,89,134,40,2,2,1,0,5,92,82,32
71048,71,3,21,19,6,1,0,1,9,0,15,23,7
77048,77,81,313,327,83,14,11,1,0,11,273,247,71
11048,11,15,98,61,24,7,0,6,1,3,80,51,21
61048,61,3,14,18,7,0,3,0,0,2,2,15,0
74048,74,24,88,115,25,5,10,0,0,11,79,126,28
49048,49,80,240,374,98,7,12,6,7,18,236,336,94
72048,72,9,64,63,17,3,0,4,0,7,34,82,21
26048,26,0,6,4,0,5,0,1,15,0,9,3,3
55048,55,1,0,6,0,5,0,5,0,3,0,0,1
81048,81,67,273,288,84,14,5,7,27,7,256,223,75
2A048,2A,6,105,73,16,0,4,1,11,2,52,101,9
34048,34,4,38,34,11,0,0,0,6,6,38,32,6
12048,12,12,37,47,19,10,6,3,0,3,25,41,21
47048,47,27,155,109,29,0,12,1,4,6,116,109,39
66048,66,23,203,115,36,0,8,6,30,6,150,107,30
58048,58,8,20,19,3,0,2,0,0,4,2,6,5
86048,86,24,94,122,35,7,13,0,14,4,106,83,30
53048,53,38,106,153,31,1,12,0,26,6,87,164,30
07048,07,10,43,32,12,5,6,3,4,2,35,27,11
37048,37,5,30,31,8,0,6,5,6,3,32,29,6
23048,23,9,38,42,22,4,7,0,2,0,38,37,18
42048,42,36,170,167,45,7,0,0,23,2,132,126,47
41048,41,7,24,22,6,0,3,2,0,3,17,31,10
36048,36,11,35,24,4,0,0,2,10,0,21,19,5
15048,15,0,9,2,0,0,0,4,0,0,6,2,1
48048,48,1,10,5,7,2,4,4,0,0,0,15,1
87048,87,110,472,688,197,25,42,2,64,21,556,400,181
06048,06,160,976,660,134,28,38,17,19,37,459,981,127
22048,22,52,171,281,99,15,16,6,12,8,202,186,78
44048,44,55,181,351,92,1,18,3,24,14,243,240,105
03048,03,34,139,153,38,7,12,5,0,1,109,120,30
82048,82,36,184,154,47,8,2,0,18,4,126,124,39
29048,29,41,130,300,102,10,16,6,2,6,196,186,116
90048,90,0,17,21,0,4,0,2,5,4,16,8,0
84048,84,0,12,8,0,0,0,1,15,0,4,6,0
13048,13,100,696,471,111,13,15,6,22,20,542,487,113
05048,05,5,27,29,10,5,2,3,0,0,12,28,4
28048,28,23,77,73,19,2,4,4,0,8,43,65,17
43048,43,23,78,80,18,5,5,1,0,3,60,72,16
18048,18,12,44,47,10,0,6,0,6,0,31,36,10
83048,83,82,519,283,51,5,12,6,10,24,256,429,55
79048,79,153,517,807,212,26,48,7,16,17,551,563,211
19048,19,7,34,49,14,0,5,0,13,0,34,38,8
56048,56,21,58,101,29,3,2,0,10,5,60,84,29
94048,94,90,275,646,190,21,12,8,35,23,570,459,175
92048,92,516,1428,6051,1354,79,123,80,193,213,3192,5442,1343
93048,93,1137,4876,8731,3032,200,393,93,482,593,11995,4651,3063
64049,64,2,18,26,6,3,4,0,2,11,12,25,13
62049,62,7,89,40,8,0,6,0,22,7,52,31,7
65049,65,8,29,31,13,3,4,1,0,2,15,24,6
76049,76,4,41,25,5,0,6,1,0,4,34,24,12
80049,80,1,29,17,6,0,2,0,3,0,19,9,3
59049,59,10,53,41,6,2,0,0,0,3,40,36,15
08049,08,2,15,14,0,0,5,0,0,5,5,7,8
70049,70,8,14,7,0,1,6,1,0,0,5,9,0
02049,02,19,119,59,20,5,9,4,0,0,53,58,12
21049,21,6,2,1,0,1,1,0,5,0,3,2,4
54049,54,16,64,57,16,0,0,0,0,6,43,35,9
60049,60,0,25,13,1,0,0,0,10,0,8,6,0
78049,78,38,109,238,54,8,4,0,0,14,143,227,53
14049,14,1,20,25,4,0,4,0,0,0,7,21,1
31049,31,7,53,85,25,0,4,0,3,5,75,54,30
25049,25,3,15,14,1,0,0,1,6,0,16,9,0
88049,88,9,12,10,7,3,0,0,0,0,5,9,8
51049,51,25,92,63,12,0,8,0,5,6,46,68,14
39049,39,6,43,48,6,6,0,2,0,2,42,40,15
50049,50,18,68,76,25,6,4,0,0,0,45,73,22
55049,55,13,54,28,6,0,7,0,0,1,17,36,12
33049,33,45,199,288,78,4,18,6,27,3,236,191,81
67049,67,44,182,174,36,7,6,0,9,6,107,172,37
17049,17,0,7,8,0,0,3,1,1,0,8,11,8
89049,89,0,0,6,5,1,1,0,0,2,0,1,6
61049,61,8,7,12,5,0,0,4,0,0,4,15,3
28049,28,2,29,20,11,1,0,0,0,6,15,20,6
16049,16,5,32,43,8,0,2,0,4,5,27,29,15
73049,73,3,16,17,2,0,0,0,9,0,18,12,3
40049,40,7,37,44,11,4,0,0,0,4,31,25,20
38049,38,10,32,41,11,2,3,2,0,0,27,32,11
30049,30,9,52,34,12,0,7,0,4,0,39,37,6
77049,77,21,96,103,20,1,9,4,0,8,84,86,31
68049,68,20,59,39,5,0,5,0,10,0,34,47,7
63049,63,16,62,86,24,0,5,3,3,6,79,62,28
45049,45,37,124,126,29,4,2,0,40,0,85,117,39
11049,11,50,448,288,89,8,22,9,18,2,329,233,96
79049,79,466,1594,2362,619,81,138,39,113,56,1622,1654,633
74049,74,17,48,62,17,4,0,0,0,0,21,62,16
09049,09,1,20,16,4,0,0,0,3,0,28,16,6
26049,26,35,153,135,34,6,10,4,2,6,129,111,38
32049,32,2,11,8,0,0,4,0,0,4,4,5,0
81049,81,10,28,29,12,0,0,4,0,5,4,24,5
2B049,2B,29,275,203,42,0,9,3,80,6,140,258,45
46049,46,5,17,30,9,6,2,2,6,0,28,16,9
34049,34,7,35,27,11,0,0,2,0,6,12,23,8
12049,12,10,38,53,16,0,3,2,17,0,44,38,10
35049,35,127,425,918,273,17,30,8,34,29,598,590,254
47049,47,51,250,219,62,8,17,0,41,0,209,191,66
03049,03,6,51,44,13,0,5,4,18,0,40,36,10
86049,86,18,47,74,18,6,8,0,0,0,48,42,23
58049,58,0,20,16,0,0,2,0,0,5,9,13,0
43049,43,19,61,63,12,6,4,1,0,5,52,56,8
07049,07,4,6,8,8,0,0,0,0,3,8,4,4
37049,37,38,114,147,50,2,9,4,12,0,127,131,47
85049,85,52,157,230,48,3,9,6,9,11,130,214,49
23049,23,1,22,24,11,5,4,4,15,4,20,17,7
42049,42,24,68,70,18,6,7,0,5,3,54,58,14
69049,69,50,223,354,100,7,15,5,14,19,240,313,83
19049,19,26,80,123,31,7,9,4,0,7,67,70,28
36049,36,3,12,13,0,5,2,0,1,4,9,14,4
15049,15,6,32,47,10,5,7,0,0,0,16,30,9
53049,53,17,44,69,10,0,8,5,17,4,35,76,15
04049,04,130,595,481,115,18,28,10,61,30,546,435,126
41049,41,24,122,111,34,2,7,4,0,1,76,112,22
06049,06,7,13,17,7,1,2,0,0,0,8,14,0
87049,87,35,126,167,58,5,7,0,5,1,149,105,56
22049,22,30,130,218,72,11,13,3,43,3,158,140,77
83049,83,255,1652,972,203,42,36,23,64,68,782,1335,193
66049,66,165,1262,758,211,22,45,3,76,34,869,714,228
82049,82,24,134,100,24,7,8,6,0,5,67,90,32
29049,29,68,210,458,163,6,24,6,14,7,271,283,154
05049,05,6,0,11,7,3,0,4,0,0,0,5,0
90049,90,25,113,84,23,7,8,2,0,1,64,60,22
84049,84,17,77,47,6,1,5,0,7,4,45,46,11
01049,01,96,350,313,66,4,10,1,57,19,240,298,64
72049,72,10,27,31,12,0,2,0,0,4,10,30,8
18049,18,8,61,55,14,0,3,0,10,5,42,48,19
13049,13,51,277,209,42,0,16,6,0,11,214,206,52
57049,57,116,515,378,103,24,24,9,28,16,318,303,94
44049,44,102,314,676,195,15,26,3,40,13,467,461,192
10049,10,18,69,40,10,1,5,0,8,0,30,52,15
27049,27,145,663,447,116,31,43,23,35,33,321,420,118
92049,92,508,1362,5855,1301,72,94,49,235,207,3128,5189,1267
93049,93,244,1086,1887,656,50,79,25,84,115,2555,1014,676
64050,64,0,2,11,2,0,6,2,0,0,12,10,9
62050,62,43,260,147,36,13,4,0,10,2,147,108,33
65050,65,7,0,14,8,2,0,2,0,4,0,2,2
76050,76,25,125,106,29,3,10,3,0,2,115,85,31
80050,80,14,83,55,17,5,5,3,0,1,38,44,14
57050,57,2,14,17,0,0,1,0,5,0,16,6,4
02050,02,12,59,27,6,1,4,0,0,0,28,25,3
59050,59,2,47,31,6,6,0,0,0,1,27,25,8
54050,54,2,13,7,7,0,3,0,0,0,0,11,3
21050,21,4,36,26,8,0,3,3,5,0,19,28,8
60050,60,12,46,24,10,1,6,0,0,0,25,23,10
78050,78,20,48,88,26,0,0,5,0,0,46,80,26
31050,31,13,42,62,27,0,6,0,0,6,62,48,18
27050,27,18,87,58,19,0,4,6,0,8,37,50,20
48050,48,4,50,43,14,10,0,3,13,2,43,49,15
88050,88,8,40,31,6,5,6,0,0,4,21,27,10
09050,09,12,37,37,19,5,7,0,3,0,52,24,19
51050,51,1,18,17,2,0,5,0,0,6,10,12,1
39050,39,5,26,21,2,1,0,0,0,6,6,18,10
32050,32,1,13,17,6,0,0,4,0,1,3,12,8
50050,50,3,7,12,0,4,0,0,7,0,11,13,9
52050,52,48,215,137,38,11,15,3,27,8,86,130,28
33050,33,12,55,74,16,2,3,0,9,0,54,40,19
67050,67,0,8,6,0,0,4,2,6,5,1,2,0
17050,17,9,41,60,13,5,0,0,8,0,47,41,10
01050,01,15,43,38,6,5,0,0,0,0,18,36,8
28050,28,8,35,24,7,3,6,0,0,3,21,27,8
89050,89,32,124,85,23,0,8,1,0,4,65,91,17
16050,16,8,30,23,2,4,0,4,6,1,25,16,3
24050,24,6,29,31,5,0,3,3,34,0,31,27,7
10050,10,12,29,19,6,1,0,0,0,0,17,24,7
40050,40,4,17,18,9,0,0,4,8,0,21,16,11
73050,73,19,55,72,17,0,0,0,14,0,56,63,10
71050,71,9,38,33,14,2,5,4,8,0,27,27,11
45050,45,33,137,139,27,4,2,1,0,6,87,128,35
30050,30,2,27,20,2,0,0,0,0,3,0,17,9
77050,77,19,55,57,19,0,0,2,4,0,59,39,12
63050,63,66,277,421,109,12,22,7,53,23,342,266,111
79050,79,14,55,77,24,7,2,0,0,2,41,50,21
49050,49,301,918,1401,340,47,64,25,86,43,873,1269,338
68050,68,18,61,40,10,4,0,0,21,1,30,46,8
72050,72,34,150,140,46,1,11,0,0,7,131,223,36
74050,74,24,65,90,19,2,2,6,0,9,57,84,14
26050,26,0,15,5,2,3,0,0,0,3,7,7,1
2B050,2B,81,708,497,95,6,25,2,126,19,347,662,100
46050,46,2,16,18,6,3,0,4,0,3,17,14,7
81050,81,6,44,44,15,0,2,4,0,0,37,24,8
34050,34,40,240,198,49,2,14,0,9,12,227,181,55
12050,12,14,34,68,11,0,7,0,1,6,41,58,19
35050,35,11,31,86,30,0,0,0,6,0,49,55,23
47050,47,4,12,7,5,1,0,0,18,0,10,8,2
86050,86,18,68,90,28,2,3,0,10,5,65,65,24
58050,58,0,8,4,0,5,5,0,0,1,3,12,4
43050,43,4,12,8,6,0,0,5,0,0,2,14,7
07050,07,25,95,82,28,7,1,4,0,7,53,65,29
37050,37,262,905,1152,325,35,57,9,55,21,835,1007,321
19050,19,14,32,52,14,1,3,3,12,1,52,34,15
41050,41,26,134,107,31,9,5,0,0,0,71,110,30
36050,36,15,41,34,10,3,7,5,11,0,37,31,15
04050,04,5,3,2,5,0,5,0,0,0,0,1,4
69050,69,50,178,281,71,9,9,7,0,7,200,248,69
66050,66,82,666,397,111,17,19,1,54,21,449,384,115
61050,61,25,75,77,20,5,1,0,0,1,47,74,20
06050,06,15,83,56,13,5,3,4,0,0,29,81,11
87050,87,217,837,1246,371,45,66,9,75,36,1000,714,355
44050,44,66,181,394,109,7,20,3,0,8,293,276,99
22050,22,280,1077,1869,573,62,87,16,92,65,1358,1245,572
83050,83,764,4886,2883,525,50,118,39,342,191,2413,4017,550
82050,82,25,153,130,37,9,5,3,20,5,118,113,33
05050,05,14,71,78,18,6,8,3,0,5,72,58,22
90050,90,5,36,24,2,0,0,0,0,0,19,25,6
84050,84,54,320,209,42,11,1,5,43,4,218,205,40
70050,70,5,18,9,4,0,0,1,0,0,0,8,4
14050,14,7,21,25,3,0,5,0,0,0,9,17,2
03050,03,5,25,30,4,0,0,0,0,2,16,27,9
23050,23,4,8,19,10,0,4,0,2,0,10,15,5
18050,18,110,469,439,105,26,15,8,24,23,375,367,94
42050,42,1,18,20,1,0,4,4,1,1,11,15,3
56050,56,16,80,127,27,1,8,0,17,5,75,84,29
13050,13,198,1269,910,208,20,32,14,111,42,1004,923,220
38050,38,12,55,72,23,0,2,0,7,4,49,47,17
25050,25,7,46,46,15,0,0,0,22,0,36,39,11
85050,85,47,158,228,47,2,9,3,47,7,137,238,43
15050,15,9,26,33,11,4,5,0,0,0,0,33,10
92050,92,808,2387,10212,2276,131,227,85,267,352,5302,9208,2282
93050,93,358,1636,2838,1019,68,122,52,123,190,3902,1522,1036
64051,64,4,22,50,19,0,8,1,17,0,36,40,22
62051,62,117,811,445,124,31,14,5,52,9,463,339,130
65051,65,4,26,33,12,0,0,0,0,1,21,14,12
76051,76,47,228,186,50,2,14,5,39,8,185,144,54
80051,80,9,46,25,8,0,0,0,0,3,18,22,10
57051,57,7,51,37,10,5,7,4,0,0,28,36,7
02051,02,9,57,35,8,0,5,0,0,5,29,35,5
54051,54,36,178,161,50,7,4,5,0,2,141,123,44
21051,21,2,9,10,8,0,4,1,0,0,14,8,8
95051,95,170,654,978,251,26,32,15,60,80,874,690,257
60051,60,2,32,24,3,0,3,2,0,0,15,19,3
31051,31,5,31,55,19,0,7,0,0,5,36,31,21
27051,27,72,375,242,56,11,18,2,0,8,205,226,67
25051,25,17,80,64,16,4,3,1,0,7,50,65,24
88051,88,9,12,8,2,5,4,0,0,6,0,7,5
51051,51,3,25,28,0,2,0,0,7,0,13,24,9
39051,39,9,49,46,9,4,1,0,9,0,39,35,5
55051,55,6,22,12,0,0,0,5,0,0,0,16,5
33051,33,222,966,1413,377,14,74,25,106,23,1123,902,388
52051,52,5,13,3,1,1,0,0,0,0,6,7,0
67051,67,7,41,48,8,0,7,0,8,4,29,35,8
61051,61,5,33,32,12,4,5,0,0,2,10,42,7
01051,01,2,10,17,7,0,0,0,5,0,13,9,0
28051,28,130,536,429,111,11,28,4,23,16,309,433,117
24051,24,4,29,29,9,0,0,5,0,4,24,17,5
40051,40,19,75,104,39,5,7,5,0,6,53,73,33
38051,38,29,128,153,44,1,7,0,0,7,122,95,35
10051,10,26,148,98,27,0,9,2,13,3,65,117,21
71051,71,0,14,21,1,0,0,5,8,0,7,17,4
30051,30,28,200,139,32,4,8,0,0,8,124,125,42
45051,45,42,191,202,50,4,13,4,0,10,113,181,42
77051,77,60,223,229,57,9,0,9,0,14,183,159,53
68051,68,27,127,101,24,8,8,4,0,5,68,102,21
63051,63,9,59,95,21,6,9,5,0,8,61,54,22
11051,11,3,20,12,6,4,5,0,2,4,13,11,0
09051,09,1,18,20,9,2,0,0,1,5,21,5,3
26051,26,7,8,12,1,0,0,0,0,0,2,4,6
32051,32,1,12,10,9,3,0,5,0,0,2,10,2
81051,81,29,121,134,37,0,10,0,16,2,123,111,41
46051,46,2,24,52,14,0,0,2,21,2,36,23,8
2B051,2B,7,18,14,0,1,5,0,0,0,8,25,0
34051,34,62,459,362,111,12,9,9,9,19,374,304,107
12051,12,8,26,46,12,6,0,2,13,1,41,31,8
47051,47,58,279,219,68,8,8,6,19,16,207,213,65
74051,74,17,58,62,12,0,2,0,23,3,40,66,12
35051,35,349,1086,2387,726,49,63,31,182,56,1480,1545,739
58051,58,32,178,169,52,7,4,4,18,5,135,130,43
03051,03,6,40,34,13,6,0,4,0,3,16,31,13
07051,07,19,64,55,21,1,0,0,0,3,56,47,10
86051,86,8,25,18,3,5,4,0,0,0,11,22,7
37051,37,26,82,113,25,6,0,4,7,5,81,86,26
53051,53,16,40,65,12,4,1,0,23,0,47,75,12
85051,85,231,720,1035,214,32,61,7,82,25,603,983,204
19051,19,7,19,23,11,1,2,0,6,0,20,20,5
69051,69,26,82,143,32,0,4,0,20,2,103,117,35
41051,41,32,119,104,24,8,9,6,0,7,88,107,28
36051,36,5,21,19,3,0,0,0,21,2,11,12,1
04051,04,0,10,4,0,3,0,0,7,1,14,4,0
66051,66,6,40,23,12,4,5,0,1,0,26,34,3
15051,15,10,16,39,1,0,7,5,0,0,13,26,11
56051,56,15,55,83,23,0,9,2,9,3,49,57,17
72051,72,59,303,330,92,12,13,0,26,7,270,444,99
44051,44,71,201,404,121,12,12,2,10,13,289,290,123
82051,82,14,116,86,22,5,4,2,6,5,80,78,21
83051,83,21,163,97,23,0,7,1,29,4,83,131,15
29051,29,169,534,1180,425,33,50,17,85,26,742,706,445
05051,05,0,2,1,2,0,3,0,4,0,4,2,1
90051,90,10,61,38,19,0,0,0,0,7,34,40,19
84051,84,20,160,106,28,3,4,0,0,9,108,96,23
70051,70,6,2,3,0,0,5,0,0,5,0,5,6
59051,59,137,806,544,152,25,33,4,8,29,582,473,153
23051,23,4,7,8,7,0,0,0,0,1,6,11,1
42051,42,18,59,57,17,0,7,4,0,0,22,50,19
18051,18,7,23,21,3,5,4,1,0,3,0,14,6
87051,87,16,56,81,22,3,2,0,6,0,58,52,23
06051,06,3,23,16,0,0,0,2,5,0,8,24,6
13051,13,185,1271,888,191,21,50,6,55,50,980,904,210
17051,17,70,314,336,87,8,30,4,32,1,270,294,78
73051,73,113,452,474,120,6,20,3,9,13,348,447,114
43051,43,95,330,341,84,10,15,2,66,13,248,253,81
48051,48,14,57,81,15,7,10,6,14,1,67,68,14
89051,89,18,63,49,10,5,6,0,0,0,28,53,12
92051,92,625,1787,7379,1636,95,180,64,302,236,3904,6674,1596
93051,93,670,3068,5479,1912,143,216,72,313,363,7448,2912,1929
64052,64,0,12,9,0,2,3,0,1,0,13,9,5
62052,62,12,81,46,13,1,0,0,1,6,38,27,14
65052,65,0,6,16,3,0,1,3,2,3,5,6,0
76052,76,4,27,27,4,0,0,0,0,2,26,13,10
80052,80,6,32,20,7,0,5,5,0,0,10,10,8
57052,57,16,82,52,15,4,3,0,3,0,41,58,21
70052,70,5,27,15,4,0,0,3,0,0,3,16,7
02052,02,5,24,9,7,3,3,0,0,0,9,16,0
54052,54,3,12,17,9,0,0,4,0,4,11,13,0
59052,59,108,729,497,144,18,30,4,27,24,517,415,139
08052,08,5,16,5,5,0,1,0,0,5,2,9,5
60052,60,7,2,11,6,3,5,4,0,6,0,12,0
21052,21,0,3,8,0,5,0,3,0,3,0,2,0
31052,31,32,140,196,69,5,5,3,0,9,184,128,72
95052,95,142,584,871,235,20,33,14,44,44,820,626,232
25052,25,0,9,2,2,0,0,0,6,0,0,9,3
88052,88,5,14,16,4,0,4,0,0,2,0,15,7
51052,51,14,93,60,8,7,6,0,0,1,46,75,9
09052,09,6,20,11,2,0,0,0,22,0,19,7,1
50052,50,10,13,19,6,6,0,2,0,6,2,19,5
32052,32,7,9,22,8,3,0,4,0,0,0,13,10
39052,39,0,5,9,3,0,5,3,0,5,1,12,2
67052,67,86,313,274,72,3,8,6,5,12,166,282,70
17052,17,13,80,86,25,0,0,3,3,0,60,72,23
26052,26,11,50,43,11,6,5,2,0,4,29,28,8
61052,61,3,25,21,5,6,5,0,0,2,11,25,1
16052,16,6,28,31,7,4,7,0,0,0,14,17,6
28052,28,16,92,84,23,2,7,0,0,6,59,85,18
24052,24,0,10,14,5,0,6,0,16,0,16,8,2
10052,10,5,27,23,1,0,0,5,0,4,11,22,8
01052,01,9,37,32,11,1,1,0,17,6,28,30,5
40052,40,10,26,30,15,1,0,1,0,5,2,25,15
73052,73,2,15,24,3,0,1,3,12,0,19,13,5
71052,71,18,81,81,21,0,0,0,1,0,55,72,24
45052,45,5,4,6,7,0,3,0,0,4,0,7,7
68052,68,6,27,15,2,0,1,0,0,6,9,23,4
11052,11,10,51,36,7,0,3,3,0,6,34,26,16
77052,77,7,39,32,13,5,2,0,0,5,37,25,12
30052,30,11,103,56,19,0,10,4,5,8,35,58,22
81052,81,60,244,227,72,8,18,3,42,12,225,197,73
46052,46,9,17,33,8,0,0,4,9,0,28,27,6
2B052,2B,4,13,12,0,0,0,0,2,1,9,8,1
12052,12,88,318,552,126,11,26,15,81,1,426,429,135
34052,34,49,380,285,80,5,5,7,25,13,344,250,90
47052,47,117,587,487,128,13,21,2,86,19,443,456,143
74052,74,25,83,124,22,0,8,6,8,8,72,130,20
72052,72,10,80,69,20,4,8,0,0,6,53,112,17
03052,03,19,108,111,20,4,2,3,25,1,85,97,24
43052,43,7,25,24,6,0,7,0,5,2,25,30,4
86052,86,23,83,97,33,5,1,0,7,7,86,66,33
58052,58,0,2,9,5,5,0,0,0,5,0,6,0
35052,35,10,29,68,16,2,2,0,0,1,36,48,21
53052,53,11,25,44,7,2,6,0,0,2,26,46,12
07052,07,19,67,69,17,0,0,0,22,0,56,46,15
37052,37,30,108,134,40,9,6,2,0,1,78,111,41
18052,18,24,111,101,28,3,0,0,55,0,86,84,26
42052,42,84,373,347,85,8,21,6,26,19,253,276,94
19052,19,0,0,15,6,5,0,0,0,3,0,8,4
69052,69,99,336,565,143,4,30,11,0,15,363,495,144
41052,41,33,154,128,30,2,9,0,0,3,93,117,35
36052,36,0,18,18,10,1,0,0,0,0,15,19,7
66052,66,8,56,38,5,0,0,0,0,6,32,37,8
15052,15,4,23,30,4,6,5,0,0,0,12,30,2
06052,06,0,20,21,0,3,6,5,1,0,7,22,8
56052,56,68,238,351,90,8,19,8,5,18,184,265,96
44052,44,146,436,902,242,17,33,18,19,31,631,646,258
22052,22,6,22,39,10,1,2,0,5,3,32,35,16
82052,82,27,142,114,36,1,6,0,15,4,98,88,29
83052,83,10,49,28,7,3,0,0,18,0,26,42,3
05052,05,20,85,88,25,2,2,4,0,0,90,82,29
90052,90,71,330,273,70,14,20,8,45,11,225,221,62
84052,84,30,213,131,24,3,7,0,10,1,125,124,26
23052,23,5,34,43,7,6,7,0,6,0,42,26,9
87052,87,4,14,20,10,2,5,2,3,0,18,9,1
27052,27,8,67,43,5,3,0,4,0,3,35,42,8
38052,38,84,344,378,95,8,6,1,30,22,321,250,99
63052,63,25,82,128,26,0,5,0,18,3,89,68,30
33052,33,20,81,125,31,0,7,0,28,5,95,70,29
13052,13,57,329,231,45,7,7,6,28,19,256,225,63
94052,94,591,1565,3859,1063,46,115,22,274,165,3172,2772,1071
64053,64,3,16,25,5,0,4,5,0,0,8,18,4
62053,62,13,113,53,19,0,2,5,17,0,52,53,19
65053,65,5,0,6,0,3,0,0,0,0,4,5,1
76053,76,2,17,12,3,4,5,0,0,4,11,11,0
80053,80,7,1,7,6,0,5,0,0,0,0,8,0
57053,57,2,20,19,4,0,0,0,0,5,5,11,0
54053,54,9,23,21,1,0,0,0,0,6,10,11,1
59053,59,76,395,307,74,8,14,0,39,9,319,233,79
08053,08,55,319,185,41,15,14,9,15,6,186,179,56
60053,60,14,66,50,12,7,6,5,0,0,9,44,13
14053,14,2,21,14,9,0,0,0,0,0,14,20,6
21053,21,2,20,30,9,0,4,0,0,2,10,27,2
31053,31,26,97,136,43,0,3,1,19,7,131,84,51
88053,88,0,23,18,8,0,0,0,8,0,9,14,7
25053,25,4,11,19,1,4,6,0,0,2,0,18,0
51053,51,7,0,13,5,0,2,0,0,3,0,3,7
09053,09,0,10,3,5,1,0,0,0,3,4,0,0
39053,39,4,24,22,9,5,3,0,0,4,0,14,10
55053,55,7,53,32,7,0,0,5,2,4,21,28,7
33053,33,8,18,25,7,0,3,4,0,0,17,13,13
52053,52,6,10,3,0,0,0,0,2,0,0,9,0
67053,67,12,50,37,5,1,0,5,0,1,21,44,6
61053,61,8,34,33,11,0,3,0,0,2,15,28,11
17053,17,29,131,156,34,9,4,0,0,7,123,132,31
16053,16,1,15,7,0,0,0,0,8,0,8,10,0
24053,24,208,1072,1163,317,31,64,12,135,39,1145,890,329
10053,10,14,90,50,15,7,5,1,0,0,39,64,15
01053,01,892,3723,3412,749,80,116,46,111,171,2239,3185,751
73053,73,17,78,71,21,0,6,5,4,4,61,62,15
38053,38,524,2371,2631,698,75,127,22,185,101,2061,1763,688
40053,40,2,32,46,10,0,0,0,0,4,33,30,19
89053,89,8,60,45,7,0,7,0,15,0,38,39,12
45053,45,138,556,529,154,14,23,1,45,21,386,518,150
77053,77,410,1535,1595,393,52,67,26,51,80,1354,1216,381
63053,63,3,37,47,9,3,0,5,2,0,35,29,16
30053,30,14,95,70,15,0,6,0,0,8,75,54,22
49053,49,13,27,47,13,0,0,0,6,1,25,32,9
11053,11,8,39,24,3,0,0,0,9,3,29,14,3
78053,78,10,33,71,23,2,0,5,0,2,39,68,18
32053,32,3,13,21,12,0,6,0,0,5,5,15,10
81053,81,6,39,38,14,0,3,3,11,2,43,28,16
46053,46,12,37,62,16,2,0,3,0,1,41,34,12
2B053,2B,1,8,5,0,4,3,5,0,1,0,9,0
34053,34,0,15,17,6,0,0,3,0,0,6,12,6
47053,47,12,48,35,15,0,0,0,0,3,28,32,14
74053,74,27,92,121,30,0,6,0,0,6,85,138,29
72053,72,21,118,121,29,6,11,6,0,2,93,177,36
43053,43,11,28,29,4,6,4,0,0,0,26,28,5
53053,53,10,43,75,20,4,8,0,0,0,28,68,21
86053,86,51,178,238,64,5,16,3,16,4,182,158,57
58053,58,8,50,44,17,0,0,0,0,1,24,36,13
37053,37,6,8,15,7,0,5,5,0,0,0,16,9
07053,07,16,58,56,14,5,7,0,0,8,38,45,15
03053,03,26,122,135,26,4,6,6,0,5,100,112,36
23053,23,8,23,18,8,6,4,0,0,2,7,16,11
18053,18,9,34,35,12,3,0,1,0,0,24,26,12
19053,19,6,24,34,11,3,0,0,0,1,24,25,7
41053,41,19,53,47,11,3,8,4,2,0,43,46,17
42053,42,55,212,202,51,6,11,5,0,5,134,163,53
04053,04,11,68,50,10,4,6,4,5,0,51,40,14
69053,69,17,52,70,15,1,3,0,17,2,58,63,16
36053,36,19,53,47,13,0,0,6,17,0,43,42,21
66053,66,45,424,264,72,3,21,6,75,4,315,255,72
15053,15,13,43,58,13,0,0,4,12,0,44,56,12
87053,87,8,27,25,11,0,4,3,0,5,18,19,7
48053,48,3,16,30,8,0,4,2,0,0,26,19,10
06053,06,5,27,22,1,4,4,2,0,0,4,32,7
44053,44,39,148,271,78,10,19,5,17,15,213,190,79
56053,56,134,505,769,211,24,47,1,48,14,441,564,207
22053,22,17,50,78,30,5,4,0,5,0,51,45,21
82053,82,10,44,30,5,2,2,0,0,5,25,26,5
83053,83,58,409,225,32,6,0,4,49,11,197,307,54
05053,05,23,75,70,22,0,8,0,0,8,49,56,24
90053,90,66,321,254,76,9,16,5,17,6,227,201,62
84053,84,47,275,166,44,12,2,6,18,7,177,170,28
12053,12,6,19,31,9,6,2,0,11,4,32,31,5
85053,85,8,26,34,2,0,0,3,0,3,11,27,8
27053,27,5,34,19,8,4,1,4,0,1,18,19,2
28053,28,10,24,21,4,0,0,0,15,1,15,29,1
29053,29,25,99,223,86,8,11,0,32,12,157,135,70
70053,70,8,13,9,5,0,0,0,0,0,6,9,0
13053,13,139,908,639,158,2,24,13,92,42,740,650,139
94053,94,91,228,600,164,9,13,13,51,30,493,439,180
93053,93,355,1674,2936,973,71,119,31,175,201,4103,1549,1048
02053,02,27,122,46,10,2,11,0,5,0,39,47,11
64054,64,11,47,110,33,2,3,2,28,1,87,67,34
62054,62,21,96,60,10,0,2,0,9,7,51,43,16
65054,65,14,53,72,23,4,10,6,15,7,62,42,21
76054,76,15,54,49,19,2,5,0,0,0,59,40,8
80054,80,1,35,22,1,2,3,0,23,3,20,19,4
70054,70,6,43,19,2,0,3,0,0,6,6,27,11
57054,57,4,32,18,10,0,0,0,0,0,14,16,8
59054,59,25,143,106,33,2,10,5,0,9,89,87,33
54054,54,31,165,140,37,4,3,0,0,10,130,114,41
02054,02,7,71,38,7,0,2,0,13,0,35,38,12
14054,14,7,18,25,7,0,0,0,0,0,16,21,8
21054,21,456,2011,2104,503,75,92,26,172,63,1545,1844,526
31054,31,5,19,18,6,2,1,0,0,4,13,16,10
25054,25,14,59,54,19,5,1,0,0,7,38,46,18
88054,88,12,55,33,10,4,5,0,0,1,23,31,13
09054,09,4,41,36,17,4,3,0,3,5,58,25,9
39054,39,0,5,6,5,4,6,3,0,0,2,11,3
32054,32,5,33,37,18,4,1,0,23,1,43,28,12
55054,55,5,8,9,0,0,0,0,0,5,0,4,3
50054,50,5,13,25,6,6,0,0,2,0,15,19,0
33054,33,2,26,37,15,2,0,0,5,0,24,25,13
67054,67,19,70,60,15,4,6,1,0,0,20,65,18
17054,17,10,21,25,3,0,0,0,7,2,22,20,11
26054,26,36,160,143,43,9,12,2,0,4,114,110,39
24054,24,7,53,54,19,4,5,0,7,6,52,48,15
10054,10,0,23,14,1,1,4,0,0,0,6,16,0
01054,01,40,163,140,29,7,7,0,25,6,96,133,31
73054,73,199,716,744,174,27,38,15,46,26,580,659,161
38054,38,37,151,173,50,4,10,5,1,5,158,128,49
71054,71,24,79,67,19,0,5,0,20,2,60,64,18
89054,89,29,99,63,19,0,8,0,14,0,61,74,11
40054,40,2,19,39,13,5,7,0,10,0,21,17,15
45054,45,23,67,68,14,0,0,0,0,8,38,65,16
68054,68,20,56,39,9,0,7,0,0,2,34,45,6
30054,30,3,40,20,9,0,0,0,0,5,14,24,10
27054,27,17,65,52,9,0,8,5,0,5,32,43,7
51054,51,37,145,119,22,6,2,0,10,1,91,122,28
81054,81,22,102,105,26,0,5,2,8,0,99,84,28
2B054,2B,3,40,33,8,6,2,0,0,0,16,46,11
49054,49,63,194,306,70,6,16,7,0,11,194,256,75
46054,46,4,18,38,15,4,0,0,20,0,30,19,5
34054,34,6,10,15,7,3,4,0,0,0,3,11,5
47054,47,39,179,156,43,0,6,1,24,6,131,136,44
74054,74,23,73,99,27,1,7,1,1,1,61,98,17
72054,72,76,338,329,84,17,25,6,20,12,301,496,92
58054,58,4,12,7,1,0,0,2,0,1,3,7,0
86054,86,7,38,43,10,6,2,4,0,0,22,29,12
43054,43,3,33,38,5,0,0,0,9,3,27,22,6
37054,37,89,333,428,114,6,16,6,16,23,327,363,124
53054,53,245,777,1205,263,26,43,4,57,30,640,1198,266
35054,35,46,119,254,63,2,13,0,17,12,159,166,64
07054,07,7,35,26,10,0,5,0,4,0,36,23,8
03054,03,9,21,27,1,0,0,0,13,6,18,16,11
18054,18,2,24,23,11,6,4,2,1,4,18,20,6
23054,23,7,16,18,4,0,0,3,11,1,23,16,10
19054,19,6,20,34,8,0,4,5,0,6,12,16,5
41054,41,10,43,35,10,0,1,0,1,0,19,27,14
04054,04,6,6,12,0,3,0,0,0,2,3,9,0
42054,42,9,29,32,8,0,0,0,6,0,24,28,13
69054,69,5,24,38,16,2,5,4,3,1,39,33,9
36054,36,5,32,34,12,0,3,0,2,0,19,25,8
66054,66,3,8,5,5,4,5,4,0,1,0,5,5
15054,15,20,80,118,28,3,5,6,2,4,77,108,29
48054,48,6,0,3,0,0,4,5,0,5,0,11,2
87054,87,28,89,126,42,10,9,4,4,2,109,77,40
06054,06,85,564,389,71,5,11,19,81,25,292,551,82
44054,44,73,199,399,108,16,16,6,8,8,305,289,128
56054,56,83,340,582,157,19,22,12,43,11,359,420,138
22054,22,91,346,612,181,8,43,7,15,19,423,411,174
82054,82,4,47,35,7,1,1,0,5,1,34,33,7
90054,90,14,71,51,11,1,7,1,2,7,45,50,20
84054,84,462,3041,1857,471,46,74,26,154,99,1849,1894,409
77054,77,19,97,81,19,7,6,6,3,1,76,76,17
12054,12,12,27,48,17,4,7,0,12,0,32,37,15
85054,85,32,86,126,30,0,7,0,0,0,65,117,23
05054,05,7,38,38,9,0,0,0,14,6,46,39,15
83054,83,192,1317,751,135,17,42,11,91,53,609,1068,147
29054,29,12,45,82,31,0,1,1,10,0,55,56,26
95054,95,0,20,23,6,0,0,5,1,0,26,18,3
61054,61,6,36,24,3,0,7,4,0,5,4,32,12
16054,16,2,15,23,3,0,6,0,2,0,12,10,0
28054,28,20,58,47,11,0,3,3,0,0,40,53,12
63054,63,10,60,92,24,0,1,3,9,2,68,52,22
11054,11,2,33,26,14,3,0,0,6,6,25,18,12
60054,60,26,154,93,23,4,9,8,0,10,69,94,16
13054,13,543,3917,2736,679,63,102,55,234,105,3018,2860,632
94054,94,328,824,2058,565,49,47,18,96,91,1757,1461,579
62055,62,7,80,41,11,0,0,0,10,2,50,38,11
65055,65,8,32,52,8,0,6,0,3,5,37,22,19
76055,76,7,49,37,9,0,6,0,15,6,49,32,8
80055,80,9,33,17,4,2,0,0,0,4,6,15,4
70055,70,19,101,65,11,1,3,0,0,1,44,47,18
54055,54,12,41,32,12,3,2,0,12,1,39,24,10
57055,57,16,76,59,18,3,3,1,0,0,50,42,16
59055,59,16,75,56,12,2,5,0,12,1,52,37,11
08055,08,7,65,34,12,2,0,1,0,5,28,28,6
14055,14,11,45,52,19,0,5,5,0,6,18,43,20
02055,02,1,20,11,1,0,5,4,0,0,8,3,0
21055,21,0,0,0,0,0,4,3,0,0,0,2,1
60055,60,7,40,24,6,0,5,5,7,6,21,20,8
31055,31,8,10,25,10,5,0,0,0,2,19,7,2
95055,95,6,28,42,7,4,2,0,9,3,44,29,15
25055,25,8,35,37,5,0,3,1,0,2,21,36,4
09055,09,3,15,15,10,0,0,0,0,0,21,12,3
88055,88,6,17,19,4,2,0,2,2,5,12,13,0
39055,39,5,0,6,4,5,2,5,0,0,0,5,0
22055,22,165,647,1082,326,29,53,12,80,23,784,701,336
50055,50,5,6,12,2,0,0,0,15,0,10,6,0
32055,32,7,16,12,9,3,4,0,0,1,6,10,0
33055,33,9,45,62,11,0,1,0,0,0,44,40,23
55055,55,0,0,3,0,5,0,0,0,3,0,0,0
52055,52,1,13,11,0,0,1,4,0,5,8,10,1
67055,67,48,163,144,30,1,9,0,0,3,81,143,36
17055,17,9,20,23,4,4,3,5,0,4,2,24,10
61055,61,15,58,65,14,7,6,0,3,0,42,63,12
26055,26,0,18,11,9,0,0,5,3,3,21,14,0
24055,24,11,68,70,22,0,2,5,24,3,71,51,24
10055,10,8,47,28,8,0,0,2,0,0,11,39,4
16055,16,20,89,113,29,4,4,1,7,4,87,77,33
73055,73,45,202,201,57,3,6,4,18,5,153,189,50
38055,38,10,57,73,19,0,2,3,0,4,42,51,21
40055,40,29,120,157,65,5,11,2,9,3,143,118,65
45055,45,11,45,44,14,0,1,0,16,0,38,37,8
89055,89,82,369,244,54,10,17,12,13,9,207,257,64
79055,79,4,5,4,0,0,0,0,1,0,0,6,6
63055,63,20,89,137,34,1,2,3,19,9,118,75,37
77055,77,72,230,258,59,12,8,7,4,22,197,167,64
30055,30,7,86,60,14,0,6,0,3,0,59,46,20
68055,68,39,136,95,22,0,2,0,25,9,77,120,18
11055,11,5,25,18,11,5,1,0,3,1,21,17,8
27055,27,14,51,33,6,0,1,1,0,4,22,36,9
51055,51,193,968,716,148,21,43,18,56,25,497,776,174
2B055,2B,5,29,28,9,5,0,0,0,0,1,35,8
49055,49,71,193,316,75,10,6,6,8,9,185,273,69
46055,46,23,94,158,38,1,11,5,21,6,137,106,45
34055,34,3,30,25,3,0,4,5,0,5,12,20,7
47055,47,11,53,40,11,5,2,0,14,3,41,46,7
74055,74,14,39,52,14,0,6,0,13,6,41,54,10
58055,58,23,78,82,20,2,4,3,0,6,71,57,24
43055,43,6,24,23,8,5,0,0,0,0,16,17,5
37055,37,17,70,79,19,0,4,0,25,0,71,72,19
35055,35,182,639,1331,399,31,48,10,53,27,853,864,417
53055,53,14,54,82,21,0,2,4,0,2,36,89,11
07055,07,67,307,289,92,13,15,4,69,8,305,223,84
04055,04,3,23,17,9,3,0,0,0,2,15,18,6
19055,19,12,34,43,16,6,4,0,0,4,18,29,11
18055,18,15,90,79,22,5,0,0,17,3,77,76,24
23055,23,0,0,7,0,2,1,0,0,4,0,5,1
42055,42,3,14,15,4,0,1,1,16,3,7,9,2
36055,36,22,103,97,25,7,11,1,1,4,86,85,20
66055,66,13,106,71,17,0,1,0,8,0,73,62,22
15055,15,14,33,64,17,0,8,1,5,0,33,45,13
48055,48,6,17,19,10,0,0,1,0,2,7,16,8
06055,06,5,24,22,2,3,0,4,0,1,0,30,7
82055,82,2,43,25,12,4,0,0,0,0,17,30,13
56055,56,50,212,325,98,11,11,9,26,8,188,232,87
83055,83,125,863,521,89,17,28,5,13,31,383,726,101
90055,90,8,40,32,8,5,0,1,0,0,33,20,5
84055,84,35,239,150,24,0,5,0,45,6,153,145,30
44055,44,432,1313,2705,806,57,128,31,135,98,1965,1892,748
12055,12,1,15,17,3,0,0,3,0,0,6,9,9
03055,03,25,96,102,26,2,6,2,11,8,83,84,26
86055,86,4,27,40,7,0,2,0,18,5,39,24,10
85055,85,22,88,121,18,0,5,0,42,5,66,111,22
05055,05,7,33,45,5,1,7,0,0,1,36,38,10
28055,28,12,57,46,12,6,4,2,2,1,37,45,10
29055,29,62,210,413,150,5,21,7,11,3,286,257,154
81055,81,9,37,33,7,0,0,5,5,0,34,28,9
69055,69,27,116,170,48,3,8,0,5,11,128,159,41
13055,13,12644,88143,62084,14641,1464,2463,935,5055,2924,69445,63633,14579
94055,94,165,469,1155,310,25,39,10,89,43,995,834,295
93055,93,479,2157,3754,1363,83,148,49,195,232,5369,2042,1342
41055,41,80,315,243,67,15,10,2,34,15,192,284,69
13055AR01,13,486,3413,2432,557,50,92,40,141,116,2726,2493,578
13055AR02,13,294,2075,1455,349,29,60,17,161,69,1632,1506,348
13055AR03,13,527,3630,2592,614,54,86,38,227,124,2824,2688,619
13055AR04,13,748,5012,3573,828,75,142,60,245,188,3951,3665,853
13055AR05,13,607,4354,3035,721,69,110,41,252,123,3370,3140,688
13055AR06,13,654,4343,3112,730,81,127,38,146,140,3362,3165,713
13055AR07,13,602,4232,2958,693,84,135,40,280,138,3325,3039,690
13055AR08,13,1338,9438,6696,1591,139,260,106,494,306,7522,6903,1524
13055AR09,13,1251,8471,5884,1405,154,260,78,508,308,6647,6042,1403
13055AR10,13,792,5769,4172,966,97,176,56,373,220,4527,4181,957
13055AR11,13,978,6735,4698,1083,87,172,56,338,225,5370,4778,1114
13055AR12,13,1058,7353,5163,1216,117,254,73,501,215,5785,5347,1212
13055AR13,13,1337,9326,6532,1571,183,251,104,540,290,7365,6730,1531
13055AR14,13,784,5615,3887,930,79,136,91,350,210,4510,3972,930
13055AR15,13,951,6543,4640,1074,146,159,68,400,202,5125,4693,1104
13055AR16,13,237,1834,1255,313,20,43,29,99,50,1404,1291,315
64056,64,3,12,17,7,2,6,0,0,1,13,16,2
62056,62,25,134,73,18,1,6,6,3,0,78,60,25
65056,65,9,45,45,20,0,5,0,1,3,47,36,11
12056,12,61,213,350,76,4,6,2,71,7,262,275,87
76056,76,20,76,66,15,5,1,3,0,7,65,54,15
70056,70,4,50,27,5,2,7,0,8,0,24,32,4
80056,80,3,13,13,4,0,1,0,0,2,0,10,4
54056,54,4,21,13,5,4,0,3,0,2,5,15,10
59056,59,27,131,93,30,1,0,3,16,0,99,73,26
02056,02,5,26,20,7,3,1,2,0,3,0,13,6
60056,60,5,12,9,0,0,2,0,0,0,1,7,6
31056,31,113,517,792,263,15,36,15,89,30,709,496,239
08056,08,0,6,4,0,4,0,5,0,0,0,5,1
21056,21,23,92,102,29,6,9,4,0,1,63,85,29
95056,95,33,147,212,55,0,7,3,27,11,210,155,59
27056,27,261,1263,877,222,36,56,15,78,36,745,827,216
25056,25,2161,9631,9189,2370,330,562,132,548,402,7023,8636,2353
51056,51,6,39,36,6,0,0,0,9,0,22,31,6
88056,88,5,12,6,5,0,4,1,3,1,9,4,3
32056,32,0,0,10,2,1,0,1,0,3,0,6,4
33056,33,288,1289,1834,559,29,125,13,187,59,1526,1214,536
52056,52,4,37,17,0,4,0,0,17,6,12,28,0
39056,39,27,144,131,34,5,5,6,1,4,114,108,35
67056,67,16,87,76,24,0,6,5,0,0,46,70,22
17056,17,14,55,70,17,3,4,0,9,1,52,65,16
26056,26,21,76,69,19,3,4,0,0,7,56,66,21
16056,16,14,87,108,26,0,6,0,14,1,75,69,26
28056,28,47,204,174,49,0,9,5,23,1,121,174,46
10056,10,8,30,23,2,4,0,2,0,6,1,29,8
01056,01,16,45,42,13,0,2,2,0,1,29,45,10
71056,71,74,274,228,66,8,18,2,0,11,178,213,68
38056,38,4,8,15,0,0,0,1,4,0,12,7,0
89056,89,18,81,61,14,4,0,5,17,1,48,64,11
79056,79,13,57,88,21,0,5,3,29,2,74,61,19
40056,40,15,73,85,27,2,5,1,6,5,80,57,32
45056,45,7,28,35,8,2,4,0,0,5,18,33,9
63056,63,10,46,61,16,3,2,0,0,0,40,35,21
68056,68,283,1049,725,204,23,46,16,54,50,513,847,192
77056,77,1,17,16,1,0,4,3,5,3,10,10,8
57056,57,10,30,22,5,0,0,0,0,0,17,23,8
09056,09,7,39,37,9,6,4,0,19,0,47,19,10
11056,11,8,19,17,5,0,4,5,0,1,3,13,9
81056,81,0,17,16,1,0,3,0,0,0,17,12,10
2A056,2A,1,27,10,7,3,0,5,0,4,3,25,0
46056,46,7,3,17,4,1,6,3,0,4,0,13,1
49056,49,3,27,39,7,6,6,4,0,0,8,25,6
34056,34,19,175,139,31,8,8,0,0,8,140,109,36
47056,47,25,111,101,21,7,3,0,19,8,91,90,26
74056,74,276,855,1051,231,12,37,16,78,62,735,1086,230
72056,72,33,129,124,35,9,11,0,0,3,93,187,36
58056,58,11,38,33,4,6,6,4,0,4,17,25,5
43056,43,8,54,52,7,3,0,1,17,0,43,37,16
07056,07,21,98,89,21,8,11,3,0,7,86,67,30
18056,18,6,30,32,2,0,0,0,2,0,29,27,6
42056,42,72,322,297,82,0,15,6,23,7,244,249,67
69056,69,43,133,219,59,1,8,3,4,8,180,188,62
23056,23,8,36,35,10,0,2,3,1,6,33,22,11
19056,19,7,29,56,15,4,2,5,8,7,35,32,15
36056,36,30,114,91,23,10,1,2,0,2,69,88,28
66056,66,25,155,89,33,2,7,0,0,7,118,91,26
15056,15,19,65,94,15,6,8,3,7,2,58,88,23
87056,87,3,19,36,10,0,6,0,16,0,26,26,9
06056,06,0,29,15,1,0,0,0,21,0,12,24,4
48056,48,12,33,35,10,0,5,0,0,2,23,34,11
82056,82,9,32,18,2,3,4,0,0,6,5,17,11
22056,22,33,133,224,68,9,14,0,11,6,172,149,77
56056,56,9,17,23,8,0,5,0,0,4,5,22,9
44056,44,83,224,464,130,12,18,8,15,11,320,289,127
83056,83,54,372,216,45,10,12,2,72,5,182,306,35
05056,05,7,28,33,6,1,2,0,20,0,32,34,9
90056,90,25,159,129,36,8,5,6,0,5,105,112,37
84056,84,108,731,436,102,22,30,8,6,16,421,458,110
30056,30,6,48,24,13,5,6,3,0,6,21,24,8
03056,03,15,51,57,17,4,1,3,0,0,25,47,13
53056,53,19,60,103,27,6,5,5,0,6,50,108,23
85056,85,15,28,44,12,1,7,0,0,2,21,39,9
35056,35,21,52,103,37,5,7,4,0,2,57,68,33
37056,37,15,51,67,20,6,2,0,16,0,64,62,21
29056,29,48,137,260,101,2,7,8,16,0,165,171,103
61056,61,7,15,24,2,2,3,0,0,4,5,22,9
24056,24,7,25,28,7,0,3,4,11,0,24,16,5
13056,13,853,6053,4322,1033,111,192,83,343,208,4875,4462,1016
75056,75,13298,40012,279029,81412,2676,5073,1667,7931,6004,151433,212151,81414
94056,94,48,111,294,82,3,10,11,22,16,264,212,69
75056AR01,75,199,569,3812,1115,38,53,31,43,83,1937,2876,1091
75056AR02,75,146,391,2842,863,18,52,11,105,80,1539,2204,850
75056AR03,75,219,633,4502,1312,44,59,21,177,100,2495,3412,1334
75056AR04,75,174,557,3819,1097,33,60,25,70,78,2068,2950,1149
75056AR05,75,391,1096,7619,2228,78,144,60,195,188,4074,5770,2204
75056AR06,75,242,767,5441,1576,65,106,45,145,145,2961,4096,1552
75056AR07,75,320,943,6809,2009,70,121,65,232,164,3675,5160,1960
75056AR08,75,221,758,5138,1510,53,97,22,182,112,2856,3881,1528
75056AR09,75,385,1135,8230,2380,93,143,53,259,158,4452,6242,2389
75056AR10,75,544,1605,11498,3330,143,178,45,387,259,6354,8769,3364
75056AR11,75,881,2796,19035,5530,138,324,104,584,444,10482,14387,5500
75056AR12,75,908,2703,18928,5524,199,362,152,666,413,10360,14458,5482
75056AR13,75,1114,3346,23214,6822,224,440,135,519,486,12561,17610,6815
75056AR14,75,838,2500,17526,5168,128,365,82,692,385,9549,13323,5165
75056AR15,75,1447,4390,29906,8741,270,522,166,883,598,16276,22881,8758
75056AR16,75,979,2916,20162,5883,176,322,77,497,408,10862,15343,5883
75056AR17,75,1045,3058,21306,6248,194,418,162,514,437,11519,16305,6241
75056AR18,75,1053,3173,22385,6480,228,415,130,673,437,12189,16975,6521
75056AR19,75,1064,3249,22605,6633,230,444,139,516,471,12172,17142,6579
75056AR20,75,1128,3427,24252,6963,254,448,142,592,558,13052,18367,7049
64057,64,26,129,238,63,9,12,1,99,7,187,160,68
62057,62,136,884,469,136,20,22,13,4,18,459,362,130
65057,65,18,99,132,43,0,1,4,29,0,124,71,40
76057,76,247,1335,1123,309,36,77,22,98,47,1145,931,314
70057,70,5,15,7,8,0,6,4,2,0,11,10,0
80057,80,5,0,13,7,0,1,5,0,1,0,5,7
59057,59,16,75,56,18,1,2,2,0,5,61,44,22
54057,54,0,6,5,1,0,0,0,1,1,9,2,4
02057,02,33,220,120,24,8,7,5,3,6,110,112,26
60057,60,1176,6736,4352,1043,173,221,62,356,228,3665,3848,988
21057,21,12,46,41,15,1,7,0,0,5,21,35,7
31057,31,31,113,195,58,6,10,1,15,3,157,117,55
14057,14,43,144,171,46,8,7,5,11,4,127,150,42
08057,08,12,21,23,8,3,5,0,0,0,2,23,11
78057,78,30,104,202,58,2,7,3,0,11,116,215,52
27057,27,4,39,32,8,1,4,0,0,0,24,29,10
25057,25,96,417,411,98,1,18,7,49,23,326,385,87
51057,51,0,16,5,4,0,3,2,0,0,0,13,1
09057,09,11,39,45,15,0,3,0,0,0,49,23,16
33057,33,18,72,96,30,3,9,0,20,2,88,65,25
32057,32,7,17,18,4,1,2,0,0,0,13,18,6
39057,39,3,10,12,0,5,0,3,5,3,7,6,6
52057,52,9,17,8,2,1,0,3,4,4,5,10,7
55057,55,0,10,4,2,5,4,0,0,0,0,9,5
67057,67,3,23,19,10,0,0,0,8,0,12,26,4
17057,17,15,70,82,14,1,0,3,0,1,63,64,22
26057,26,277,1140,1034,290,45,55,8,104,42,930,911,274
24057,24,0,3,2,7,4,4,5,0,0,0,8,0
16057,16,6,29,44,15,6,4,0,0,2,18,23,14
28057,28,11,73,57,10,6,6,6,0,2,29,65,14
10057,10,6,10,2,0,0,1,0,0,3,5,1,0
01057,01,15,53,58,12,3,0,1,0,0,30,57,16
71057,71,3,23,13,4,0,4,0,0,2,11,11,7
38057,38,22,76,83,29,5,0,0,12,0,69,61,27
73057,73,15,61,58,8,6,4,1,0,7,44,48,11
79057,79,35,112,174,40,11,4,5,22,5,122,111,36
89057,89,14,47,33,3,0,7,3,0,0,15,33,6
40057,40,11,29,40,15,0,1,1,0,2,9,30,13
68057,68,11,40,20,5,2,0,1,0,3,22,26,6
77057,77,11,48,44,6,0,7,2,9,0,40,29,6
57057,57,21,86,58,13,6,2,0,4,0,47,54,18
30057,30,38,233,139,40,0,11,0,17,9,156,121,36
11057,11,3,4,0,0,0,0,0,0,0,1,7,3
2B057,2B,6,48,35,2,3,0,0,0,0,25,43,10
46057,46,16,45,76,26,6,1,2,0,0,81,55,27
12057,12,25,84,133,36,8,11,4,22,5,106,107,31
34057,34,387,2581,2101,598,33,76,26,233,94,2265,1752,574
47057,47,32,157,119,40,5,12,4,0,3,111,108,37
49057,49,9,26,38,14,2,2,0,3,3,22,42,13
74057,74,28,91,128,22,0,1,0,8,9,80,120,29
72057,72,7,5,7,0,0,4,5,0,0,0,15,5
58057,58,33,137,137,34,9,7,0,2,6,99,97,38
69057,69,6,44,66,14,0,4,3,3,5,50,55,18
18057,18,45,198,173,44,2,14,0,24,10,160,171,34
23057,23,17,48,60,14,5,0,2,12,4,61,40,17
04057,04,9,27,16,6,2,0,2,0,0,29,18,6
36057,36,20,106,97,33,2,9,0,29,0,79,86,27
19057,19,8,42,67,13,0,5,0,22,3,54,53,19
41057,41,1,15,11,6,4,0,5,13,0,13,16,2
66057,66,5,55,33,13,2,2,1,1,7,43,31,5
15057,15,2,14,31,9,5,0,0,4,0,16,27,7
87057,87,11,37,41,8,2,3,4,0,1,34,28,19
82057,82,14,73,58,19,0,3,2,0,5,53,52,13
83057,83,74,518,318,65,7,2,6,16,18,259,435,68
05057,05,9,33,32,11,0,4,0,5,4,26,24,3
44057,44,51,145,305,79,12,14,0,0,10,183,212,87
84057,84,7,59,35,8,2,7,3,0,6,28,33,7
06057,06,57,364,251,47,3,16,6,0,19,181,346,45
43057,43,0,0,13,5,3,4,5,0,0,0,9,1
37057,37,23,67,80,16,0,0,0,8,0,62,68,15
35057,35,23,82,165,54,0,4,0,0,7,87,102,47
53057,53,18,36,58,10,3,7,0,0,6,24,71,13
03057,03,5,24,20,8,4,1,2,2,2,19,22,7
29057,29,70,243,505,190,10,26,3,14,6,347,308,195
90057,90,25,99,70,21,7,0,0,3,7,74,64,25
88057,88,7,16,6,5,2,0,2,0,3,0,9,1
63057,63,7,24,39,14,4,1,2,26,0,33,22,8
22057,22,12,24,41,12,5,7,4,1,0,38,33,9
56057,56,68,242,365,90,14,21,4,45,9,232,282,104
93057,93,210,962,1711,630,47,84,37,71,124,2375,924,602
13057,13,12,76,54,7,3,0,0,8,0,67,48,11
64058,64,8,32,75,25,0,9,0,14,5,60,51,24
62058,62,1,38,16,9,0,5,0,0,0,21,15,0
65058,65,4,19,23,5,0,5,4,0,0,21,8,11
76058,76,9,24,21,9,0,0,0,8,0,20,23,7
80058,80,6,44,36,6,1,0,2,30,1,25,21,3
59058,59,25,145,92,31,2,2,1,15,0,109,79,30
70058,70,32,128,94,20,5,2,0,18,0,68,81,16
02058,02,21,116,60,9,0,0,0,15,0,50,54,17
60058,60,8,33,28,5,6,4,4,8,0,17,22,2
57058,57,123,657,507,123,20,32,9,42,23,419,398,119
21058,21,5,31,24,5,0,2,1,0,0,20,24,11
31058,31,1,5,19,3,1,0,0,11,0,12,7,4
08058,08,7,39,18,8,0,0,4,0,6,13,25,4
95058,95,43,160,245,64,7,9,5,32,20,246,169,57
25058,25,32,156,133,41,4,5,4,0,11,117,129,43
51058,51,73,366,300,70,7,15,9,8,16,183,299,48
88058,88,4,12,5,0,2,5,0,0,0,9,9,1
50058,50,48,185,242,66,12,15,6,15,8,159,193,65
33058,33,93,380,561,163,11,23,12,54,18,450,361,170
32058,32,1,0,10,1,1,4,5,0,0,0,0,2
39058,39,0,19,20,4,0,5,0,3,4,13,22,1
52058,52,52,269,137,38,6,12,6,24,4,109,150,43
09058,09,8,18,25,12,0,0,0,0,0,28,11,4
55058,55,7,50,24,4,3,0,3,0,3,15,22,9
67058,67,13,45,42,5,1,5,5,0,3,12,45,8
17058,17,89,368,410,100,10,18,7,44,14,321,361,89
24058,24,9,21,30,6,0,5,2,0,0,25,14,12
26058,26,461,2174,2011,566,63,121,28,120,93,1746,1640,526
16058,16,29,147,163,43,6,9,4,46,0,131,114,40
10058,10,4,40,35,11,8,7,1,0,3,0,28,9
71058,71,6,22,23,2,0,0,4,6,5,16,18,8
28058,28,9,47,38,14,0,5,0,1,2,31,34,8
01058,01,20,108,86,21,0,6,0,15,0,66,81,21
38058,38,51,216,238,60,7,11,5,44,13,203,161,66
79058,79,16,58,94,31,4,7,0,0,8,76,62,30
45058,45,8,19,22,7,0,0,1,0,1,5,14,8
68058,68,114,374,280,73,14,20,0,22,21,199,327,68
63058,63,12,51,68,26,0,8,0,6,0,67,46,17
89058,89,5,15,15,0,0,0,4,5,0,14,12,4
77058,77,647,2494,2545,593,68,106,29,96,133,2220,1941,637
54058,54,6,16,17,2,0,0,0,0,0,7,7,1
40058,40,5,21,27,12,6,0,0,0,0,17,24,7
11058,11,2,38,27,10,4,2,3,0,5,18,12,2
2B058,2B,3,45,33,4,2,2,5,14,0,21,53,7
81058,81,8,19,19,2,0,0,0,17,1,21,24,7
46058,46,9,32,48,11,0,0,0,18,2,53,31,11
12058,12,6,14,20,5,0,1,3,0,0,10,17,2
34058,34,105,828,632,169,13,37,4,60,22,748,566,182
47058,47,9,33,21,12,2,4,5,0,4,8,25,3
72058,72,154,741,697,185,32,43,12,0,21,589,1026,184
03058,03,4,20,23,6,0,3,4,2,6,16,16,5
85058,85,24,56,95,22,3,5,0,0,0,50,98,12
07058,07,19,106,106,34,0,7,0,11,6,104,77,26
42058,42,6,35,25,6,0,0,0,4,6,26,26,7
69058,69,5,33,50,7,3,0,1,0,4,38,48,10
18058,18,31,166,144,31,6,11,10,26,0,121,116,31
04058,04,7,31,30,9,2,3,0,0,4,22,23,7
19058,19,10,37,55,8,4,2,3,0,3,42,30,19
36058,36,18,69,54,20,7,1,0,5,0,56,53,22
41058,41,4,23,19,1,0,0,4,4,0,16,15,10
66058,66,37,288,172,44,7,7,5,1,10,187,170,52
15058,15,9,10,22,5,6,2,0,1,4,9,20,2
87058,87,5,9,20,5,0,0,2,5,0,13,6,1
06058,06,18,85,63,16,0,3,1,0,5,30,78,11
82058,82,5,8,11,0,1,5,0,3,5,9,7,1
44058,44,11,32,55,22,6,0,0,0,6,34,38,13
83058,83,123,700,409,100,9,18,15,0,31,313,587,96
29058,29,233,746,1617,604,26,76,21,95,34,1059,968,585
05058,05,10,27,24,10,0,2,0,5,0,25,21,6
56058,56,89,282,453,133,9,27,7,32,11,277,355,132
73058,73,38,129,141,39,5,5,2,0,5,82,126,35
30058,30,5,42,29,4,5,0,5,0,0,23,20,8
35058,35,23,80,169,50,7,11,0,1,5,115,100,57
53058,53,11,27,42,14,7,2,0,0,4,16,47,9
86058,86,12,71,82,23,0,8,3,16,1,80,57,24
58058,58,4,33,40,5,4,0,4,13,1,24,23,11
74058,74,20,76,89,16,2,5,0,2,5,62,105,25
43058,43,28,104,108,29,8,12,0,5,3,99,101,22
37058,37,34,138,181,52,4,13,1,0,4,144,161,56
48058,48,9,14,24,6,0,1,0,4,0,16,22,0
90058,90,17,63,54,17,6,0,4,0,4,17,46,14
84058,84,4,55,33,4,4,0,0,13,7,38,32,4
23058,23,0,7,12,7,3,0,3,2,3,8,6,7
94058,94,599,1647,4094,1119,60,119,48,171,174,3454,2891,1094
49058,49,18,68,106,21,6,3,3,0,8,65,81,26
13058,13,43,336,234,64,6,7,7,8,13,275,244,58
64059,64,21,71,137,39,0,11,1,24,6,105,88,41
62059,62,6,49,30,12,0,6,0,0,0,30,22,4
65059,65,161,643,899,255,19,54,12,197,39,813,562,247
80059,80,0,3,13,3,4,0,0,0,0,0,9,5
76059,76,9,57,46,8,3,0,0,0,7,40,38,15
59059,59,14,66,38,7,0,3,0,0,7,39,38,17
70059,70,12,75,41,18,2,10,4,0,0,25,41,14
02059,02,49,417,211,51,17,25,2,40,5,175,192,40
31059,31,6,6,13,9,0,6,1,0,4,0,12,8
57059,57,7,2,3,0,3,4,0,0,0,0,8,5
54059,54,28,92,79,25,4,0,8,8,5,51,51,9
21059,21,24,94,91,30,8,3,1,12,7,66,85,21
08059,08,6,0,5,4,3,0,0,0,2,0,0,0
14059,14,8,51,61,15,6,2,0,1,0,54,46,21
27059,27,13,47,40,6,0,7,0,0,6,20,32,8
95059,95,3,31,47,11,4,5,0,0,0,25,29,14
25059,25,3,33,31,12,0,1,0,0,2,23,30,10
88059,88,19,63,41,10,6,0,0,0,5,34,46,7
51059,51,7,53,36,8,1,0,4,6,0,23,40,5
50059,50,13,26,29,13,5,2,0,0,0,7,34,13
33059,33,2,25,42,12,5,0,2,9,0,26,22,14
39059,39,43,197,175,35,11,12,7,27,8,171,155,38
09059,09,2,20,21,8,0,1,0,0,5,12,13,3
32059,32,6,16,11,6,0,0,1,0,3,8,14,2
52059,52,6,22,7,3,0,3,2,1,0,13,10,0
55059,55,10,34,15,4,2,0,2,0,0,15,24,5
67059,67,17,51,47,11,0,8,4,10,0,40,48,7
24059,24,10,43,39,9,0,5,2,12,0,50,33,7
17059,17,31,137,160,40,8,5,0,1,6,126,125,43
26059,26,3,26,27,10,5,5,0,0,3,23,21,4
10059,10,0,16,9,0,4,4,0,7,0,10,15,1
16059,16,4,19,17,2,0,0,0,17,0,13,8,5
28059,28,39,164,145,35,8,7,0,25,4,115,142,39
73059,73,82,285,322,69,12,13,7,0,11,222,291,74
38059,38,63,283,314,76,12,7,5,23,20,242,209,91
45059,45,3,30,26,3,0,3,1,12,0,12,19,2
68059,68,61,255,183,43,3,14,3,20,20,132,214,47
77059,77,18,72,78,15,0,6,5,13,1,59,52,17
89059,89,22,93,67,9,6,7,1,0,6,54,57,16
63059,63,0,18,35,3,4,0,3,0,0,24,16,12
60059,60,11,25,15,4,1,1,3,2,2,20,20,1
40059,40,18,59,86,29,7,3,6,18,0,63,58,29
11059,11,6,14,7,0,0,4,0,16,0,11,9,0
2B059,2B,3,41,21,7,2,0,0,13,0,13,33,9
46059,46,10,12,26,6,6,0,0,6,0,24,20,11
81059,81,24,81,82,26,3,4,5,0,0,72,71,30
12059,12,8,47,69,23,0,1,0,26,5,64,57,13
47059,47,6,29,22,3,5,5,0,0,5,20,15,6
72059,72,13,80,77,27,0,0,0,22,5,71,105,25
86059,86,13,42,56,21,7,9,0,8,0,45,45,13
03059,03,4,45,38,9,0,1,0,1,1,34,36,10
37059,37,31,128,149,47,8,5,3,0,6,130,150,43
42059,42,131,593,555,133,18,21,8,48,9,428,416,143
07059,07,11,27,25,11,1,0,2,0,0,24,18,5
69059,69,25,124,191,54,0,10,0,0,8,121,171,43
04059,04,1,35,28,2,3,0,2,0,0,28,25,10
19059,19,15,42,58,18,0,8,4,0,1,30,32,12
36059,36,12,24,22,12,0,5,0,0,3,18,28,8
66059,66,40,344,228,64,2,10,4,43,15,249,200,57
15059,15,8,13,24,0,1,0,0,0,0,0,21,8
06059,06,57,368,273,44,11,10,6,4,8,197,379,58
82059,82,4,40,40,14,1,3,0,5,0,30,30,5
83059,83,78,412,242,50,2,17,6,21,12,203,351,50
29059,29,15,72,141,55,7,2,2,0,1,86,80,46
34059,34,5,45,33,9,0,4,0,0,0,32,23,10
43059,43,7,12,23,5,4,6,5,0,0,5,14,0
53059,53,5,27,38,14,4,4,0,8,0,25,45,7
74059,74,12,22,26,1,0,6,4,0,0,20,33,3
35059,35,78,295,632,187,8,28,6,38,24,384,392,177
58059,58,114,496,448,131,14,23,8,38,26,374,329,129
23059,23,6,10,9,9,0,3,1,0,5,13,12,1
85059,85,63,213,300,60,6,10,4,23,6,159,296,56
48059,48,4,22,27,8,0,0,0,24,0,28,26,11
05059,05,26,85,104,20,3,8,0,9,5,101,77,21
90059,90,10,30,31,4,0,4,3,6,0,24,18,10
84059,84,0,21,7,5,0,5,0,0,4,12,12,0
71059,71,121,477,416,118,17,26,4,0,14,313,369,124
79059,79,24,63,100,23,0,3,4,0,4,56,68,29
30059,30,56,357,228,61,4,14,7,43,9,272,210,53
18059,18,22,101,90,29,0,9,3,22,0,84,78,26
41059,41,191,796,669,167,25,40,11,55,27,486,712,180
87059,87,35,138,209,62,8,16,5,3,4,172,111,60
22059,22,33,95,179,61,1,4,0,0,7,122,125,57
94059,94,298,806,1984,553,39,69,16,89,68,1671,1404,537
13059,13,73,524,363,80,2,13,5,12,21,404,392,94
93059,93,215,971,1698,591,46,77,17,49,126,2360,916,587
64060,64,34,114,229,70,2,18,6,63,3,166,166,66
62060,62,68,450,245,58,12,12,2,2,10,245,187,68
65060,65,0,12,10,0,0,0,2,2,3,4,1,6
76060,76,15,60,56,15,0,0,0,0,2,51,36,13
70060,70,11,41,27,8,1,0,1,0,3,17,25,3
59060,59,4,27,25,3,1,1,2,8,0,22,24,6
02060,02,6,50,25,1,0,5,0,0,2,17,14,10
60060,60,18,85,55,16,5,8,1,0,6,44,46,19
21060,21,47,183,180,42,4,13,4,0,2,120,177,52
49060,49,92,282,427,101,17,18,6,25,19,268,383,102
54060,54,35,172,140,35,9,4,2,0,6,125,104,33
08060,08,9,39,15,2,0,0,0,3,0,17,17,10
95060,95,147,568,829,225,24,22,8,3,64,697,613,228
25060,25,9,64,65,21,0,0,0,9,8,59,56,16
51060,51,6,25,16,0,0,2,4,2,0,12,17,2
88060,88,3,2,0,0,2,0,0,1,5,0,0,0
39060,39,0,12,3,0,1,5,5,0,3,2,5,0
33060,33,11,37,52,18,1,3,1,6,2,52,35,14
09060,09,10,76,88,34,7,9,0,10,0,99,52,30
55060,55,10,66,42,12,7,3,2,0,7,13,42,13
32060,32,0,21,24,8,0,0,0,0,3,15,22,9
52060,52,66,309,159,44,18,11,2,7,11,133,171,38
67060,67,23,75,60,20,0,6,0,0,7,42,71,17
24060,24,3,6,6,0,0,2,3,0,0,9,12,3
17060,17,3,20,26,1,0,0,0,19,5,15,22,6
26060,26,0,24,14,10,5,5,0,0,2,14,9,1
61060,61,9,13,15,6,0,0,1,0,5,0,21,8
71060,71,5,33,27,8,3,0,3,0,4,16,27,7
28060,28,5,17,23,2,5,3,0,5,0,10,15,9
38060,38,7,16,22,10,0,4,3,0,4,0,15,3
01060,01,22,68,55,15,7,5,0,4,4,38,65,9
10060,10,72,321,202,51,2,10,3,19,6,163,270,43
16060,16,12,50,53,17,2,8,0,0,0,44,32,15
68060,68,61,215,173,32,9,11,1,12,18,104,170,34
63060,63,0,16,18,5,4,0,0,0,0,10,10,3
89060,89,20,65,35,8,0,7,0,0,6,36,37,10
77060,77,15,77,78,20,0,5,4,0,7,41,61,21
80060,80,3,23,10,5,6,0,0,0,0,1,9,3
31060,31,4,9,13,8,0,1,5,1,0,11,7,9
57060,57,15,74,45,19,6,0,0,5,0,39,38,17
14060,14,44,195,245,70,0,10,0,0,2,165,206,59
11060,11,4,0,0,4,5,2,0,0,0,0,0,6
30060,30,81,590,397,107,5,19,1,63,22,450,353,88
40060,40,0,21,23,11,4,0,4,0,1,11,13,12
2A060,2A,0,10,5,7,0,0,0,13,2,6,8,0
81060,81,197,1010,970,301,43,58,21,84,32,890,763,272
46060,46,7,22,35,12,3,2,0,1,0,22,18,8
12060,12,1,6,17,3,0,0,0,16,4,16,9,3
47060,47,22,113,103,21,4,3,0,17,6,92,97,25
79060,79,2,17,16,7,0,0,0,1,2,18,11,8
34060,34,10,61,56,21,2,6,0,0,2,59,40,20
37060,37,29,128,164,36,7,3,0,10,2,118,131,44
03060,03,28,116,113,32,8,8,3,0,6,82,102,21
43060,43,0,8,9,0,0,4,0,5,5,6,8,2
58060,58,14,79,76,26,0,1,4,0,3,46,55,19
18060,18,2,11,4,2,2,0,0,5,0,1,3,0
23060,23,5,11,9,8,0,0,0,0,2,10,13,7
42060,42,21,66,61,10,1,6,0,5,0,43,44,16
07060,07,2,32,30,6,0,5,0,10,0,29,30,11
69060,69,12,43,76,21,0,4,3,0,4,59,74,18
19060,19,15,61,88,26,2,2,4,0,7,59,60,22
41060,41,10,67,52,20,0,8,0,8,0,40,57,16
66060,66,8,25,21,3,0,0,0,8,0,13,14,3
36060,36,20,72,66,15,2,8,2,17,3,64,55,21
15060,15,4,5,12,0,4,0,0,0,0,0,2,1
87060,87,15,74,96,26,0,9,4,2,1,78,61,26
06060,06,46,329,212,41,3,15,6,7,4,161,313,32
82060,82,1,24,25,8,0,1,0,7,5,16,12,0
83060,83,13,79,45,14,0,2,0,1,0,39,67,11
05060,05,2,20,15,3,0,0,0,8,5,25,19,3
22060,22,8,55,83,26,1,9,2,0,5,53,61,21
29060,29,59,209,408,154,14,20,5,28,8,268,261,150
50060,50,16,42,50,8,6,4,0,0,0,25,48,9
45060,45,17,87,85,24,4,6,1,0,0,66,73,22
74060,74,1,16,16,5,0,5,5,0,1,2,17,6
72060,72,2,33,33,7,5,7,0,0,5,19,49,9
35060,35,22,47,120,35,0,3,5,2,7,70,68,36
94060,94,180,515,1250,344,16,34,25,56,71,1070,882,342
84060,84,6,0,5,0,0,3,1,0,0,0,7,0
90060,90,0,22,11,8,0,0,0,16,0,11,9,0
92060,92,328,936,3960,831,49,85,63,88,146,2097,3523,888
56060,56,29,76,137,31,5,7,5,0,8,73,106,36
13060,13,124,861,616,130,22,20,17,44,43,680,635,125
64061,64,55,203,383,109,4,30,7,67,16,279,271,111
62061,62,8,49,30,3,0,0,0,4,0,21,20,8
65061,65,6,1,8,0,2,2,3,0,0,0,6,0
80061,80,2,39,30,10,6,0,4,0,5,1,25,1
59061,59,6,32,21,6,6,5,5,0,0,8,14,6
02061,02,10,44,28,7,0,6,4,0,4,10,19,11
70061,70,7,22,6,3,0,0,4,0,0,0,13,1
31061,31,3,17,23,4,3,0,0,12,2,25,11,14
21061,21,0,3,11,5,0,0,0,0,3,0,11,3
60061,60,4,16,15,0,5,0,1,0,3,0,8,0
27061,27,11,41,35,10,1,0,5,0,5,18,23,8
25061,25,6,20,9,0,0,0,5,0,5,4,13,2
51061,51,7,22,7,7,0,1,0,0,1,10,9,4
88061,88,13,62,35,10,0,3,4,3,5,33,28,4
39061,39,6,18,15,4,0,0,0,0,6,1,11,0
33061,33,23,77,119,40,3,5,6,0,0,90,78,40
32061,32,4,17,24,10,4,0,2,0,3,4,20,8
52061,52,13,41,25,1,2,5,0,0,2,13,19,8
24061,24,0,9,15,7,0,5,0,0,5,0,16,9
67061,67,126,450,410,91,18,22,7,17,28,224,400,99
17061,17,6,12,22,9,0,0,0,5,1,10,12,0
26061,26,9,75,64,22,6,0,0,3,0,54,46,21
01061,01,38,135,135,32,4,3,0,11,7,86,112,27
61061,61,34,151,143,38,11,5,0,0,9,87,150,38
16061,16,90,404,482,123,22,28,6,32,14,405,325,123
71061,71,12,53,50,8,0,7,0,5,4,36,42,8
28061,28,96,337,305,87,9,14,9,15,18,207,316,73
10061,10,23,99,57,16,3,1,2,3,2,41,77,13
68061,68,22,100,86,13,6,6,2,16,1,61,94,15
63061,63,12,30,48,18,5,3,0,0,2,36,24,10
89061,89,5,41,24,9,0,0,2,8,0,11,31,6
54061,54,12,70,50,22,2,0,0,4,1,51,43,16
57061,57,37,171,123,38,9,5,0,20,7,102,104,39
95061,95,7,37,47,17,0,6,5,0,0,55,41,12
11061,11,2,36,26,11,0,2,2,0,3,29,25,8
40061,40,28,87,119,40,5,8,2,26,1,99,90,42
77061,77,61,226,227,62,6,10,1,67,13,203,183,66
2A061,2A,4,19,18,1,0,0,0,7,4,13,15,2
46061,46,0,11,22,11,0,0,0,9,3,26,16,6
81061,81,5,26,18,6,3,6,0,11,2,15,12,5
12061,12,13,57,88,17,6,13,0,2,0,52,56,23
47061,47,21,82,72,11,5,0,0,0,8,55,58,14
34061,34,15,85,74,14,0,3,0,0,4,75,62,13
79061,79,104,334,509,121,23,29,2,28,15,361,355,129
45061,45,72,278,260,72,4,6,5,19,18,174,238,72
49061,49,24,63,101,19,2,3,0,0,3,69,89,18
74061,74,26,74,103,20,0,3,0,13,10,65,97,17
53061,53,9,30,55,11,6,7,2,2,2,22,44,11
03061,03,6,42,48,11,0,1,1,4,0,42,29,12
37061,37,19,51,65,21,0,2,0,0,0,30,58,19
86061,86,27,84,109,27,0,9,0,23,4,100,80,27
58061,58,0,11,9,6,2,2,0,16,0,9,12,3
43061,43,25,97,87,26,4,0,0,9,5,71,68,19
18061,18,2,12,7,6,0,3,0,0,2,6,5,6
07061,07,12,44,39,7,5,2,0,27,0,43,36,9
42061,42,14,72,62,18,4,8,0,0,0,46,55,14
85061,85,47,137,193,27,7,10,10,13,8,75,200,32
23061,23,21,61,77,20,2,9,0,0,1,62,53,28
69061,69,27,90,149,31,0,4,0,2,1,112,137,32
04061,04,10,47,46,13,6,4,0,0,2,44,44,6
41061,41,38,183,154,40,1,10,0,0,9,86,155,45
19061,19,27,95,144,39,8,12,0,5,4,112,91,30
66061,66,4,18,10,0,0,0,0,4,4,8,12,2
36061,36,9,46,45,14,0,0,0,2,0,38,35,11
73061,73,8,43,44,11,6,0,3,0,5,34,51,17
15061,15,10,33,44,5,1,6,5,0,0,22,40,3
87061,87,12,33,48,9,0,4,0,0,0,32,24,7
48061,48,37,172,174,34,9,15,4,56,18,165,184,40
44061,44,67,199,422,125,9,17,7,16,13,307,269,113
83061,83,1166,7411,4243,896,93,203,85,238,236,3494,6010,845
82061,82,8,22,26,3,0,0,5,0,1,15,19,6
05061,05,1058,3955,4024,1100,86,193,59,304,180,3911,3527,1072
22061,22,34,113,182,44,5,19,2,0,10,92,120,58
29061,29,127,439,896,326,11,46,2,72,26,589,552,341
08061,08,0,8,9,0,0,0,0,0,2,0,6,0
38061,38,76,350,395,97,14,16,8,17,6,324,274,102
30061,30,45,302,208,51,7,15,7,25,15,251,180,52
35061,35,14,46,84,30,5,2,0,0,0,41,56,29
72061,72,29,180,167,53,8,4,0,1,3,129,232,50
56061,56,94,345,556,150,12,25,7,33,10,308,414,141
84061,84,7,57,26,4,0,7,3,0,0,27,33,11
90061,90,0,12,1,3,0,0,2,0,0,1,6,1
55061,55,7,38,24,10,0,0,0,18,0,18,25,2
93061,93,184,760,1346,474,35,62,17,75,93,1833,703,475
09061,09,4,48,46,19,3,0,0,17,6,63,30,22
06061,06,8,13,8,0,2,0,1,10,0,8,12,0
13061,13,7,28,26,6,0,0,0,8,2,33,19,1
14061,14,212,804,1011,288,54,62,29,30,48,621,822,278
64062,64,35,149,298,75,3,17,2,109,4,224,187,85
62062,62,0,0,7,6,4,0,2,0,3,0,0,3
65062,65,72,314,421,108,5,22,6,95,17,378,248,127
80062,80,32,201,145,28,10,7,0,19,7,124,116,31
76062,76,3,33,24,4,0,6,0,0,5,29,21,3
59062,59,7,12,8,9,5,0,0,0,2,0,15,9
02062,02,2,24,14,7,0,0,0,4,0,16,7,3
21062,21,3,22,28,4,4,6,0,5,0,20,28,12
31062,31,2,10,17,1,0,0,0,0,1,11,11,3
70062,70,3,20,15,1,0,0,0,3,1,9,19,9
54062,54,16,89,72,15,0,0,0,26,0,63,48,23
57062,57,15,65,45,14,5,0,2,0,0,31,29,8
60062,60,12,42,30,4,1,4,0,11,0,23,28,9
08062,08,2,24,17,7,0,3,4,0,0,0,17,8
78062,78,182,459,1057,251,8,27,9,99,35,568,955,258
51062,51,1,18,7,0,5,1,5,10,0,6,8,7
88062,88,5,16,7,2,0,4,1,5,0,11,13,0
39062,39,0,5,1,0,0,0,0,10,2,11,1,0
50062,50,2,12,12,1,5,3,0,0,5,3,9,2
33062,33,21,76,113,28,4,6,0,0,3,93,67,32
09062,09,5,26,17,10,0,1,0,0,1,25,15,13
55062,55,0,12,17,7,0,6,0,0,3,0,13,7
52062,52,9,39,20,4,0,4,5,0,4,9,18,2
32062,32,0,13,11,7,0,0,0,13,5,8,19,3
24062,24,0,13,13,5,0,1,4,8,4,15,9,1
67062,67,13,44,44,13,3,2,0,0,1,12,37,14
17062,17,11,25,27,11,0,0,0,0,3,10,26,9
01062,01,21,97,87,23,0,5,0,0,7,60,79,24
26062,26,1,5,3,3,2,2,0,0,2,0,5,5
16062,16,6,19,13,8,0,2,5,0,0,5,7,3
10062,10,10,29,16,8,6,0,0,0,3,13,19,7
61062,61,2,14,3,0,4,5,0,0,0,5,7,0
71062,71,14,50,34,12,2,1,2,0,2,29,41,10
28062,28,28,95,90,18,4,3,0,0,8,62,86,24
63062,63,4,24,25,6,0,2,3,0,0,27,21,12
14062,14,11,49,47,15,0,3,5,0,6,27,45,19
30062,30,127,849,546,155,9,29,1,77,34,648,474,148
11062,11,0,4,0,0,0,2,3,6,0,6,7,1
40062,40,14,43,49,20,6,1,0,0,3,27,36,20
2A062,2A,7,56,31,4,4,2,5,9,5,34,48,11
89062,89,14,51,31,11,1,0,4,0,2,1,34,12
77062,77,14,46,54,8,4,6,0,0,0,34,38,15
68062,68,70,291,201,43,7,19,0,6,13,128,224,47
46062,46,9,24,43,13,0,0,0,9,3,40,24,15
12062,12,4,22,38,15,6,7,0,10,0,28,37,14
34062,34,4,26,19,0,5,0,2,0,0,12,12,2
47062,47,4,44,32,6,0,6,0,24,3,34,35,10
45062,45,33,136,142,37,2,9,0,8,10,92,136,31
79062,79,114,374,592,139,17,24,10,4,20,384,373,149
03062,03,12,44,54,11,7,5,0,0,3,19,41,16
74062,74,48,119,176,30,0,5,0,11,4,107,177,35
43062,43,18,79,85,17,6,8,3,7,7,73,72,15
86062,86,97,345,419,120,16,21,0,6,14,338,293,126
07062,07,7,14,21,10,0,3,0,0,2,2,16,5
42062,42,32,140,124,33,5,3,0,0,9,91,107,37
58062,58,41,173,137,44,5,3,3,0,10,126,111,43
53062,53,436,1301,1993,463,80,102,17,118,56,1125,2120,444
37062,37,49,152,193,56,6,9,0,0,10,132,169,49
85062,85,31,91,147,32,6,10,0,0,0,69,136,32
23062,23,16,44,58,22,7,0,1,10,0,51,48,19
69062,69,19,60,104,31,4,2,2,0,6,67,100,29
19062,19,21,101,137,31,3,10,0,24,3,102,95,38
41062,41,19,75,57,22,0,4,0,0,0,44,59,13
36062,36,16,64,46,19,0,5,1,4,0,45,52,10
66062,66,6,30,23,0,6,3,0,0,0,9,19,6
87062,87,14,41,49,20,3,0,5,0,6,26,38,16
82062,82,33,196,139,46,9,3,0,0,9,132,117,46
06062,06,9,67,45,8,4,7,0,2,12,33,65,6
81062,81,24,125,125,35,8,6,5,20,0,97,99,33
22062,22,15,41,79,20,0,4,4,10,6,51,47,20
29062,29,20,56,145,56,8,10,0,0,2,74,89,53
56062,56,12,66,99,22,1,9,2,7,6,65,71,31
38062,38,11,73,69,14,2,2,0,29,0,61,53,16
35062,35,32,92,201,59,9,8,1,0,7,119,123,50
72062,72,23,83,84,25,4,10,0,0,5,68,121,17
04062,04,7,24,25,0,0,3,0,0,0,20,13,9
83062,83,576,3714,2154,369,77,120,18,159,117,1860,3062,443
84062,84,42,251,160,39,4,5,3,19,11,177,155,39
90062,90,13,44,26,7,3,1,0,5,5,28,24,6
25062,25,2,28,29,6,0,3,0,0,1,27,31,8
18062,18,5,29,29,5,0,7,5,2,0,28,23,6
05062,05,11,19,22,4,0,5,0,0,6,22,16,4
44062,44,35,123,233,64,3,5,0,28,1,175,163,59
93062,93,164,855,1504,505,43,96,36,28,84,1939,800,513
27062,27,43,212,158,45,5,8,4,28,1,121,134,46
13062,13,93,700,474,111,5,29,10,42,40,540,486,116
92062,92,481,1396,6066,1310,95,95,46,314,191,3257,5385,1312
64063,64,13,55,107,33,0,4,0,59,5,86,83,34
62063,62,43,345,193,48,1,21,8,0,9,151,142,47
65063,65,1,16,18,8,6,3,2,0,1,19,20,8
80063,80,19,137,101,21,9,9,1,0,5,75,74,14
76063,76,14,64,55,20,3,8,0,0,0,34,43,20
59063,59,44,262,182,46,10,1,4,7,1,176,161,60
02063,02,7,61,36,5,3,0,0,16,1,24,23,5
70063,70,2,37,21,10,6,4,0,0,4,6,22,2
21063,21,6,4,9,1,3,4,3,0,0,0,15,8
31063,31,0,19,19,3,2,0,5,12,0,16,9,2
14063,14,9,15,26,3,4,0,2,0,6,15,17,12
60063,60,19,130,93,25,0,9,0,1,1,76,73,25
54063,54,0,27,16,2,1,0,2,0,4,21,13,2
27063,27,11,33,13,8,1,0,3,0,0,0,23,10
95063,95,430,1636,2423,642,40,99,30,185,145,2265,1781,659
51063,51,10,23,14,2,0,0,0,1,0,13,20,9
25063,25,24,114,128,27,1,2,0,11,8,93,115,29
88063,88,6,9,22,9,3,0,5,0,6,0,21,6
39063,39,9,21,29,9,6,3,0,0,3,5,25,7
33063,33,4013,17171,24708,7204,473,1440,269,1869,772,20147,16096,7079
55063,55,79,347,204,44,20,8,8,42,9,150,203,52
52063,52,3,12,11,1,0,0,4,6,0,7,13,0
24063,24,0,21,22,3,6,0,4,0,2,15,11,8
32063,32,1,11,23,2,0,0,0,16,6,17,15,4
67063,67,25,95,79,19,8,6,6,1,3,61,76,22
17063,17,9,47,60,18,3,8,0,0,6,30,52,8
16063,16,0,22,22,8,2,0,0,0,0,16,8,9
10063,10,19,66,45,13,0,3,0,0,1,7,52,3
01063,01,10,64,56,15,2,0,6,13,0,35,58,19
61063,61,49,192,167,39,11,7,0,18,2,117,193,34
71063,71,17,85,64,20,0,7,0,0,0,55,63,24
26063,26,58,264,228,61,11,9,2,0,12,224,194,72
38063,38,14,49,55,18,0,5,0,0,1,31,30,20
57063,57,5,38,21,11,0,0,0,0,6,14,14,10
11063,11,10,86,54,20,0,1,0,0,2,53,46,20
40063,40,22,73,109,40,3,1,1,27,3,85,76,43
2B063,2B,0,2,11,0,0,5,5,0,0,0,10,0
46063,46,37,147,264,80,6,16,2,16,12,231,155,71
81063,81,42,203,190,58,8,8,5,16,9,192,148,58
34063,34,49,337,269,74,13,8,3,7,12,283,226,75
47063,47,5,19,13,1,5,2,4,0,6,0,16,2
45063,45,21,93,92,22,0,8,0,16,9,63,91,28
68063,68,364,1430,1060,253,30,68,18,45,72,728,1176,257
73063,73,23,75,79,21,3,0,0,2,9,63,70,24
49063,49,178,554,851,209,13,46,8,91,29,524,751,207
43063,43,3,22,19,3,1,5,0,0,2,12,8,6
03063,03,27,99,112,22,5,1,0,0,4,84,79,27
86063,86,9,27,28,10,1,0,2,0,0,16,19,12
18063,18,1,24,18,7,0,1,0,2,0,22,12,0
07063,07,13,41,42,13,0,7,1,0,0,30,32,13
42063,42,15,45,43,14,5,4,0,0,5,26,38,11
58063,58,11,73,66,15,3,9,0,16,3,58,53,16
37063,37,126,438,541,157,19,14,16,13,18,414,483,145
74063,74,37,124,164,34,4,7,2,0,3,109,170,36
53063,53,10,44,67,18,4,8,0,0,0,20,69,10
23063,23,4,18,14,9,0,0,1,0,0,14,15,7
69063,69,86,332,530,140,23,23,11,29,14,371,478,136
04063,04,33,149,114,24,6,7,2,12,2,133,102,36
19063,19,120,353,580,137,15,34,2,63,16,440,363,147
41063,41,10,66,61,19,0,8,0,3,0,47,64,10
63063,63,152,668,1032,268,25,55,10,67,29,808,613,280
15063,15,6,38,43,13,0,1,2,0,4,30,43,7
36063,36,207,880,774,219,30,51,26,39,41,683,729,218
87063,87,20,103,161,38,3,11,4,13,3,118,88,43
48063,48,7,21,22,12,3,0,4,12,0,30,24,3
82063,82,19,91,66,24,3,0,2,0,3,56,54,22
06063,06,1,12,13,7,0,5,0,0,0,2,16,4
56063,56,68,253,408,107,11,19,4,38,6,241,291,97
22063,22,6,49,79,28,0,4,0,0,0,41,55,25
29063,29,12,34,61,18,0,2,4,0,4,27,42,24
44063,44,72,217,497,149,9,24,7,5,13,360,347,148
08063,08,2,13,16,0,2,3,0,6,0,11,10,0
12063,12,22,88,136,32,6,5,0,35,1,117,114,38
89063,89,30,98,76,12,8,4,5,0,9,52,82,18
77063,77,32,133,151,39,5,1,0,10,2,135,118,30
35063,35,12,26,64,12,0,1,0,10,0,31,41,15
83063,83,48,269,155,42,9,9,0,17,10,137,230,25
05063,05,19,62,61,27,0,1,3,1,2,56,48,25
84063,84,12,55,36,4,0,5,4,0,6,25,43,11
09063,09,1,28,23,7,1,1,1,0,0,27,15,12
90063,90,13,60,35,14,4,0,5,0,1,28,42,15
66063,66,7,43,25,2,3,1,1,3,0,29,17,10
13063,13,395,2905,2020,464,29,64,38,213,81,2322,2085,473
93063,93,309,1293,2287,832,54,108,25,140,146,3131,1239,801
92063,92,942,2600,11017,2462,118,250,108,340,377,5867,9932,2501
79063,79,50,162,237,56,11,13,5,13,11,150,169,67
64064,64,12,39,63,19,0,1,5,19,0,58,48,18
62064,62,4,35,16,6,6,2,4,0,0,9,9,4
65064,65,1,7,13,0,1,0,0,9,0,7,5,0
80064,80,9,27,25,9,0,0,5,0,6,0,16,0
76064,76,6,51,45,8,0,2,0,27,6,53,34,13
59064,59,35,188,128,29,7,8,0,0,10,114,106,38
02064,02,83,594,271,82,15,20,7,0,10,232,257,66
70064,70,2,19,10,0,0,1,3,12,6,17,9,4
21064,21,8,9,13,3,0,0,0,0,1,0,10,7
31064,31,2,2,3,0,5,3,4,0,1,5,2,0
57064,57,10,44,25,12,6,0,2,0,5,19,24,6
60064,60,28,140,103,28,0,4,1,0,8,75,91,22
14064,14,1,20,32,12,3,1,5,0,3,3,25,8
54064,54,10,35,33,10,0,2,4,0,3,10,28,12
27064,27,15,77,62,20,7,3,5,0,6,41,56,12
08064,08,12,57,30,10,0,5,3,0,4,14,29,5
91064,91,159,336,575,147,3,25,2,22,19,463,382,145
88064,88,5,3,15,4,1,2,3,0,4,0,14,3
33064,33,0,3,2,6,2,4,0,0,5,7,1,0
09064,09,5,2,4,0,1,3,5,0,0,4,7,0
55064,55,2,12,8,2,5,2,5,0,3,0,2,0
52064,52,40,127,68,10,1,12,4,0,10,30,77,26
24064,24,73,385,429,123,15,36,17,37,27,334,314,113
32064,32,11,46,53,23,1,0,0,4,0,37,39,17
17064,17,75,339,400,91,2,21,4,62,9,294,318,100
10064,10,79,348,241,45,8,18,0,3,3,162,291,46
16064,16,23,96,126,29,1,7,2,19,3,90,74,25
01064,01,31,111,108,28,5,7,0,0,6,67,107,25
71064,71,30,107,92,33,0,9,5,3,0,86,81,33
61064,61,8,0,14,7,0,4,2,0,3,0,18,7
28064,28,58,242,202,46,5,7,0,44,10,160,223,52
30064,30,0,20,21,7,0,5,0,0,4,3,17,7
11064,11,10,39,30,11,0,0,4,6,0,38,17,8
40064,40,4,19,20,9,0,0,0,0,2,14,21,12
2A064,2A,4,7,0,0,4,0,1,0,0,0,12,2
81064,81,30,108,115,28,6,16,2,24,8,108,86,34
46064,46,19,54,109,32,2,6,3,11,4,84,66,36
47064,47,8,30,23,12,0,0,0,0,0,22,22,10
89064,89,6,3,7,3,0,4,4,0,0,0,1,3
45064,45,12,43,40,10,0,3,0,15,0,34,46,7
38064,38,70,299,334,79,5,15,0,32,16,270,229,86
26064,26,204,902,774,222,18,36,9,63,43,697,678,216
68064,68,31,115,81,16,0,6,2,19,7,72,99,16
73064,73,137,539,585,135,11,22,10,78,29,471,545,155
49064,49,7,39,55,10,1,7,0,0,1,29,55,15
43064,43,8,19,9,5,2,3,0,0,4,3,14,1
85064,85,64,224,292,55,11,9,4,22,0,165,291,70
37064,37,6,23,28,6,2,2,0,3,0,26,21,9
07064,07,71,353,332,80,3,20,0,22,24,329,258,87
42064,42,20,99,83,19,0,2,0,0,7,75,78,29
86064,86,14,48,59,20,6,7,1,0,4,51,52,19
03064,03,7,25,24,0,0,1,0,0,1,14,16,6
58064,58,17,57,55,17,0,0,5,0,2,45,48,18
74064,74,33,112,160,39,4,1,0,26,3,95,153,33
53064,53,25,69,105,31,5,10,6,4,5,69,113,24
18064,18,2,27,30,1,0,3,0,5,2,16,18,11
23064,23,21,58,72,28,5,10,0,0,5,35,59,21
69064,69,76,275,441,123,1,20,11,11,23,313,391,110
19064,19,0,11,7,4,2,0,5,0,0,4,10,3
36064,36,20,86,66,17,2,2,6,18,7,66,68,16
66064,66,8,69,39,17,2,0,0,4,6,47,48,16
15064,15,7,9,17,0,0,0,4,0,0,0,13,2
87064,87,28,155,233,67,10,10,8,18,10,204,132,59
79064,79,28,69,106,27,2,13,6,0,6,63,81,22
48064,48,8,29,38,12,0,0,1,20,0,39,39,6
82064,82,0,18,16,0,4,3,0,0,2,15,13,8
83064,83,148,950,568,111,7,37,3,39,29,492,791,112
06064,06,97,581,391,86,3,12,5,7,26,290,579,59
44064,44,107,284,601,174,12,33,6,4,30,448,440,183
22064,22,19,56,84,29,4,9,5,0,0,45,65,30
29064,29,7,29,67,24,6,1,1,1,4,44,43,31
50064,50,8,15,26,3,2,0,0,0,5,12,19,2
63064,63,7,10,12,0,5,0,0,0,4,0,6,5
72064,72,13,49,45,11,0,5,4,7,0,41,78,11
35064,35,22,73,144,37,8,6,5,31,0,96,87,44
05064,05,2,12,21,3,0,6,4,0,0,12,12,2
84064,84,82,551,331,76,20,19,0,35,18,350,319,76
34064,34,11,64,58,9,4,6,2,0,7,61,42,11
12064,12,13,25,38,6,1,6,0,19,1,25,28,6
90064,90,4,36,30,5,4,0,3,0,3,28,30,13
13064,13,57,363,266,58,3,10,2,48,9,298,265,68
93064,93,417,1991,3434,1188,114,178,52,229,224,4870,1810,1221
92064,92,330,934,3823,838,69,89,42,136,102,2040,3540,847
64065,64,84,305,575,176,16,28,6,204,11,435,397,181
62065,62,376,2673,1389,388,62,87,9,129,65,1413,1081,399
65065,65,5,34,32,11,0,2,4,0,3,36,21,14
80065,80,0,18,17,2,0,4,0,0,3,3,7,3
76065,76,10,42,46,9,5,0,0,0,5,34,31,12
02065,02,8,93,49,14,7,4,6,0,6,45,43,15
59065,59,25,110,70,22,2,9,2,0,6,71,71,24
57065,57,4,38,27,6,0,0,5,0,1,18,23,3
60065,60,48,219,155,37,10,13,1,0,6,125,129,29
54065,54,34,152,124,36,4,9,2,0,10,95,86,33
70065,70,6,7,9,3,0,1,3,4,1,2,5,0
21065,21,1,11,16,3,0,0,1,9,2,18,15,0
27065,27,129,625,448,117,24,28,7,21,14,357,398,115
08065,08,4,9,6,1,0,0,0,0,2,0,6,1
51065,51,15,95,59,11,3,3,2,0,6,45,68,17
25065,25,6,9,9,0,0,0,0,0,2,0,10,0
39065,39,0,10,13,0,4,5,0,1,0,6,11,4
88065,88,13,59,32,14,0,2,0,0,7,21,37,6
33065,33,71,314,447,123,2,27,8,39,21,368,282,116
55065,55,7,25,16,6,3,0,0,0,0,0,13,0
09065,09,9,27,32,8,1,1,0,20,3,34,19,7
52065,52,1,2,11,2,0,4,0,0,0,0,12,5
17065,17,51,188,205,50,0,9,8,18,4,148,198,63
67065,67,48,155,159,30,5,12,6,0,13,81,154,42
16065,16,7,47,53,18,6,2,0,11,5,51,33,18
10065,10,0,20,11,0,0,1,0,0,0,5,13,0
01065,01,53,198,200,46,7,9,2,6,12,130,166,51
71065,71,11,32,31,9,0,2,0,0,4,22,31,13
28065,28,4,15,17,5,5,2,4,0,0,2,19,0
31065,31,44,223,366,114,3,9,0,55,16,331,220,128
11065,11,0,11,5,0,0,0,2,0,4,0,9,3
30065,30,6,73,45,8,4,7,0,0,5,41,38,8
40065,40,228,862,1157,398,43,44,16,194,33,939,820,410
2A065,2A,22,172,115,21,7,9,0,30,6,78,154,16
81065,81,897,4140,4085,1224,105,227,52,688,159,3769,3262,1267
46065,46,5,31,51,15,3,4,0,8,5,52,39,12
34065,34,9,69,65,17,2,8,4,0,0,60,55,19
63065,63,8,11,29,7,1,0,1,0,4,9,17,11
12065,12,9,44,76,22,1,6,0,18,2,52,68,15
26065,26,16,81,79,24,3,9,0,0,3,82,76,25
73065,73,1172,4445,4660,1200,129,232,59,387,214,3647,4321,1169
43065,43,2,13,23,3,0,5,0,14,5,9,13,0
74065,74,8,48,60,15,5,0,5,1,4,40,59,9
85065,85,83,321,422,76,6,18,6,54,13,247,414,74
68065,68,18,86,64,10,0,0,2,29,0,41,73,9
37065,37,16,55,71,16,3,3,0,11,3,61,68,15
18065,18,14,73,72,15,5,2,0,0,1,61,62,23
07065,07,10,36,31,10,0,7,3,0,5,10,29,7
38065,38,48,190,217,66,12,8,0,33,1,180,159,61
86065,86,24,105,119,40,1,7,0,0,7,100,85,41
03065,03,18,57,67,11,0,2,0,2,3,57,42,16
58065,58,16,90,93,27,0,4,2,0,0,75,72,27
42065,42,41,173,178,44,9,4,2,26,9,131,143,44
47065,47,58,294,238,71,9,16,0,22,7,226,213,62
23065,23,12,31,28,11,6,0,5,0,0,19,21,14
69065,69,12,71,112,30,4,1,0,0,7,69,100,28
41065,41,14,81,67,18,0,3,2,1,4,43,73,20
19065,19,0,2,9,5,0,1,5,0,0,7,4,6
04065,04,20,85,63,22,3,6,5,0,8,60,67,13
77065,77,33,124,123,27,0,7,0,17,9,107,93,32
89065,89,3,3,0,0,1,5,0,1,0,0,4,3
45065,45,10,21,16,2,0,1,0,0,0,16,22,7
36065,36,8,35,33,6,6,7,5,0,0,8,21,6
66065,66,140,1269,768,213,19,54,8,136,49,869,737,202
15065,15,3,9,11,5,3,0,0,0,0,0,14,0
87065,87,135,546,827,240,35,48,17,0,38,603,476,254
48065,48,5,1,12,6,0,6,0,0,3,0,16,5
82065,82,12,58,38,10,0,3,0,1,4,38,42,15
83065,83,70,421,247,50,6,8,0,1,18,205,337,52
22065,22,35,134,239,73,11,8,3,12,8,143,146,70
56065,56,20,56,96,29,2,3,6,0,6,54,69,30
29065,29,23,61,120,43,0,1,1,23,5,83,79,49
44065,44,11,53,107,34,5,2,3,0,8,49,76,27
05065,05,62,247,238,75,1,17,0,19,14,228,209,66
72065,72,51,250,242,71,9,8,6,25,4,220,384,69
35065,35,34,130,277,85,1,4,9,27,8,176,188,82
06065,06,163,949,680,118,2,9,14,45,36,455,935,112
84065,84,91,611,363,87,11,16,8,44,20,380,384,83
32065,32,7,18,21,8,0,0,2,19,2,18,15,14
90065,90,24,149,124,26,1,10,0,28,5,97,92,26
13065,13,69,486,337,81,5,10,12,29,19,392,346,86
94065,94,116,276,719,213,14,24,6,54,21,597,542,220
64066,64,1,27,47,15,0,0,3,0,0,30,32,10
62066,62,0,4,3,0,0,4,0,0,0,0,7,5
65066,65,0,8,5,0,0,3,0,0,0,0,8,3
80066,80,5,42,25,7,2,1,2,0,4,20,18,5
76066,76,8,9,19,8,0,4,2,0,6,0,10,9
02066,02,3,42,17,2,0,5,5,0,6,7,21,2
14066,14,71,253,315,85,4,9,6,0,15,209,252,85
57066,57,15,69,49,10,2,2,0,21,6,45,37,9
21066,21,0,11,6,3,0,5,4,0,2,3,3,0
31066,31,81,309,486,161,5,17,5,33,18,427,307,147
70066,70,4,18,18,2,0,3,0,0,2,10,13,3
54066,54,5,42,44,14,0,0,4,11,0,30,31,8
08066,08,0,12,2,5,1,0,3,2,0,9,5,0
51066,51,5,47,41,12,0,5,0,3,3,27,35,4
25066,25,0,10,5,7,2,0,1,10,0,7,5,1
39066,39,5,25,22,6,5,6,0,0,5,0,12,7
88066,88,5,8,5,6,2,1,2,0,0,0,12,0
33066,33,1,14,11,4,3,6,0,0,0,2,12,1
55066,55,6,25,9,3,0,3,3,0,0,9,19,4
52066,52,3,12,5,1,0,0,0,4,0,5,2,2
09066,09,20,82,76,27,11,2,1,5,7,84,37,26
17066,17,6,24,33,6,0,2,4,2,0,20,19,4
16066,16,10,40,47,13,3,6,0,11,0,44,35,18
24066,24,10,21,22,5,0,6,3,5,2,33,16,2
32066,32,9,23,38,14,0,0,5,2,3,22,21,13
10066,10,17,60,44,14,1,4,5,0,0,20,48,12
71066,71,4,7,8,7,5,5,0,0,1,10,6,6
61066,61,7,17,8,7,6,0,0,0,3,0,15,1
59066,59,8,18,20,4,0,2,0,1,2,19,11,1
60066,60,8,42,18,8,0,2,2,0,0,7,25,10
27066,27,7,33,20,5,0,0,3,27,4,17,18,2
11066,11,1,17,14,0,0,0,0,5,0,13,9,6
30066,30,7,80,52,8,6,4,0,25,0,56,44,17
40066,40,6,50,57,22,0,5,0,0,5,47,44,26
2A066,2A,0,14,5,6,0,1,0,1,2,6,8,0
81066,81,9,28,35,8,0,5,0,13,0,36,22,8
46066,46,10,36,73,25,0,6,0,9,2,60,44,21
34066,34,3,39,23,8,0,2,5,0,0,21,27,7
63066,63,39,145,248,68,10,10,1,15,2,179,149,67
89066,89,24,120,72,17,6,0,0,0,8,63,75,23
77066,77,5,31,25,7,1,2,0,0,4,26,25,3
45066,45,16,89,82,25,3,9,2,15,0,53,70,20
38066,38,4,15,27,5,2,0,5,0,0,14,15,6
79066,79,37,131,174,43,5,9,5,29,7,126,121,50
35066,35,218,706,1493,467,33,51,16,85,39,966,941,436
43066,43,7,17,12,5,3,4,0,0,1,7,11,6
85066,85,21,76,111,23,7,1,6,0,3,46,109,23
74066,74,9,19,25,10,0,1,3,0,0,4,18,8
53066,53,32,116,171,39,5,3,0,0,0,84,182,37
07066,07,75,367,355,102,11,23,3,22,14,353,290,100
03066,03,9,43,40,11,1,5,0,0,0,20,37,14
86066,86,675,2701,3400,1022,119,214,65,227,82,2830,2483,991
58066,58,8,9,14,6,0,0,0,7,0,5,4,0
37066,37,15,58,67,23,6,5,1,0,1,40,63,22
18066,18,30,113,93,29,6,11,0,0,7,76,95,25
12066,12,27,103,149,36,6,7,1,21,0,116,114,39
42066,42,11,66,72,16,4,1,0,6,6,54,58,16
47066,47,21,102,65,17,4,2,0,35,4,71,61,18
68066,68,1863,7254,5240,1235,205,342,104,378,351,3651,5951,1182
41066,41,9,50,50,15,0,5,4,0,7,30,51,11
69066,69,89,337,487,140,9,26,15,30,16,349,444,133
19066,19,47,164,235,62,10,8,5,17,9,183,151,55
04066,04,18,69,59,16,0,2,5,0,4,69,61,13
36066,36,14,48,52,17,0,7,0,0,5,31,50,11
66066,66,8,81,52,8,0,0,2,8,6,53,44,11
87066,87,27,98,132,43,6,4,0,0,4,100,81,36
06066,06,31,207,155,34,1,7,8,14,10,101,220,28
83066,83,35,223,137,23,4,7,0,33,6,127,182,24
56066,56,100,366,572,148,10,24,11,8,7,355,417,159
44066,44,127,374,832,225,14,47,14,50,33,614,539,241
29066,29,40,116,230,91,7,9,0,29,8,155,156,82
82066,82,14,88,60,25,1,4,0,4,6,69,57,19
50066,50,73,292,342,91,10,17,2,18,3,246,318,94
67066,67,92,328,280,68,6,22,4,32,8,198,279,58
01066,01,2,10,9,8,5,0,2,0,2,3,11,3
72066,72,4,40,45,15,2,5,0,3,6,34,63,9
05066,05,0,2,0,1,0,0,0,0,4,0,4,3
26066,26,4,2,10,1,0,4,0,0,3,0,1,0
23066,23,9,26,19,4,5,0,3,0,3,18,23,6
15066,15,2,18,22,0,0,5,3,3,1,19,22,2
90066,90,6,40,31,10,2,1,0,0,2,22,16,4
84066,84,7,35,30,11,0,3,4,0,0,23,26,6
13066,13,105,731,561,113,13,27,7,39,32,599,547,133
93066,93,880,3990,6877,2411,193,349,114,302,462,9491,3738,2388
64067,64,38,130,245,70,10,11,0,71,3,189,187,82
62067,62,13,88,56,13,0,0,0,13,1,58,33,20
65067,65,0,15,16,6,0,5,0,0,0,16,10,4
80067,80,0,28,16,3,0,1,4,0,5,8,11,0
76067,76,19,78,69,21,0,4,3,0,2,72,52,22
59067,59,86,526,377,111,16,22,8,5,9,344,312,102
02067,02,8,30,16,0,1,2,3,6,0,20,12,2
57067,57,99,432,300,75,7,21,2,15,18,251,228,71
21067,21,16,80,72,25,0,4,0,0,7,47,72,14
70067,70,0,11,7,6,0,4,0,0,0,8,9,5
54067,54,20,73,76,17,5,0,0,7,4,60,56,15
31067,31,0,8,3,0,4,0,2,0,0,2,10,4
08067,08,33,162,101,29,10,10,1,0,8,83,80,23
91067,91,3,7,15,3,0,0,0,0,0,16,9,9
25067,25,5,18,27,2,2,3,4,0,0,19,17,5
33067,33,29,179,239,69,2,8,1,29,11,196,174,72
55067,55,5,13,16,0,0,1,5,0,1,4,10,6
52067,52,7,12,4,0,5,0,2,0,0,0,7,5
09067,09,2,23,27,13,0,1,0,1,2,36,16,4
17067,17,7,25,21,3,5,1,0,5,1,13,12,1
67067,67,313,1134,1020,236,40,48,10,81,40,644,1020,236
10067,10,61,258,170,37,8,0,4,17,4,122,200,31
16067,16,7,46,61,13,0,0,0,30,0,55,35,11
61067,61,4,28,15,9,2,0,4,0,0,3,27,7
71067,71,3,13,17,6,2,0,0,12,3,7,10,6
60067,60,28,142,103,19,2,3,0,1,10,86,92,17
27067,27,35,200,135,33,5,10,0,0,4,103,126,38
32067,32,3,4,4,4,2,0,0,0,0,4,4,0
11067,11,24,202,150,48,6,10,2,8,6,159,113,47
40067,40,19,57,87,26,0,5,0,15,0,68,57,34
2B067,2B,0,0,7,6,1,3,0,0,0,0,7,1
34067,34,27,199,156,52,6,4,2,16,9,178,136,53
01067,01,4,27,32,3,4,0,0,6,0,24,22,4
28067,28,7,13,6,2,0,3,0,0,0,0,11,6
77067,77,290,1058,1070,267,19,49,12,52,48,905,798,258
81067,81,14,65,64,25,0,0,0,1,5,51,52,25
45067,45,114,409,398,106,16,23,5,69,7,282,362,93
26067,26,0,10,4,0,3,3,3,0,0,6,1,6
38067,38,38,165,169,40,0,6,4,19,12,139,113,42
35067,35,35,104,212,69,6,7,0,24,13,115,132,60
58067,58,33,192,172,51,5,7,0,0,7,143,132,51
43067,43,6,43,44,14,5,5,0,0,0,13,37,11
74067,74,88,233,299,56,2,8,3,18,24,216,314,62
85067,85,33,95,119,25,1,2,2,0,3,76,114,29
37067,37,52,158,222,65,6,1,2,33,2,158,181,49
49067,49,6,33,46,8,4,3,0,3,3,28,38,8
03067,03,3,12,23,0,4,0,0,4,0,18,11,5
53067,53,12,29,53,7,6,8,0,0,5,22,58,17
47067,47,8,53,54,18,0,5,0,0,3,40,48,13
18067,18,17,88,79,16,1,0,3,0,6,67,62,17
42067,42,5,32,34,4,6,0,1,5,1,28,33,8
07067,07,6,29,30,9,1,1,0,15,6,28,23,14
41067,41,80,316,282,72,9,18,3,22,4,224,299,70
68067,68,10,45,35,8,0,2,0,10,0,26,34,11
69067,69,31,94,151,36,4,8,0,0,3,114,137,45
04067,04,0,5,9,4,0,3,0,0,4,2,6,0
19067,19,4,16,29,7,0,0,0,9,2,24,26,9
89067,89,36,151,111,20,4,9,10,9,9,80,119,35
36067,36,2,9,14,7,1,0,3,0,0,0,10,3
66067,66,6,87,57,20,3,2,3,0,1,40,54,12
87067,87,8,53,65,26,7,0,0,7,4,62,34,19
48067,48,1,11,8,1,3,3,0,2,0,8,11,6
82067,82,0,21,20,1,0,0,2,0,3,16,7,0
83067,83,87,676,383,81,15,21,3,16,21,291,548,71
06067,06,34,195,134,17,7,6,1,16,8,92,183,25
56067,56,132,487,788,208,19,34,10,56,14,450,578,203
22067,22,53,212,361,101,5,20,3,41,6,268,228,120
29067,29,28,92,176,69,8,9,5,0,6,104,111,60
44067,44,104,341,658,178,10,21,19,36,26,493,468,169
30067,30,7,63,36,10,2,1,1,13,0,44,43,5
63067,63,9,22,26,4,6,0,0,0,0,3,21,4
73067,73,21,102,109,31,0,3,0,21,0,81,98,31
72067,72,22,89,76,19,5,9,0,2,1,72,111,27
23067,23,21,58,70,22,2,9,3,0,5,60,62,18
24067,24,50,236,258,75,8,16,5,42,8,261,192,71
12067,12,7,9,20,0,0,0,3,0,0,8,14,4
15067,15,0,5,4,3,0,2,0,0,5,0,12,0
84067,84,48,344,202,41,4,16,5,20,9,217,214,52
90067,90,13,49,47,13,0,6,1,0,2,29,28,16
13067,13,49,353,253,66,2,9,3,55,3,298,268,62
94067,94,411,1086,2676,750,58,61,20,170,95,2196,1897,745
64068,64,31,141,256,64,1,23,5,85,3,196,182,72
62068,62,13,62,38,9,5,6,0,0,0,18,22,8
65068,65,4,0,0,0,0,0,0,0,4,0,0,4
80068,80,10,40,27,9,0,1,0,0,0,13,22,6
76068,76,14,97,75,28,2,0,4,0,7,71,57,26
59068,59,73,406,291,95,21,13,7,16,14,319,256,76
02068,02,3,11,10,6,0,0,0,6,0,4,5,1
21068,21,1,14,16,0,5,4,0,5,1,13,8,4
54068,54,4,10,16,7,0,5,1,0,0,6,12,1
31068,31,1,2,4,0,0,0,3,6,0,6,0,0
14068,14,77,344,424,114,9,12,13,0,23,283,358,123
78068,78,25,57,122,31,5,6,0,0,10,45,127,30
51068,51,7,27,18,0,3,6,0,0,4,16,26,5
27068,27,11,27,22,5,0,6,0,3,0,12,13,8
39068,39,12,46,32,11,3,7,0,0,0,21,30,8
33068,33,0,0,16,0,5,6,4,0,5,0,4,6
55068,55,2,14,9,7,0,0,0,0,3,5,13,0
17068,17,8,35,33,4,1,3,2,3,0,27,27,10
09068,09,6,0,6,0,4,0,3,0,2,0,0,7
61068,61,2,21,26,0,0,0,0,13,0,10,31,6
71068,71,1,11,3,0,0,0,2,1,4,9,3,3
67068,67,7,30,28,9,1,6,0,0,0,11,29,8
10068,10,8,19,13,0,6,0,0,8,2,11,14,0
60068,60,84,430,280,60,15,4,4,0,11,227,248,67
32068,32,0,12,19,6,0,4,0,4,3,12,9,0
11068,11,21,181,127,46,6,4,0,36,4,146,92,42
30068,30,17,133,91,22,4,1,5,40,1,96,76,22
2B068,2B,0,5,6,5,3,3,1,0,0,3,13,0
40068,40,10,48,57,16,5,7,0,7,4,52,41,22
34068,34,2,45,34,10,1,2,4,0,7,24,35,11
16068,16,7,45,60,19,1,2,4,9,1,49,40,14
01068,01,21,76,70,15,3,0,0,25,4,46,67,12
77068,77,7,27,30,8,0,3,0,0,5,9,15,11
89068,89,69,251,165,49,19,14,8,11,10,110,187,54
28068,28,7,58,49,8,0,4,1,23,0,29,41,6
73068,73,20,54,58,12,6,7,4,7,0,54,63,12
38068,38,23,136,134,42,8,10,0,0,9,101,95,41
49068,49,46,134,195,52,8,13,6,0,10,121,182,54
58068,58,4,39,29,10,0,2,0,2,5,27,19,6
86068,86,28,92,119,39,2,10,4,9,0,106,85,33
43068,43,0,5,1,3,3,0,1,0,5,3,0,3
37068,37,22,67,70,26,0,3,5,0,5,62,60,21
45068,45,274,1108,1103,269,32,33,28,79,49,738,999,266
35068,35,132,461,960,293,22,45,6,35,16,580,624,296
03068,03,4,18,19,7,2,0,0,0,0,1,18,5
53068,53,6,10,13,9,0,0,3,2,0,14,17,5
74068,74,16,44,48,9,5,3,3,6,2,32,55,10
47068,47,24,140,111,36,0,7,0,33,7,104,94,35
18068,18,5,2,6,4,0,0,0,0,0,2,0,3
07068,07,20,62,71,24,1,9,5,0,5,48,49,14
12068,12,25,84,123,31,4,8,0,4,3,103,106,29
81068,81,7,24,25,6,1,6,3,0,2,7,16,7
42068,42,14,50,56,10,0,0,4,0,0,36,44,10
41068,41,14,50,45,17,1,1,4,0,2,30,49,16
69068,69,42,176,301,78,12,1,4,29,9,216,260,69
23068,23,9,66,70,17,5,9,0,1,3,63,52,24
46068,46,7,10,23,7,1,0,0,1,0,29,21,9
19068,19,15,57,97,22,2,4,0,15,8,80,69,17
68068,68,69,238,194,39,12,10,0,19,11,122,209,39
04068,04,13,89,76,18,0,5,2,21,3,87,69,20
36068,36,11,55,41,15,7,0,0,0,5,30,36,7
66068,66,2,23,12,7,0,0,0,0,1,7,19,9
87068,87,15,51,77,25,0,7,0,0,0,36,46,26
48068,48,5,23,17,4,0,0,3,0,0,17,30,10
82068,82,8,28,19,9,0,5,4,0,0,7,17,9
06068,06,8,63,42,4,5,2,0,22,3,29,58,1
83068,83,116,710,393,84,2,10,14,43,18,322,561,87
22068,22,13,33,51,13,0,2,0,0,3,35,37,16
44068,44,66,184,439,116,4,17,3,23,12,331,270,122
29068,29,36,156,310,117,5,13,0,5,10,209,184,119
05068,05,11,48,43,13,0,3,2,11,0,41,47,10
88068,88,33,132,102,25,2,6,0,0,6,77,92,19
72068,72,22,132,130,36,10,7,0,22,1,112,181,40
56068,56,5,34,37,9,6,6,0,0,0,31,33,10
24068,24,48,216,226,67,14,12,6,14,16,202,168,71
26068,26,7,32,24,11,0,0,0,6,1,23,19,7
84068,84,30,217,141,40,2,2,3,0,0,130,117,36
90068,90,33,165,132,38,4,9,6,0,13,108,117,34
13068,13,46,279,204,55,7,11,6,0,3,206,211,52
94068,94,1323,3485,8592,2342,156,288,69,433,344,7338,6129,2373
64069,64,3,13,31,5,0,4,0,18,1,28,29,13
62069,62,8,48,28,13,7,0,0,5,3,23,17,8
80069,80,5,37,25,0,0,0,4,0,0,13,17,8
76069,76,60,281,248,75,6,14,2,12,7,254,206,81
02069,02,1,28,8,0,0,2,0,0,5,11,7,3
59069,59,19,95,75,14,8,5,3,20,0,68,52,15
57069,57,15,49,44,11,1,3,0,3,0,32,33,13
70069,70,1,12,12,3,0,0,1,0,3,0,1,2
60069,60,21,153,88,17,8,7,6,2,1,85,87,18
21069,21,1,7,15,6,0,0,2,14,0,6,7,4
54069,54,16,53,54,20,2,4,4,0,0,32,31,15
14069,14,24,120,143,37,6,12,0,15,0,108,132,37
31069,31,379,1640,2590,808,70,108,49,135,81,2233,1593,829
08069,08,6,34,16,8,0,0,3,0,0,5,19,6
51069,51,5,19,8,2,3,0,0,0,4,4,8,3
91069,91,22,37,55,21,1,3,0,0,3,44,46,9
27069,27,21,107,73,13,2,1,1,7,6,74,76,20
50069,50,7,39,49,11,6,1,2,0,0,18,35,11
88069,88,4,25,13,6,0,0,0,5,0,7,10,6
55069,55,7,44,21,2,3,2,4,0,4,8,19,10
52069,52,0,24,11,0,3,3,2,26,2,8,11,0
17069,17,5,28,28,9,0,0,2,0,4,8,24,3
67069,67,17,59,57,14,3,0,5,0,7,20,46,9
24069,24,12,47,51,16,4,0,0,0,0,30,38,12
71069,71,19,81,81,18,4,2,0,0,4,62,63,14
10069,10,5,12,15,0,5,0,1,0,6,0,19,3
09069,09,0,0,5,0,5,5,0,0,4,0,0,1
32069,32,5,3,11,0,1,5,0,0,0,5,12,3
61069,61,1,23,14,2,6,2,0,15,0,10,19,0
11069,11,649,4901,3440,1095,118,202,78,320,157,3656,2595,1144
30069,30,13,76,46,19,6,1,0,16,1,66,45,9
2B069,2B,6,36,23,1,0,3,2,4,0,12,24,2
40069,40,3,34,46,18,0,2,0,8,0,31,34,21
34069,34,84,608,466,129,13,13,0,24,18,519,395,139
16069,16,5,46,40,9,2,2,3,19,0,32,29,10
01069,01,40,178,171,37,3,11,4,16,9,109,148,43
89069,89,19,77,46,11,0,7,3,0,0,46,48,11
77069,77,58,209,221,65,8,3,1,10,16,209,167,68
26069,26,1,8,22,8,5,0,1,0,6,0,19,10
45069,45,21,102,99,19,8,2,0,22,0,70,83,21
73069,73,25,103,99,22,1,6,6,0,8,72,103,29
38069,38,26,112,132,42,0,2,0,23,2,111,98,34
79069,79,25,79,130,25,0,8,3,1,4,84,88,35
58069,58,2,21,24,8,0,5,2,0,3,6,12,6
37069,37,12,26,34,8,6,5,5,0,0,8,29,8
43069,43,12,38,45,14,1,7,4,0,5,0,36,12
53069,53,10,15,16,6,6,0,0,0,0,0,26,7
35069,35,226,666,1427,404,38,57,24,115,25,862,905,414
03069,03,8,32,25,8,4,5,3,0,3,22,20,9
74069,74,16,50,76,14,3,6,0,0,6,43,77,11
47069,47,62,335,295,85,9,10,1,66,8,255,263,75
07069,07,16,71,65,22,7,5,1,0,4,74,51,23
18069,18,7,58,50,12,5,8,0,0,4,33,35,12
12069,12,11,29,44,10,5,6,0,0,4,4,33,11
42069,42,81,339,329,79,8,10,1,0,10,243,259,78
81069,81,21,83,93,31,8,0,6,2,0,51,69,31
41069,41,8,42,35,15,0,7,0,0,5,32,39,8
69069,69,207,818,1382,341,29,39,29,86,52,945,1176,336
23069,23,8,35,51,19,2,7,4,0,4,35,33,14
46069,46,0,17,32,13,0,0,0,3,4,19,16,8
19069,19,1,14,26,1,0,0,0,11,0,13,21,11
04069,04,4,14,18,0,5,0,2,0,0,6,17,3
68069,68,38,169,116,28,5,7,0,10,6,97,150,28
36069,36,32,134,114,34,6,9,6,15,8,107,125,37
66069,66,52,482,292,92,9,23,0,30,19,310,264,74
15069,15,6,21,41,8,4,2,5,0,3,23,37,9
87069,87,7,15,27,11,3,0,1,0,0,3,7,11
48069,48,0,4,7,0,5,5,2,0,0,4,4,2
82069,82,8,21,22,4,0,0,0,10,0,26,12,6
06069,06,904,5920,4059,768,77,148,83,301,233,3084,5810,746
56069,56,58,215,361,100,12,17,8,23,15,212,276,88
22069,22,5,23,28,7,0,2,5,0,0,15,26,7
29069,29,148,535,1159,433,29,47,20,79,34,742,679,402
44069,44,393,1207,2575,743,26,126,41,128,67,1853,1718,705
83069,83,1275,7889,4589,938,126,212,117,263,281,3639,6373,891
65069,65,25,116,171,52,8,8,0,4,4,151,98,49
86069,86,9,17,26,12,3,0,0,0,0,8,14,9
33069,33,441,1906,2794,811,53,160,33,342,93,2242,1785,788
63069,63,104,426,663,184,15,35,5,35,13,528,387,183
84069,84,68,446,281,62,5,16,6,0,23,234,292,70
90069,90,29,180,127,42,2,12,4,17,8,128,110,40
49069,49,443,1316,2017,490,68,71,38,134,57,1267,1781,462
13069,13,221,1574,1161,243,42,38,14,75,51,1237,1166,262
94069,94,219,614,1475,383,38,52,13,52,62,1212,1004,382
64070,64,6,29,42,19,0,1,3,14,0,31,30,7
62070,62,3,43,25,4,4,0,0,15,0,24,21,3
65070,65,6,49,55,15,1,0,4,21,0,56,30,11
80070,80,36,196,137,33,2,6,0,4,3,125,105,31
76070,76,13,76,64,18,0,6,6,0,0,49,44,12
59070,59,11,50,37,9,0,3,5,0,7,35,34,9
02070,02,8,83,45,10,4,2,0,0,7,21,33,7
70070,70,0,9,6,1,4,0,0,0,3,0,0,0
57070,57,9,32,21,2,5,5,3,0,0,4,14,3
14070,14,6,26,22,4,0,4,0,19,0,18,18,3
54070,54,8,16,20,8,0,0,0,0,0,22,10,6
60070,60,15,71,45,16,3,0,0,0,7,44,39,14
31070,31,6,29,52,19,0,6,3,0,4,32,34,19
08070,08,13,56,34,12,1,2,3,0,0,16,32,13
78070,78,8,21,43,13,5,4,0,0,0,11,39,11
51070,51,13,43,30,2,0,3,0,0,0,17,32,2
25070,25,7,50,38,10,2,3,0,5,6,32,37,10
39070,39,0,12,8,6,0,0,3,4,1,12,6,7
50070,50,7,4,7,6,4,0,3,0,0,0,5,0
88070,88,6,20,19,7,0,0,2,3,0,19,17,0
55070,55,8,14,13,5,4,3,0,0,0,0,16,0
33070,33,19,57,84,19,6,0,0,0,3,70,50,19
52070,52,0,22,11,7,6,1,0,0,0,9,18,0
17070,17,16,92,109,25,0,10,0,16,0,77,83,20
67070,67,8,35,32,3,6,4,5,0,3,19,35,12
24070,24,12,41,49,17,0,2,0,2,7,53,36,9
71070,71,63,245,201,62,4,10,0,0,10,175,187,61
21070,21,3,17,16,9,3,2,1,0,0,0,19,4
32070,32,6,16,20,2,0,0,0,10,2,12,16,12
61070,61,22,109,95,18,7,10,0,0,6,54,100,23
11070,11,3,41,31,4,3,0,0,0,2,27,20,6
30070,30,19,115,74,20,5,5,2,0,3,51,70,21
2A070,2A,18,76,41,6,4,3,1,6,8,25,70,5
40070,40,7,36,45,21,2,4,0,0,5,31,39,22
10070,10,22,70,51,5,5,5,4,0,3,36,55,6
63070,63,130,551,853,230,27,37,21,81,18,693,543,225
16070,16,44,178,212,47,6,12,6,0,2,138,144,53
77070,77,38,150,136,30,8,4,0,16,4,128,112,40
26070,26,18,66,66,15,1,2,0,0,7,50,47,13
73070,73,11,65,61,11,0,5,0,29,0,48,54,16
28070,28,98,394,366,87,17,20,7,8,7,264,364,88
45070,45,4,5,10,0,2,1,0,0,0,0,5,5
49070,49,20,49,80,20,2,0,0,20,1,57,74,23
72070,72,5,33,29,9,0,6,0,0,0,20,33,2
86070,86,151,653,835,234,32,40,14,23,25,632,608,227
03070,03,8,11,19,9,0,3,0,0,1,0,10,9
58070,58,5,6,9,0,0,1,0,0,0,3,9,4
37070,37,12,36,45,9,0,0,4,0,0,19,43,17
74070,74,50,148,176,35,4,11,0,30,13,123,188,33
43070,43,9,23,26,7,0,0,0,11,0,23,17,5
35070,35,19,82,167,45,0,9,2,3,1,115,102,47
46070,46,6,48,74,24,0,8,0,0,6,59,48,23
12070,12,17,56,77,25,6,8,1,0,3,43,61,23
18070,18,3,30,27,5,0,0,2,0,4,21,18,7
47070,47,18,96,89,24,1,1,4,25,8,71,67,19
42070,42,26,83,86,21,8,9,1,0,6,61,77,22
07070,07,51,268,251,66,7,12,7,51,7,256,194,69
81070,81,68,318,293,92,10,12,0,42,20,275,240,78
85070,85,99,305,417,93,9,21,1,18,2,266,424,90
23070,23,7,46,56,17,2,9,0,12,4,48,37,12
69070,69,27,88,146,33,2,5,2,14,3,111,132,33
34070,34,12,78,59,15,1,6,0,0,4,58,57,11
19070,19,11,29,56,8,0,3,0,6,6,37,41,14
04070,04,333,1745,1376,340,39,88,32,155,74,1513,1310,356
36070,36,37,140,146,35,10,11,0,24,15,114,116,36
66070,66,7,20,19,3,3,0,4,0,0,9,18,7
15070,15,11,27,38,6,3,2,5,0,0,10,32,3
27070,27,42,239,167,46,11,5,7,23,11,125,131,37
82070,82,0,11,11,4,0,0,0,0,0,0,11,0
48070,48,19,72,76,22,0,5,0,13,4,67,77,17
06070,06,13,96,59,10,2,3,5,11,0,48,94,7
29070,29,15,36,84,25,6,0,2,0,0,39,54,27
22070,22,114,431,770,226,17,28,15,12,15,546,502,211
56070,56,51,215,340,85,5,15,2,0,9,166,253,93
79070,79,7,37,44,15,0,0,1,5,5,30,33,8
87070,87,20,79,122,35,9,10,4,3,6,96,75,31
44070,44,110,315,658,196,14,26,2,79,11,480,458,186
13070,13,102,825,565,136,9,28,14,41,17,641,569,155
05070,05,91,323,349,84,2,23,0,102,3,318,277,83
38070,38,23,145,152,39,6,12,2,23,0,137,102,40
83070,83,148,1038,575,117,10,33,16,82,33,466,847,113
09070,09,7,40,44,22,4,2,1,4,2,52,24,19
84070,84,44,260,171,39,8,9,6,1,13,141,159,35
90070,90,16,55,48,15,3,0,0,0,6,24,40,17
93070,93,449,2097,3701,1298,109,166,57,184,234,5155,1959,1312
94070,94,78,202,475,129,6,17,9,12,14,380,360,113
41070,41,20,77,73,20,5,1,4,0,6,24,66,16
64071,64,1,16,25,10,0,0,0,8,3,23,20,14
62071,62,8,57,38,5,6,3,0,0,4,22,30,13
65071,65,0,0,8,0,5,4,0,0,5,0,0,5
80071,80,53,297,206,49,7,2,4,44,0,189,149,45
76071,76,8,60,54,12,5,0,2,10,0,55,50,22
02071,02,20,112,63,17,7,0,0,0,0,46,52,13
59071,59,55,351,253,73,11,13,4,8,16,238,215,65
57071,57,13,56,42,11,0,1,2,12,0,38,36,14
70071,70,0,16,3,6,0,3,4,0,0,0,4,1
54071,54,8,19,21,7,3,3,0,8,1,15,12,1
60071,60,9,24,10,5,0,0,0,0,2,10,19,8
08071,08,2,15,7,7,0,0,1,0,0,12,15,1
78071,78,13,33,76,21,1,4,1,0,1,34,76,22
31071,31,5,35,38,20,0,0,5,0,0,44,26,13
25071,25,14,50,52,14,2,7,0,2,8,38,44,15
51071,51,5,19,12,1,4,4,2,15,0,8,16,0
88071,88,3,0,4,0,0,4,4,0,4,0,5,3
55071,55,5,19,17,0,0,5,2,0,0,11,15,1
33071,33,23,111,139,44,2,7,1,0,7,114,103,48
24071,24,8,30,41,14,0,0,0,15,6,37,23,9
67071,67,11,51,52,16,5,4,5,10,3,36,46,8
21071,21,16,90,79,19,2,3,1,0,4,69,76,28
09071,09,5,29,22,14,2,0,0,12,0,32,13,14
32071,32,7,19,24,11,5,3,4,0,5,0,19,9
61071,61,7,23,26,5,0,0,0,0,6,8,24,4
2A071,2A,8,29,18,4,3,3,4,0,1,8,25,4
11071,11,4,32,24,7,6,0,3,7,0,22,17,4
30071,30,14,59,44,11,4,2,3,0,7,23,32,13
40071,40,12,41,58,19,1,6,5,33,0,52,45,18
34071,34,5,36,39,11,0,6,0,0,7,33,32,9
01071,01,112,426,371,93,10,17,4,55,12,258,361,93
63071,63,13,56,92,28,1,5,0,0,0,70,58,27
16071,16,9,50,69,15,1,1,0,7,7,57,36,18
10071,10,0,12,5,0,0,2,0,4,3,0,6,0
77071,77,33,102,103,23,6,5,3,0,7,81,78,19
89071,89,2,14,15,0,0,0,4,5,0,7,6,5
38071,38,72,355,368,117,11,15,8,16,7,288,266,105
73071,73,23,89,86,28,7,1,2,1,7,62,78,23
28071,28,18,78,55,20,0,3,0,0,0,37,67,17
26071,26,26,129,122,31,4,8,6,13,3,125,106,37
03071,03,11,31,28,7,1,1,0,0,6,21,24,6
74071,74,11,26,22,4,0,0,2,0,3,22,27,4
58071,58,10,20,20,4,3,4,3,0,1,9,16,3
37071,37,7,14,20,9,0,1,0,0,5,0,22,4
43071,43,16,55,67,15,0,9,3,0,4,35,51,18
53071,53,11,30,60,17,2,0,5,0,2,31,60,10
85071,85,111,337,475,87,12,15,6,15,10,271,466,89
12071,12,8,38,45,16,6,1,0,0,0,35,44,14
18071,18,1,0,2,0,0,4,1,0,5,0,2,2
07071,07,21,93,91,27,5,2,5,0,5,83,73,30
47071,47,0,21,16,6,3,2,0,17,0,13,17,11
81071,81,2,5,5,0,3,0,3,13,0,5,10,0
41071,41,10,63,49,16,0,0,3,11,5,39,54,12
23071,23,10,22,20,6,1,6,3,0,1,10,17,9
69071,69,22,81,125,34,0,7,4,25,2,92,123,29
71071,71,8,26,22,9,1,3,1,20,2,18,22,3
19071,19,3,22,28,5,2,6,0,13,0,20,15,10
68071,68,10,32,30,8,2,0,0,0,7,14,30,10
66071,66,33,318,200,51,7,9,4,48,9,221,181,56
36071,36,26,111,91,22,8,10,0,14,4,89,91,34
87071,87,12,80,109,29,3,10,5,0,4,95,65,27
82071,82,5,0,4,2,0,2,0,0,3,0,0,5
48071,48,5,15,8,6,0,0,0,0,1,2,10,7
06071,06,21,95,76,13,0,6,0,12,1,48,91,8
29071,29,17,54,103,35,2,0,0,3,7,70,69,38
22071,22,14,39,72,29,3,0,0,20,0,48,47,18
56071,56,17,61,104,25,4,1,4,9,1,75,87,31
44071,44,145,416,875,236,3,42,7,55,18,648,599,243
17071,17,10,43,47,14,0,0,5,10,0,43,48,17
79071,79,7,50,61,15,0,7,3,0,5,45,53,21
83071,83,271,1789,1050,199,22,38,30,76,62,844,1440,196
05071,05,12,45,42,10,0,3,4,0,3,34,39,15
27071,27,2,37,30,2,1,0,0,3,0,22,30,6
35071,35,8,22,52,12,2,1,0,10,3,37,32,22
42071,42,166,723,691,173,20,33,12,69,15,534,552,177
13071,13,431,3062,2178,469,47,89,31,193,86,2370,2233,521
84071,84,46,321,180,44,1,10,2,16,13,192,201,41
90071,90,27,157,117,27,2,10,6,0,6,89,105,30
72071,72,130,564,531,149,19,30,10,47,13,467,746,151
92071,92,226,688,2836,620,35,54,34,242,79,1562,2556,635
93071,93,449,1894,3460,1144,60,170,27,241,207,4662,1813,1188
94071,94,447,1192,2949,805,53,58,43,188,116,2556,2128,831
64072,64,12,45,91,32,3,5,1,28,3,61,59,33
62072,62,2,45,28,1,6,0,0,0,0,21,13,9
65072,65,43,171,237,63,3,12,3,42,2,210,146,75
76072,76,17,91,75,23,5,2,3,0,6,69,61,26
02072,02,5,31,13,1,5,0,5,0,5,4,12,9
59072,59,1,37,21,11,2,0,2,4,0,19,18,8
57072,57,19,94,65,17,6,12,3,0,5,41,57,9
70072,70,2,9,10,2,0,5,0,4,0,10,3,3
54072,54,11,33,33,8,2,0,0,0,0,7,24,12
60072,60,3,50,27,4,0,0,0,5,6,31,22,10
78072,78,3,15,47,7,3,4,0,0,3,20,33,15
27072,27,18,132,92,19,0,7,0,0,8,62,85,26
31072,31,6,3,9,0,0,0,0,1,2,10,9,5
25072,25,0,0,0,6,0,0,5,0,1,0,4,0
51072,51,10,19,28,6,2,2,5,0,5,0,28,5
39072,39,11,34,29,10,3,5,0,0,6,21,31,4
50072,50,4,26,29,3,0,0,3,0,6,13,24,9
33072,33,3,19,20,3,0,2,5,0,1,18,20,6
55072,55,7,15,13,3,2,0,0,0,0,5,8,5
52072,52,9,60,33,6,6,0,0,5,6,36,46,3
17072,17,25,128,127,35,6,11,6,0,6,100,120,36
67072,67,18,78,81,15,0,5,1,22,4,43,77,15
21072,21,0,19,15,6,3,5,0,0,0,5,14,9
32072,32,3,0,7,4,1,0,0,0,1,0,1,5
09072,09,4,0,8,0,2,4,2,0,0,0,0,0
61072,61,3,29,20,8,0,0,0,4,0,20,26,0
2B072,2B,1,9,11,5,1,3,1,0,0,0,7,0
40072,40,4,18,23,13,2,1,5,0,4,15,20,5
30072,30,9,64,46,12,0,2,4,0,5,37,36,13
34072,34,1,0,0,2,4,0,0,0,4,0,0,6
71072,71,7,21,18,1,2,6,0,0,4,4,17,6
01072,01,88,377,341,68,2,16,4,17,19,225,322,85
63072,63,19,98,157,37,2,3,3,17,7,130,87,39
16072,16,17,43,54,13,4,0,1,12,0,46,42,15
77072,77,15,68,61,14,1,5,1,0,0,63,58,21
73072,73,0,10,3,0,0,0,0,0,3,3,10,7
89072,89,8,37,27,6,4,3,1,0,0,0,24,8
28072,28,16,46,51,7,6,7,0,0,4,12,50,14
38072,38,58,239,258,75,8,17,1,17,8,237,186,80
45072,45,34,140,141,39,5,6,1,18,3,102,134,42
26072,26,36,145,125,39,0,2,0,0,6,117,99,39
03072,03,12,56,58,12,7,2,0,0,0,39,48,18
86072,86,8,43,59,12,7,9,1,3,0,42,41,22
74072,74,7,17,19,5,3,0,0,0,6,11,28,9
58072,58,12,72,72,20,0,1,4,13,7,61,52,15
37072,37,206,735,960,261,43,44,15,87,27,736,830,256
72072,72,2,25,21,9,0,2,0,0,6,23,27,4
35072,35,31,117,244,75,3,11,2,0,9,139,151,62
53072,53,29,106,167,41,9,3,0,6,3,88,170,31
12072,12,13,20,37,8,0,7,0,9,0,31,32,11
46072,46,7,22,46,7,3,2,0,11,2,37,28,14
18072,18,11,25,31,4,2,6,1,0,0,14,26,3
47072,47,7,13,9,1,5,5,0,0,2,0,4,8
07072,07,47,185,174,57,4,3,8,21,11,188,153,54
81072,81,1,18,13,2,0,0,2,1,0,17,12,0
41072,41,11,51,43,8,3,7,0,0,7,38,39,9
69072,69,177,692,1127,268,28,36,15,39,46,824,960,280
68072,68,43,203,138,30,2,5,6,5,10,101,168,36
23072,23,2,27,31,6,3,6,0,1,6,29,26,14
19072,19,61,211,353,82,9,26,13,22,4,279,230,73
04072,04,2,10,10,7,4,5,5,0,6,0,11,6
66072,66,8,59,34,4,0,0,2,0,0,42,35,11
15072,15,1,22,36,12,2,6,5,0,2,16,28,4
87072,87,8,47,64,15,0,0,0,24,3,55,40,15
82072,82,15,110,82,19,7,1,0,26,3,82,68,24
48072,48,8,15,21,3,3,3,5,12,0,19,24,2
56072,56,16,44,68,22,6,2,0,0,0,25,48,15
29072,29,58,190,424,156,13,19,1,4,16,275,266,159
22072,22,3,34,60,18,6,6,2,0,6,16,38,21
44072,44,138,449,932,261,22,33,11,20,34,674,638,254
06072,06,6,26,19,0,4,5,0,0,0,8,18,0
11072,11,0,24,12,10,4,2,1,11,0,13,10,4
10072,10,2,2,7,4,2,0,0,0,0,0,3,0
43072,43,6,20,14,2,2,0,0,1,3,10,16,1
85072,85,26,78,113,27,0,7,2,0,1,65,103,25
42072,42,3,9,10,7,0,5,0,0,3,6,5,0
05072,05,4,29,33,5,5,5,5,0,0,18,28,10
83072,83,247,1435,845,174,18,35,11,59,51,664,1241,156
84072,84,151,998,584,129,25,39,2,69,39,579,603,150
90072,90,19,128,97,28,2,10,3,0,4,79,89,25
13072,13,75,496,355,83,2,12,10,23,12,391,347,81
93072,93,314,1425,2534,880,72,136,37,65,183,3462,1354,887
92072,92,253,730,3055,701,32,62,22,181,78,1641,2771,679
64073,64,0,15,31,11,0,6,0,18,0,21,25,11
62073,62,45,260,141,34,3,7,0,3,7,147,109,41
65073,65,12,32,38,12,5,4,4,0,0,37,19,10
02073,02,10,80,42,9,0,4,0,27,0,38,41,10
59073,59,9,87,61,19,2,6,2,0,1,52,48,19
57073,57,24,125,78,24,8,6,0,4,5,69,64,26
54073,54,21,123,102,22,6,3,0,0,8,79,78,25
60073,60,12,100,62,16,7,2,0,0,2,55,53,11
78073,78,237,753,1652,391,39,45,18,63,68,921,1578,417
27073,27,29,165,116,23,0,1,4,15,0,94,107,27
31073,31,9,51,72,23,6,6,0,14,0,59,38,17
25073,25,24,91,89,18,0,3,0,0,2,62,79,17
08073,08,0,21,8,0,0,4,0,0,1,3,14,1
51073,51,6,34,16,4,5,2,0,2,5,12,24,3
39073,39,6,19,23,1,0,0,5,6,0,14,22,7
88073,88,5,27,19,5,0,3,5,17,6,12,13,0
55073,55,26,108,62,18,0,10,1,2,8,58,71,15
33073,33,28,139,191,48,7,16,0,13,3,164,118,49
17073,17,32,153,174,45,5,9,0,0,6,114,147,35
80073,80,5,22,13,9,1,0,2,5,0,19,10,5
24073,24,8,35,38,9,5,3,0,23,0,51,27,8
09073,09,3,17,13,11,4,0,1,2,6,25,7,8
32073,32,8,23,26,7,0,0,1,10,0,16,13,9
2B073,2B,0,46,25,2,6,1,2,0,6,23,47,5
11073,11,0,7,1,0,3,1,0,5,4,3,7,3
40073,40,8,13,12,8,0,0,1,1,4,10,9,2
30073,30,36,240,160,42,3,3,4,0,4,184,130,41
34073,34,54,330,260,74,3,8,3,12,10,287,242,74
01073,01,29,145,136,33,4,9,3,0,7,82,129,24
63073,63,14,47,66,20,0,2,5,0,4,36,36,11
71073,71,140,583,532,160,17,31,5,57,18,411,467,139
16073,16,43,172,199,51,8,6,4,13,8,134,129,51
77073,77,21,55,67,17,1,7,5,0,1,45,43,12
10073,10,1,16,8,5,1,0,0,5,0,14,11,7
89073,89,23,126,84,26,0,8,9,12,8,71,88,24
28073,28,14,44,36,4,3,5,5,0,0,14,31,10
73073,73,15,66,64,16,0,4,0,7,1,46,59,18
45073,45,19,55,56,16,7,0,0,2,0,33,54,9
26073,26,2,32,31,6,2,0,3,8,0,28,18,6
38073,38,11,29,30,7,5,0,0,19,1,25,15,3
72073,72,25,103,103,31,2,11,6,7,3,94,148,29
03073,03,18,60,63,19,0,3,4,13,7,65,54,10
86073,86,17,51,55,20,1,6,0,0,1,47,37,18
74073,74,19,61,73,14,1,8,0,11,0,49,79,21
58073,58,0,8,9,7,1,3,2,11,3,6,5,7
37073,37,16,58,76,15,5,6,0,6,0,57,69,26
67073,67,140,527,474,110,20,27,10,3,19,302,452,101
43073,43,8,27,25,7,0,0,0,0,4,11,11,2
12073,12,14,53,82,20,0,9,0,0,7,42,68,18
46073,46,8,38,54,12,0,3,0,31,0,56,31,14
53073,53,30,74,113,20,7,5,0,0,6,56,121,19
85073,85,25,77,109,26,7,10,0,0,4,55,117,25
18073,18,9,34,32,3,1,3,4,0,4,0,26,7
42073,42,18,80,83,15,2,0,3,5,0,68,68,19
47073,47,5,22,28,2,1,4,0,7,5,17,24,2
81073,81,1,21,18,6,0,0,4,3,0,14,14,11
07073,07,12,62,72,20,3,7,3,11,0,57,48,18
41073,41,15,81,69,12,3,7,0,0,4,51,72,22
68073,68,17,67,46,14,3,3,1,9,0,33,53,7
23073,23,7,38,47,18,0,5,4,28,0,40,32,17
19073,19,66,239,390,83,3,26,7,59,13,278,222,93
04073,04,19,72,64,21,0,3,3,0,0,48,62,21
66073,66,1,28,11,4,5,0,0,0,2,8,16,9
36073,36,9,21,20,3,3,3,1,3,5,14,13,6
15073,15,2,10,20,2,1,1,4,0,1,0,9,4
87073,87,5,33,53,13,2,0,1,2,0,43,22,20
82073,82,23,131,100,33,7,9,4,3,8,81,80,23
29073,29,17,61,129,49,0,6,0,8,5,92,87,54
56073,56,21,67,109,24,2,3,0,26,0,71,77,28
44073,44,133,405,825,223,7,38,6,53,34,608,542,212
06073,06,27,168,111,13,7,3,9,12,4,71,172,21
22073,22,5,28,46,17,3,6,4,3,0,32,35,9
05073,05,8,35,36,7,0,2,2,19,3,48,38,7
83073,83,235,1358,820,171,10,45,24,58,55,646,1117,152
48073,48,0,20,13,3,3,0,3,0,0,16,23,3
84073,84,18,166,98,26,0,7,3,0,2,94,102,29
13073,13,107,835,594,151,8,27,12,39,14,645,593,146
92073,92,485,1411,5762,1278,60,106,58,324,205,3055,5272,1300
94073,94,431,1190,2970,823,52,88,20,122,119,2494,2163,810
93073,93,416,1772,3088,1088,103,132,60,105,205,4211,1645,1095
64074,64,6,2,3,0,0,5,1,0,2,2,3,5
62074,62,3,42,23,1,3,5,0,0,6,14,18,1
65074,65,0,13,14,2,0,5,0,9,3,10,13,3
80074,80,3,14,13,7,0,4,2,0,3,0,15,4
02074,02,12,89,41,15,6,1,2,6,7,39,40,12
59074,59,56,297,196,63,12,13,6,0,8,208,178,59
57074,57,27,128,88,28,5,8,5,0,8,43,74,27
54074,54,1,0,1,0,0,5,0,0,3,0,0,5
21074,21,7,24,24,5,3,5,2,0,0,11,29,9
60074,60,32,188,125,22,7,11,1,0,11,82,103,32
70074,70,8,36,32,6,0,7,1,4,0,15,25,6
95074,95,22,58,97,27,2,2,2,0,7,68,70,31
27074,27,11,45,39,8,0,6,0,0,4,25,31,8
25074,25,23,85,82,27,6,1,0,10,9,77,79,21
31074,31,1,26,38,9,5,6,5,10,0,31,29,10
08074,08,4,12,2,2,0,1,0,2,2,2,10,0
51074,51,48,235,178,35,4,5,0,4,9,116,174,41
39074,39,6,22,19,4,0,0,0,21,0,20,16,7
88074,88,0,9,8,0,0,0,2,0,0,0,5,5
52074,52,21,103,56,20,3,9,2,0,11,25,52,13
33074,33,0,23,23,3,2,2,3,0,0,20,15,10
50074,50,63,208,257,65,4,9,7,28,3,182,218,59
17074,17,24,93,100,25,3,5,0,15,7,83,92,21
24074,24,16,52,54,13,1,9,0,9,3,62,46,21
09074,09,6,14,10,3,0,2,0,0,0,8,11,3
61074,61,12,62,62,17,0,7,0,15,0,47,70,19
2B074,2B,0,37,30,4,6,1,1,11,2,27,34,10
40074,40,15,47,61,23,0,0,1,5,6,57,47,20
30074,30,1,0,0,4,0,0,0,0,0,0,7,5
34074,34,36,286,222,57,7,14,0,20,8,241,190,55
71074,71,22,74,74,18,0,1,5,0,4,36,60,21
01074,01,58,281,227,59,11,12,2,32,8,164,215,56
16074,16,12,33,35,11,4,6,1,7,3,32,26,7
63074,63,6,21,18,7,0,6,3,2,2,15,12,3
10074,10,17,66,38,10,6,5,0,1,4,31,58,10
89074,89,74,293,212,54,9,16,5,0,7,144,206,41
38074,38,10,49,50,13,0,4,3,0,0,31,29,17
72074,72,4,27,21,4,4,0,0,0,0,19,30,7
03074,03,11,76,76,21,2,4,6,14,8,61,58,21
74074,74,15,41,47,9,5,5,0,0,4,34,59,16
58074,58,13,44,36,13,0,0,0,0,0,30,23,12
86074,86,28,94,116,28,4,7,1,0,7,76,78,31
37074,37,52,171,205,59,6,10,4,8,8,171,188,71
67074,67,16,70,70,12,13,6,7,0,11,27,74,20
43074,43,30,90,102,17,0,2,5,28,1,68,79,17
46074,46,6,22,46,12,5,2,0,7,0,48,29,11
12074,12,13,28,49,14,2,6,0,0,5,17,41,6
53074,53,27,68,119,23,3,10,1,0,2,45,124,30
18074,18,2,29,21,2,3,0,1,2,5,16,23,5
47074,47,13,47,34,9,3,5,0,0,0,18,34,10
42074,42,34,118,113,26,2,10,6,18,6,90,96,31
07074,07,4,23,19,1,5,6,3,1,0,19,12,1
81074,81,35,192,187,48,6,10,1,30,9,155,140,52
69074,69,34,119,190,53,3,9,3,0,9,132,169,45
41074,41,44,148,136,30,0,12,6,5,9,112,131,34
68074,68,17,74,45,6,0,1,3,10,1,33,58,8
04074,04,1,8,13,2,1,3,3,0,0,0,15,8
66074,66,9,54,41,13,2,0,0,7,1,48,33,6
36074,36,13,71,63,11,4,2,3,0,1,46,59,17
15074,15,14,65,115,19,0,0,2,25,2,60,102,17
82074,82,2,20,12,7,2,0,0,1,0,16,8,8
29074,29,15,65,122,47,0,5,3,18,5,80,82,44
56074,56,40,140,202,53,1,15,0,21,4,133,148,61
48074,48,6,31,28,6,1,4,0,0,0,22,32,7
44074,44,79,239,503,127,4,17,10,38,22,383,346,136
19074,19,0,0,4,6,3,1,0,0,1,0,7,1
76074,76,1,3,11,2,0,5,0,0,3,0,3,5
73074,73,11,36,43,7,1,2,0,9,0,27,41,10
45074,45,7,10,15,6,0,0,0,0,0,0,11,7
79074,79,0,14,21,7,1,0,0,5,4,16,16,11
28074,28,7,36,30,2,2,0,3,4,0,17,20,4
26074,26,25,97,94,28,0,9,4,0,7,85,78,20
85074,85,10,18,31,8,2,3,4,0,2,0,24,6
83074,83,11,32,17,9,0,0,0,0,5,11,32,9
06074,06,40,229,150,22,4,2,9,50,13,117,216,19
23074,23,0,22,19,8,6,0,0,0,0,13,21,9
22074,22,11,55,79,26,3,0,0,18,6,54,48,25
11074,11,3,38,31,7,0,4,0,15,0,34,21,8
87074,87,4,17,30,13,1,4,0,3,6,23,13,12
05074,05,8,23,19,3,3,2,3,0,3,10,20,9
84074,84,62,353,213,50,5,12,6,25,5,215,204,55
90074,90,6,33,29,9,6,6,0,0,7,5,21,12
13074,13,84,684,504,107,2,21,2,16,24,551,480,112
94074,94,190,462,1212,329,22,41,7,28,43,963,852,316
93074,93,70,349,585,215,11,18,9,12,35,809,309,212
64075,64,3,9,24,11,3,6,0,13,0,16,12,3
62075,62,36,232,132,38,0,8,0,9,8,143,89,36
65075,65,0,12,13,8,0,5,5,5,0,15,13,3
76075,76,17,65,45,9,4,8,1,0,7,47,46,9
02075,02,7,36,11,4,3,4,4,0,5,5,17,3
57075,57,8,42,30,13,1,7,4,0,1,6,32,13
21075,21,6,4,6,7,3,4,3,0,0,0,10,2
54075,54,6,20,21,0,5,0,1,0,5,0,9,5
60075,60,3,20,17,8,1,0,4,0,1,0,17,7
91075,91,3,12,16,0,4,0,0,0,0,1,8,0
27075,27,11,62,32,13,4,0,0,6,1,34,34,7
70075,70,1,39,22,1,5,0,0,0,0,16,20,7
25075,25,3,39,32,8,1,4,0,19,1,23,36,5
31075,31,17,105,149,54,7,6,6,11,4,139,107,47
08075,08,1,25,18,8,4,1,4,0,1,9,15,9
51075,51,41,178,143,29,0,11,0,0,4,80,146,34
55075,55,6,28,13,9,5,3,0,0,3,7,13,4
52075,52,4,36,16,8,4,4,4,0,0,1,17,8
33075,33,328,1372,1955,559,21,109,24,122,84,1625,1312,577
59075,59,16,85,69,24,0,7,1,12,1,68,54,14
17075,17,39,143,154,39,4,5,0,0,4,115,140,34
24075,24,7,30,28,7,3,0,0,13,3,31,23,11
09075,09,5,38,32,14,0,0,0,0,0,37,26,16
2B075,2B,0,12,9,1,0,0,2,3,4,5,5,0
32075,32,4,19,28,3,0,0,3,14,4,17,19,3
11075,11,0,19,18,5,5,3,5,0,0,10,17,1
40075,40,51,190,267,95,0,14,5,36,3,213,188,102
30075,30,85,638,376,99,15,18,9,29,29,433,374,108
61075,61,36,123,106,33,5,6,1,13,6,77,130,22
34075,34,11,46,45,14,3,1,2,0,0,43,27,7
01075,01,37,147,139,24,4,2,6,10,3,96,118,27
77075,77,31,133,128,38,7,5,0,5,2,114,110,33
71075,71,25,78,72,21,2,5,4,0,0,43,69,26
63075,63,307,1312,2088,558,76,95,22,110,72,1614,1243,534
16075,16,1,16,24,12,0,6,0,12,0,16,15,9
10075,10,4,20,14,5,0,0,0,0,0,10,8,2
89075,89,20,87,54,13,0,9,4,22,13,44,57,7
38075,38,60,318,339,84,10,5,0,17,14,277,217,97
35075,35,22,57,101,31,0,0,3,1,7,72,62,31
72075,72,26,102,99,20,8,1,3,0,0,84,133,26
03075,03,2,20,18,4,5,0,0,0,4,6,7,9
74075,74,32,120,144,28,4,5,1,2,8,106,155,34
58075,58,3,35,31,10,0,5,0,0,0,21,19,6
86075,86,21,66,88,23,2,7,0,10,5,64,59,21
37075,37,10,47,58,11,6,0,0,0,6,34,43,9
67075,67,10,59,43,13,5,0,0,7,1,33,44,16
43075,43,0,16,12,3,0,0,0,9,0,6,7,8
12075,12,0,10,18,6,0,4,0,0,0,10,8,2
46075,46,9,14,26,9,0,0,0,13,3,21,16,7
53075,53,4,26,37,8,0,0,3,1,0,15,35,13
18075,18,28,118,97,30,9,5,0,0,5,66,90,26
42075,42,40,142,151,32,7,6,0,0,10,125,123,32
07075,07,8,23,24,4,0,0,0,17,6,19,19,3
81075,81,13,58,54,17,4,6,0,11,0,54,42,17
69075,69,0,14,25,7,5,0,0,0,0,3,18,9
41075,41,21,99,93,28,8,10,4,0,6,66,92,18
23075,23,29,111,115,44,6,5,0,0,0,113,98,37
68075,68,34,109,73,17,0,9,4,9,1,54,97,20
04075,04,12,60,37,14,0,0,0,9,1,53,36,9
19075,19,10,35,50,10,0,8,0,0,6,27,24,13
66075,66,2,26,18,4,3,0,0,7,4,18,13,9
36075,36,5,4,12,8,4,0,0,0,0,0,7,8
15075,15,0,7,17,0,1,0,3,0,1,6,14,1
82075,82,102,470,359,98,11,15,5,34,24,342,315,98
56075,56,128,482,748,183,18,26,6,76,12,473,564,198
29075,29,289,946,2009,724,47,89,34,109,45,1289,1216,749
22075,22,11,51,75,26,0,8,4,4,7,53,55,23
87075,87,169,660,1018,293,39,48,9,72,33,816,568,293
48075,48,21,97,104,21,5,2,0,13,0,100,109,22
44075,44,45,107,225,74,0,13,3,0,9,183,173,65
88075,88,154,696,451,106,20,41,12,0,25,345,430,123
73075,73,23,77,89,25,2,1,6,0,0,61,66,19
45075,45,242,1015,988,257,28,41,14,108,38,710,890,234
28075,28,30,116,116,27,5,5,2,8,2,72,109,26
26075,26,5,0,7,1,4,0,4,0,0,0,9,0
47075,47,18,119,105,26,6,9,1,18,5,89,93,24
83075,83,21,101,69,10,2,8,1,0,6,47,84,16
06075,06,107,732,493,94,11,32,9,46,27,390,692,98
05075,05,14,63,55,19,3,4,0,0,6,50,54,16
84075,84,9,75,41,11,0,0,3,11,2,46,39,7
90075,90,90,458,343,96,6,16,6,42,28,335,320,90
13075,13,262,1711,1221,286,34,52,18,62,67,1360,1267,297
92075,92,299,850,3683,827,51,79,42,145,92,1916,3290,844
94075,94,191,502,1264,337,26,46,21,38,56,1025,877,360
62076,62,6,42,18,9,6,0,0,0,4,7,18,1
65076,65,6,5,6,0,0,0,0,0,5,0,7,1
02076,02,6,18,13,5,2,0,0,0,5,8,14,0
59076,59,7,35,25,4,0,0,1,0,4,22,19,7
57076,57,9,64,53,17,5,8,5,0,6,45,41,7
21076,21,16,84,85,21,0,9,0,0,3,62,73,22
14076,14,122,492,612,169,27,35,6,33,29,471,532,168
54076,54,84,460,402,118,11,18,9,44,21,380,309,111
60076,60,12,79,60,18,3,7,6,0,6,21,53,19
27076,27,9,56,47,6,1,1,1,0,3,38,42,10
78076,78,3,15,38,13,0,6,0,0,2,23,40,10
70076,70,5,41,24,3,0,7,1,0,5,22,28,12
31076,31,9,42,63,22,5,3,0,3,2,48,31,18
08076,08,20,162,89,20,8,1,2,0,6,83,76,28
51076,51,11,74,53,11,0,7,1,0,5,31,51,8
39076,39,4,22,16,5,2,5,0,4,3,16,24,4
52076,52,17,67,32,5,6,0,0,0,4,21,42,10
88076,88,17,65,46,8,0,6,5,0,5,26,33,11
50076,50,100,365,446,107,10,16,7,84,22,287,371,103
55076,55,3,29,13,7,0,1,4,14,5,7,10,0
33076,33,13,63,90,25,2,4,0,11,6,68,55,23
80076,80,7,73,53,11,8,7,4,0,7,48,44,15
76076,76,6,35,20,8,1,3,0,0,6,12,26,11
24076,24,8,41,45,10,0,0,0,0,2,39,33,15
09076,09,2,30,29,9,3,5,0,0,6,14,8,12
32076,32,20,66,74,27,4,6,3,0,5,48,58,25
11076,11,162,1251,909,283,36,62,17,85,38,925,698,280
40076,40,9,40,48,24,3,5,2,0,0,37,32,19
30076,30,14,123,87,27,0,7,0,20,0,102,70,19
17076,17,13,33,34,15,0,3,0,5,2,26,39,9
34076,34,20,166,115,34,0,10,4,9,8,141,108,29
01076,01,8,17,15,3,0,0,2,0,0,6,22,6
77076,77,17,79,88,20,6,0,5,11,0,81,71,19
71076,71,784,3141,2931,798,91,174,59,207,89,2194,2536,835
63076,63,1,20,29,9,4,5,0,0,0,10,23,9
16076,16,17,80,103,31,4,8,6,2,1,75,64,31
10076,10,15,54,29,10,0,3,5,0,2,18,40,6
89076,89,26,91,62,20,0,6,5,5,7,64,62,15
26076,26,0,2,5,3,0,1,0,0,5,8,1,5
35076,35,102,341,738,205,4,31,4,34,19,485,442,206
72076,72,6,24,21,4,5,5,1,0,0,16,29,6
74076,74,44,168,222,38,5,5,2,1,9,128,227,44
58076,58,0,2,12,5,2,0,0,0,4,0,9,8
03076,03,3,26,26,7,0,4,0,2,0,26,23,6
37076,37,10,40,50,10,6,7,0,0,6,35,43,13
86076,86,62,257,328,89,5,25,6,42,9,243,219,88
67076,67,18,63,57,7,3,0,5,0,8,28,50,14
43076,43,10,15,20,8,0,4,3,0,3,0,20,7
12076,12,39,159,245,59,9,6,7,29,11,145,204,64
46076,46,11,31,47,14,1,0,0,0,4,28,34,17
53076,53,6,31,32,6,0,0,0,18,5,17,34,6
18076,18,9,47,53,10,1,8,1,8,0,33,40,8
42076,42,30,126,110,31,2,2,0,0,3,91,99,30
07076,07,80,313,292,89,14,22,0,68,7,310,228,82
85076,85,98,336,443,92,20,17,8,17,18,254,453,93
47076,47,14,40,38,6,0,3,0,0,6,28,36,9
81076,81,16,74,62,21,7,2,0,18,0,64,49,16
69076,69,68,224,366,87,10,11,4,7,13,252,305,86
68076,68,29,132,97,22,3,11,4,0,8,58,110,23
04076,04,15,93,77,21,0,8,0,8,2,91,78,22
19076,19,12,30,59,15,3,5,0,0,1,36,33,12
23076,23,29,122,142,46,8,18,5,2,9,134,115,48
66076,66,0,6,2,5,0,0,0,11,0,6,5,0
36076,36,4,29,34,10,0,4,0,6,2,20,27,9
15076,15,9,14,21,5,2,0,0,0,2,13,29,7
56076,56,33,105,172,45,4,10,0,9,0,110,120,47
22076,22,33,111,186,58,0,8,0,32,0,146,118,67
87076,87,7,18,30,12,0,1,2,2,0,24,15,14
44076,44,24,77,159,45,0,4,0,18,4,138,126,50
82076,82,46,213,161,56,0,9,0,15,3,162,153,48
28076,28,10,21,18,8,6,0,0,0,0,0,26,6
49076,49,24,62,96,16,8,1,0,0,3,51,82,16
79076,79,50,156,251,59,0,12,8,25,6,158,148,58
45076,45,8,33,34,10,0,5,3,0,0,4,33,2
38076,38,45,208,204,62,6,13,4,0,7,175,149,64
73076,73,5,27,28,6,3,0,5,0,2,18,18,10
61076,61,3,14,14,0,0,5,0,0,4,6,21,0
06076,06,0,0,10,1,0,0,0,0,5,0,6,5
83076,83,20,156,93,14,1,7,3,0,0,68,120,20
29076,29,86,270,575,199,14,33,5,45,13,373,341,212
84076,84,35,199,115,31,1,2,5,28,6,122,123,33
05076,05,7,8,17,0,0,5,0,0,5,0,6,8
13076,13,58,428,291,61,9,11,1,39,18,357,291,69
90076,90,31,147,115,29,6,9,0,0,12,102,109,38
92076,92,100,309,1251,277,15,22,11,52,44,712,1152,298
94076,94,818,2172,5270,1449,121,195,83,247,193,4315,3701,1441
64077,64,4,13,21,3,0,0,5,0,5,9,13,8
62077,62,5,67,27,9,4,0,3,11,0,36,22,4
65077,65,12,47,49,17,2,1,0,1,0,58,36,18
02077,02,15,64,34,4,3,4,0,0,5,27,32,9
59077,59,0,32,28,6,4,0,0,3,0,29,13,6
79077,79,18,55,88,21,10,8,3,0,3,48,61,19
57077,57,0,9,9,0,1,0,0,15,3,6,8,1
21077,21,3,15,18,4,0,0,0,0,5,8,17,5
14077,14,19,73,98,30,0,4,3,0,7,53,70,28
60077,60,8,63,43,8,0,2,0,7,3,29,30,8
54077,54,23,107,95,21,0,10,4,0,3,76,62,19
27077,27,17,109,81,15,4,8,5,0,0,72,75,20
70077,70,6,40,23,7,0,5,4,0,0,5,19,7
08077,08,5,4,0,5,0,3,4,0,1,3,4,0
51077,51,10,21,14,2,1,0,0,0,6,19,26,2
39077,39,4,0,5,2,4,0,3,0,2,0,0,5
50077,50,39,115,154,45,3,12,0,0,8,76,136,41
55077,55,8,30,17,4,0,0,0,1,5,14,24,1
88077,88,18,71,56,14,4,3,3,0,0,44,49,19
80077,80,9,64,49,12,7,7,2,0,0,20,28,4
76077,76,5,27,18,2,4,2,1,0,0,10,23,10
33077,33,41,183,285,74,10,10,1,44,13,206,184,81
24077,24,7,42,48,10,0,8,0,4,1,51,31,10
09077,09,6,24,27,14,2,3,5,0,3,12,14,9
2B077,2B,13,73,51,14,1,0,0,34,3,37,67,10
32077,32,7,0,13,2,5,5,4,0,1,0,2,2
11077,11,5,63,45,8,5,0,0,0,3,43,39,20
40077,40,18,62,81,30,1,5,0,11,3,67,58,23
30077,30,37,234,149,38,3,2,9,27,4,169,146,41
17077,17,37,136,158,38,5,4,1,0,4,113,140,34
61077,61,22,87,77,19,0,5,0,6,0,61,87,19
01077,01,7,26,20,6,3,0,0,0,0,12,22,1
71077,71,16,65,54,11,0,5,0,2,5,42,41,13
63077,63,10,39,64,25,3,3,0,21,2,55,36,23
77077,77,22,98,107,23,4,0,0,18,6,88,80,27
10077,10,8,7,13,3,0,3,0,0,3,0,8,0
16077,16,18,55,64,17,0,6,2,14,6,54,43,20
89077,89,46,197,143,33,10,7,1,26,3,131,139,36
26077,26,15,93,84,30,7,7,0,2,2,80,76,22
35077,35,9,23,43,7,5,2,3,0,0,21,33,10
72077,72,8,48,40,17,0,0,0,4,3,44,61,9
03077,03,2,11,8,8,5,0,0,0,0,6,15,8
58077,58,14,54,56,13,7,0,0,0,3,31,45,18
37077,37,89,316,436,121,15,19,6,18,19,333,381,120
86077,86,27,91,109,34,7,6,0,12,6,98,81,31
34077,34,107,702,533,151,5,32,10,43,11,625,479,161
74077,74,33,82,112,29,7,1,0,0,10,57,113,30
12077,12,21,44,58,18,2,7,1,6,0,46,47,16
67077,67,17,83,72,22,7,3,1,0,0,37,64,18
53077,53,74,256,410,89,16,27,3,2,9,211,425,84
43077,43,20,56,70,15,3,5,5,0,7,41,52,8
18077,18,12,38,39,12,6,4,4,0,5,28,38,11
42077,42,5,31,34,4,0,0,0,16,0,28,33,3
81077,81,11,60,53,17,0,8,0,0,1,41,49,15
85077,85,8,47,65,16,0,8,2,0,3,17,68,17
47077,47,23,115,102,31,1,8,6,0,9,88,92,33
07077,07,8,23,22,10,0,7,0,0,0,24,26,3
69077,69,16,77,117,34,0,7,0,0,6,95,110,38
68077,68,15,52,36,10,4,0,0,9,1,23,36,7
04077,04,8,26,18,4,0,1,0,0,0,7,17,9
41077,41,3,13,15,4,1,5,0,0,2,11,8,7
19077,19,2,9,13,9,0,0,2,0,5,8,17,6
23077,23,5,36,41,17,6,8,0,0,6,35,40,15
66077,66,0,10,6,0,0,0,0,3,3,5,6,4
36077,36,9,21,24,8,4,0,0,11,2,18,17,2
15077,15,1,11,6,0,2,1,0,0,3,6,9,0
29077,29,52,152,316,112,12,13,7,0,0,178,192,109
22077,22,24,101,165,49,6,7,6,0,2,102,115,50
87077,87,11,44,64,14,6,4,0,0,7,37,41,24
44077,44,51,142,304,88,8,16,3,0,6,231,204,86
48077,48,0,6,4,7,4,0,0,7,1,7,5,1
78077,78,12,44,100,23,3,0,0,14,5,60,87,28
25077,25,6,2,8,0,4,4,0,0,0,0,11,5
28077,28,8,20,26,1,6,5,5,0,2,7,15,3
38077,38,19,72,74,27,0,7,5,0,0,59,50,27
45077,45,17,66,62,13,3,1,4,0,0,42,59,22
82077,82,12,46,31,8,0,1,0,6,3,41,32,15
31077,31,15,41,67,17,0,1,3,35,0,65,40,19
56077,56,28,75,132,30,7,9,0,0,3,71,99,29
73077,73,22,57,74,20,5,7,0,0,0,33,66,18
06077,06,30,172,113,19,4,4,2,14,5,83,177,26
84077,84,15,71,39,11,0,4,0,11,1,42,48,10
05077,05,14,34,34,8,2,0,3,0,7,31,39,12
83077,83,49,353,214,43,11,8,0,19,15,163,275,50
90077,90,7,42,32,9,1,1,0,6,0,33,21,4
13077,13,303,2183,1512,369,43,56,33,120,81,1665,1574,356
92077,92,133,371,1550,351,25,21,14,27,33,862,1400,342
93077,93,313,1357,2333,845,63,113,31,63,152,3330,1298,857
94077,94,313,805,1982,531,32,67,27,66,90,1598,1385,573
64078,64,0,21,30,11,3,3,0,0,4,23,17,12
62078,62,31,214,106,26,2,6,0,12,2,111,89,32
65078,65,7,39,46,20,0,0,4,2,5,39,29,15
80078,80,16,72,54,15,0,3,0,7,0,44,45,15
02078,02,3,27,13,2,0,5,4,0,5,0,13,4
59078,59,9,86,57,18,6,0,0,0,0,57,48,13
21078,21,2,4,5,1,0,4,1,5,3,3,4,7
14078,14,10,41,50,14,2,3,2,0,0,15,38,8
60078,60,2,5,13,0,4,5,1,0,5,0,5,5
54078,54,3,5,4,1,0,1,0,4,3,10,7,0
95078,95,38,122,183,44,6,6,3,17,6,173,141,57
25078,25,29,113,102,23,8,16,4,18,5,92,99,26
31078,31,6,7,20,3,3,5,3,0,3,5,9,11
70078,70,8,16,4,4,2,0,1,0,0,0,8,3
08078,08,16,120,62,19,0,0,5,17,5,64,66,20
51078,51,20,65,51,15,0,6,5,0,2,37,60,12
50078,50,9,42,61,10,3,0,0,20,1,38,45,15
39078,39,20,68,60,9,6,4,1,8,5,64,59,11
55078,55,12,46,31,10,0,0,2,0,0,24,34,5
88078,88,77,345,244,58,12,12,3,21,12,177,212,67
33078,33,7,43,63,24,2,6,5,8,0,47,35,18
09078,09,5,11,5,8,0,6,1,0,3,8,4,1
2B078,2B,4,9,7,1,0,0,0,1,0,4,15,6
32078,32,9,34,40,8,0,6,0,0,0,28,27,8
11078,11,8,27,19,3,2,2,0,5,0,26,14,8
40078,40,12,32,51,20,0,3,0,0,2,33,40,23
61078,61,18,89,73,14,7,1,0,10,0,59,88,24
17078,17,8,53,47,19,0,4,4,0,2,39,38,17
01078,01,25,131,116,27,6,0,0,20,4,85,101,23
77078,77,30,119,116,36,0,4,0,18,7,113,85,27
71078,71,7,9,20,9,0,0,0,0,0,0,17,4
10078,10,0,0,6,0,5,0,0,0,0,0,2,3
16078,16,128,596,705,179,18,34,16,68,25,564,472,165
28078,28,11,29,16,7,0,0,0,0,0,0,26,10
45078,45,9,31,21,4,6,6,5,0,0,13,19,5
26078,26,21,90,94,23,3,6,4,4,1,78,79,31
35078,35,28,81,167,52,9,4,2,16,0,115,105,54
03078,03,12,26,35,9,3,6,3,0,0,17,20,12
72078,72,9,35,27,9,1,3,5,0,0,20,36,9
37078,37,15,36,39,11,3,0,0,0,0,31,42,15
86078,86,56,229,290,76,7,21,5,20,8,205,193,85
58078,58,1,0,8,5,0,2,1,0,0,0,5,7
34078,34,34,204,171,45,4,5,4,0,12,163,143,40
74078,74,16,32,41,14,0,0,1,0,7,27,55,12
43078,43,101,382,384,86,21,11,1,64,7,294,303,66
53078,53,24,60,78,20,2,7,0,0,1,41,93,24
46078,46,2,10,8,3,0,0,0,10,0,7,9,9
67078,67,9,39,28,5,4,0,0,2,3,15,35,7
18078,18,1,13,5,2,0,3,2,0,1,3,5,0
47078,47,25,157,134,35,2,2,4,9,7,114,116,31
81078,81,23,111,112,30,0,8,0,5,2,93,89,27
85078,85,28,73,106,26,6,3,0,0,5,65,114,16
07078,07,79,368,338,93,14,24,1,19,18,342,280,100
69078,69,20,51,85,18,6,0,3,4,5,66,90,30
68078,68,57,234,155,40,8,5,6,31,7,114,183,44
41078,41,20,96,81,26,0,3,6,2,3,62,90,16
19078,19,12,40,49,14,2,0,3,1,5,37,31,16
23078,23,8,17,23,12,3,0,0,0,0,0,20,9
66078,66,2,38,20,10,6,0,0,0,6,12,17,2
36078,36,3,42,25,5,0,4,5,1,0,31,29,14
56078,56,308,1056,1666,454,38,81,17,68,43,954,1285,430
29078,29,36,127,259,92,3,6,5,53,7,168,151,103
15078,15,0,14,25,8,1,0,4,0,3,0,20,9
87078,87,11,69,101,21,1,5,0,6,4,72,54,31
44078,44,6,20,46,17,3,1,0,0,4,36,24,10
27078,27,4,32,32,6,2,0,4,0,3,16,30,8
73078,73,4,15,23,0,0,0,0,0,4,2,21,8
38078,38,11,51,59,22,4,1,0,6,0,52,33,14
82078,82,9,13,18,4,5,0,5,0,0,0,19,9
42078,42,2,26,28,5,2,3,3,6,5,30,22,3
12078,12,1,14,22,9,5,0,2,0,0,14,15,9
06078,06,7,48,39,5,0,2,2,7,0,29,43,2
83078,83,12,54,35,10,0,0,0,0,0,22,49,9
84078,84,84,588,343,69,15,24,12,42,11,379,371,84
05078,05,6,26,31,4,4,4,0,6,0,22,22,3
90078,90,6,24,22,9,2,0,0,0,3,6,21,9
79078,79,25,83,119,30,3,13,2,0,12,61,95,37
13078,13,151,1104,804,185,19,24,20,8,45,839,786,209
94078,94,370,1010,2401,648,71,87,21,104,69,2063,1715,650
92078,92,214,585,2564,577,25,46,15,66,72,1386,2304,581
93078,93,422,1771,3152,1120,52,153,46,187,216,4203,1667,1122
64079,64,0,13,13,4,0,0,0,0,5,8,14,9
62079,62,5,12,9,0,0,0,0,0,0,4,6,7
80079,80,7,44,35,5,0,6,0,17,0,24,26,5
02079,02,1,21,16,4,0,4,3,0,0,6,12,6
59079,59,153,822,600,170,20,22,12,10,19,584,477,172
57079,57,11,54,45,7,3,4,0,7,1,35,32,14
21079,21,8,15,24,8,0,3,3,0,0,0,17,2
14079,14,33,189,229,65,8,17,6,0,11,165,173,50
54079,54,93,500,415,121,16,36,2,28,8,383,307,118
60079,60,23,118,86,22,0,8,0,1,9,63,71,19
27079,27,11,61,38,10,0,5,3,0,7,20,42,6
91079,91,20,43,65,18,0,5,0,0,8,41,45,22
70079,70,19,86,56,9,3,4,0,0,4,28,56,19
25079,25,12,52,47,10,0,7,0,0,4,24,37,10
31079,31,76,382,594,192,17,22,4,6,20,517,356,189
51079,51,30,127,91,15,7,6,0,4,8,63,104,24
50079,50,14,45,47,10,3,0,5,0,0,31,41,9
55079,55,25,98,64,10,7,1,6,0,6,35,54,19
39079,39,10,30,24,10,1,0,0,1,0,20,16,2
52079,52,22,107,59,14,6,0,0,1,6,50,61,7
88079,88,47,246,154,39,6,9,4,18,3,141,144,39
65079,65,0,20,22,10,0,3,1,2,4,19,20,4
76079,76,2,18,23,9,5,0,0,0,5,12,20,1
33079,33,8,26,43,14,1,5,0,6,0,40,28,10
09079,09,9,78,71,31,0,8,0,8,1,85,35,22
2B079,2B,3,92,70,15,7,0,8,4,9,46,86,15
32079,32,21,110,139,49,2,6,1,38,2,108,95,49
11079,11,0,25,9,5,1,4,0,9,0,11,10,6
40079,40,6,16,21,8,0,6,0,0,0,6,13,5
61079,61,44,172,135,29,10,8,0,0,10,96,179,31
17079,17,49,170,190,42,5,7,4,44,0,149,157,34
30079,30,9,39,24,6,1,2,0,11,0,32,27,9
71079,71,8,54,46,17,2,3,0,6,3,38,36,10
63079,63,4,11,21,1,0,0,0,10,4,21,8,11
01079,01,25,77,80,14,0,5,4,0,8,43,74,23
77079,77,146,561,573,123,20,19,12,27,33,454,411,131
89079,89,15,93,68,11,6,4,0,0,6,58,64,16
10079,10,7,22,11,6,0,5,0,0,0,9,11,0
16079,16,6,32,31,8,4,3,3,0,0,31,25,6
28079,28,9,45,40,7,0,0,5,0,6,23,32,9
26079,26,25,156,144,41,3,9,7,17,6,133,123,48
35079,35,49,151,324,101,9,6,5,2,5,198,206,97
73079,73,27,87,98,29,6,0,5,9,1,74,81,22
72079,72,2,29,29,6,1,0,3,0,2,22,45,13
03079,03,12,29,34,12,2,0,0,0,6,13,34,12
37079,37,58,188,225,56,11,10,0,31,9,173,193,58
58079,58,74,373,346,100,18,25,10,0,13,258,262,93
34079,34,145,1014,803,219,13,29,16,63,31,858,681,218
12079,12,13,40,72,16,0,6,0,2,3,47,49,19
53079,53,9,26,42,5,6,7,0,0,0,8,41,4
43079,43,3,35,24,10,0,0,2,6,4,22,18,8
46079,46,4,12,11,8,3,0,0,0,5,4,4,2
67079,67,9,15,21,3,0,0,0,0,5,1,13,3
18079,18,12,57,62,19,4,7,3,0,0,40,49,13
42079,42,18,76,71,21,1,2,3,0,4,47,50,23
47079,47,12,48,42,8,0,0,0,9,1,45,45,9
81079,81,20,95,94,26,0,5,0,16,4,84,70,31
07079,07,33,135,130,45,6,6,1,23,5,139,99,41
68079,68,7,33,34,4,0,5,0,0,0,24,39,10
19079,19,7,44,65,15,7,1,1,0,1,48,36,8
23079,23,30,131,157,56,10,16,3,0,9,112,119,57
66079,66,7,41,23,4,0,0,5,0,0,23,18,3
36079,36,1,6,3,0,1,0,3,6,0,13,7,2
56079,56,26,118,189,46,9,6,3,0,8,97,137,49
29079,29,20,79,166,70,8,7,0,23,9,116,99,59
22079,22,43,166,280,95,9,13,7,3,5,209,193,85
15079,15,12,38,65,11,2,1,0,18,0,41,56,8
04079,04,33,171,126,34,6,13,6,0,3,144,132,32
87079,87,16,65,89,30,1,9,1,7,2,71,56,29
83079,83,26,171,97,16,2,0,1,22,5,100,155,27
86079,86,13,57,67,21,7,0,1,0,6,47,44,24
82079,82,86,477,349,100,14,5,3,52,17,311,292,97
48079,48,7,19,17,3,0,0,0,0,0,8,20,7
45079,45,4,18,26,3,5,0,0,0,0,4,19,9
44079,44,69,178,405,108,3,22,11,13,10,304,277,108
05079,05,42,139,129,38,0,4,0,13,2,147,122,43
74079,74,20,49,65,17,6,8,0,13,0,42,69,18
41079,41,2,20,9,5,0,0,3,0,0,10,18,0
06079,06,508,3271,2240,444,40,81,36,124,134,1633,3283,401
79079,79,168,634,925,249,21,49,16,84,28,660,648,257
84079,84,4,43,29,10,0,3,0,1,4,29,33,11
90079,90,13,41,31,6,0,6,2,3,0,27,23,4
13079,13,34,201,136,30,4,1,5,16,5,169,157,35
93079,93,107,519,925,322,21,46,19,12,59,1282,484,322
94079,94,381,1166,2821,762,47,95,37,196,106,2417,2001,765
64080,64,10,51,112,32,4,3,0,50,3,83,69,28
62080,62,73,455,251,70,16,15,8,6,13,259,189,63
80080,80,1,31,19,7,0,0,5,0,0,15,14,0
02080,02,6,73,35,9,5,3,0,0,3,19,26,13
59080,59,67,418,291,96,19,20,6,0,12,270,256,90
57080,57,2,2,10,2,4,1,4,0,0,0,8,7
21080,21,19,66,67,17,6,0,0,0,5,60,64,16
54080,54,19,137,118,26,0,6,1,0,5,100,91,30
91080,91,38,98,154,35,4,1,3,0,2,126,102,31
70080,70,8,42,29,8,0,0,0,0,2,12,22,2
31080,31,32,94,172,58,4,7,0,17,10,141,97,42
08080,08,5,12,10,0,1,0,0,0,4,1,13,5
51080,51,9,25,23,1,0,4,0,0,0,1,16,7
55080,55,0,16,10,2,0,2,0,0,5,10,8,0
39080,39,0,8,8,0,3,0,0,0,5,4,4,2
88080,88,9,36,34,9,0,0,4,8,1,19,28,7
65080,65,12,53,68,20,2,8,1,0,2,43,43,24
33080,33,117,503,741,196,26,35,12,74,33,602,472,218
24080,24,12,33,42,8,0,2,0,19,5,35,25,13
09080,09,5,20,19,3,3,0,0,0,1,22,8,3
32080,32,2,15,20,10,0,4,5,0,0,0,12,10
2B080,2B,9,43,24,6,0,3,0,0,6,16,36,2
40080,40,21,105,134,42,0,3,0,26,4,110,98,44
61080,61,7,0,11,0,4,5,2,0,0,0,11,5
17080,17,27,85,108,19,8,9,2,0,4,74,95,20
30080,30,21,108,67,19,0,3,0,10,8,75,56,20
71080,71,1,7,12,8,0,0,3,7,0,5,3,0
77080,77,9,25,28,2,0,5,0,0,5,5,17,6
01080,01,24,90,86,20,0,7,4,1,0,38,71,17
63080,63,21,116,168,45,2,13,0,6,1,141,96,48
10080,10,33,145,93,25,0,5,0,13,2,67,115,18
38080,38,15,86,102,31,0,0,0,21,1,74,62,32
28080,28,3,37,24,2,5,4,3,0,0,20,21,12
45080,45,9,38,37,13,0,2,0,3,0,31,38,12
26080,26,0,7,1,5,5,0,0,0,0,0,4,7
72080,72,56,289,286,64,1,7,0,44,7,218,403,77
79080,79,72,238,365,94,15,19,6,39,15,245,248,92
35080,35,56,135,329,76,9,2,1,7,9,186,200,93
37080,37,11,25,29,2,0,0,4,0,6,6,26,2
86080,86,10,44,57,10,0,5,5,17,0,41,34,12
03080,03,17,66,77,12,1,6,5,2,1,64,65,15
34080,34,7,62,50,10,5,3,0,17,0,57,42,20
12080,12,8,32,51,17,5,3,0,9,6,42,51,10
53080,53,0,6,16,7,0,0,1,0,0,0,15,6
43080,43,52,221,238,54,10,20,3,21,4,192,185,47
46080,46,8,60,94,30,1,9,0,1,0,71,63,24
18080,18,0,18,9,2,0,3,5,11,0,10,11,4
67080,67,65,251,207,59,13,7,4,0,7,140,218,59
07080,07,4,35,39,12,5,0,0,6,0,40,28,8
85080,85,53,155,224,42,7,7,4,0,2,112,223,42
81080,81,5,8,6,0,5,3,0,0,3,0,7,4
47080,47,7,26,19,0,0,6,4,0,1,4,17,0
69080,69,35,134,206,53,0,11,1,0,12,147,186,53
68080,68,10,47,23,5,0,3,4,5,0,24,32,3
19080,19,16,53,92,20,0,0,3,3,7,60,57,20
41080,41,45,158,130,35,1,12,0,30,7,97,135,35
66080,66,0,25,10,8,1,3,1,0,3,13,20,2
36080,36,0,7,12,7,0,1,3,0,0,2,3,7
23080,23,4,8,9,0,0,1,0,10,0,10,7,8
56080,56,31,101,143,47,0,10,2,0,0,89,125,44
29080,29,49,158,333,116,8,15,5,16,4,206,186,124
87080,87,3,22,22,2,1,3,0,10,5,18,8,3
15080,15,3,24,30,2,5,0,0,3,3,13,17,3
89080,89,22,79,64,20,4,0,0,0,1,44,63,13
74080,74,60,165,231,46,7,10,5,0,13,131,225,50
58080,58,1,18,16,5,4,5,4,0,1,22,20,9
82080,82,21,127,98,32,0,10,0,2,2,78,70,28
48080,48,62,262,298,78,14,17,1,36,13,272,290,83
44080,44,14,54,95,26,5,7,4,0,4,65,75,30
14080,14,7,9,12,6,3,0,2,7,2,8,12,0
13080,13,119,796,547,140,19,24,11,6,31,622,561,144
49080,49,216,659,973,249,43,50,19,38,19,629,850,238
06080,06,1,18,10,0,0,0,0,8,1,15,27,0
83080,83,24,148,90,20,0,8,3,0,7,72,122,13
05080,05,0,13,8,8,1,3,0,0,0,3,10,0
84080,84,264,1811,1147,260,26,60,15,139,56,1138,1131,272
90080,90,7,61,52,8,6,4,0,1,3,39,43,20
11080,11,0,37,19,7,0,5,0,0,5,10,9,6
94080,94,826,2293,5650,1536,118,184,54,209,246,4689,4025,1558
64081,64,8,13,28,9,0,0,0,16,4,26,16,6
62081,62,8,87,50,16,5,8,0,0,2,26,41,15
80081,80,0,10,14,2,4,0,5,0,0,5,8,6
65081,65,1,11,20,5,0,2,4,0,0,11,11,6
57081,57,9,18,9,2,4,2,0,0,5,4,13,4
21081,21,8,13,13,0,2,0,2,4,0,8,12,9
08081,08,122,666,370,117,25,16,9,24,10,364,358,109
54081,54,13,57,41,16,4,4,4,0,7,33,37,7
91081,91,24,49,86,20,2,0,0,6,7,79,68,19
27081,27,6,28,14,6,0,0,0,3,0,11,21,10
60081,60,12,60,42,10,2,6,4,0,6,37,36,5
70081,70,13,42,29,2,1,0,0,4,6,19,32,2
31081,31,5,0,0,0,5,0,0,0,1,0,0,6
51081,51,11,40,34,7,2,4,5,0,1,2,31,9
55081,55,6,3,7,0,0,5,3,0,4,0,8,0
50081,50,22,93,130,30,9,9,0,11,4,77,104,32
88081,88,37,194,128,30,5,8,4,3,3,109,111,28
39081,39,12,44,40,12,0,0,4,0,7,33,43,8
02081,02,9,81,40,10,7,7,4,0,7,7,37,8
59081,59,9,68,46,15,5,7,1,24,2,55,43,9
33081,33,48,169,250,70,6,21,9,22,15,200,153,67
24081,24,14,77,71,26,2,9,0,1,0,85,58,27
32081,32,8,21,13,6,2,0,4,0,1,6,15,5
2B081,2B,5,15,14,1,0,0,2,0,4,1,8,3
11081,11,36,206,148,42,7,5,6,9,8,157,114,51
61081,61,24,95,86,23,0,2,9,19,9,48,90,22
17081,17,10,42,50,9,4,0,0,0,6,21,42,16
77081,77,13,55,56,17,2,0,3,0,8,31,50,20
71081,71,61,248,230,60,7,14,10,31,9,171,196,73
01081,01,25,77,73,19,4,5,5,0,8,33,63,20
63081,63,1,29,42,8,0,0,0,2,0,34,25,10
38081,38,47,195,226,67,10,5,3,8,8,165,152,57
28081,28,11,34,29,5,2,4,3,0,5,20,33,7
45081,45,19,57,65,10,0,8,0,0,0,42,61,15
79081,79,147,539,805,220,20,58,17,38,28,570,572,234
30081,30,18,152,104,25,3,9,5,14,8,129,91,25
26081,26,11,81,64,22,0,8,5,0,8,58,50,19
35081,35,24,61,120,32,0,2,3,0,2,67,80,38
74081,74,356,1164,1480,328,41,59,21,112,74,934,1567,329
37081,37,33,115,144,45,6,5,6,0,3,84,118,36
58081,58,5,44,38,10,4,3,0,2,0,34,24,7
03081,03,12,41,47,9,3,1,4,0,0,22,38,14
86081,86,34,160,180,60,6,9,0,10,11,155,142,50
34081,34,54,323,254,68,7,7,9,0,5,254,215,75
18081,18,13,47,43,13,0,0,5,0,5,25,30,7
46081,46,0,5,13,0,0,1,0,0,1,7,9,0
42081,42,43,174,177,44,0,12,4,0,2,124,142,48
40081,40,7,31,50,22,3,7,0,0,0,34,30,15
67081,67,29,89,88,24,6,4,5,4,0,53,88,26
47081,47,16,86,68,18,0,8,0,18,0,59,72,25
85081,85,115,411,555,108,12,27,5,60,23,332,539,100
07081,07,0,14,8,0,0,6,0,6,0,9,11,1
81081,81,30,142,129,35,0,10,0,24,6,118,106,43
69081,69,284,1174,1884,470,36,39,20,90,63,1341,1637,476
04081,04,9,47,51,10,0,3,0,12,5,50,37,8
19081,19,20,48,86,22,2,4,1,4,4,59,52,13
41081,41,4,35,23,11,3,4,0,0,3,6,28,6
23081,23,13,33,44,11,0,8,5,0,0,40,31,10
66081,66,0,24,13,8,0,1,4,0,5,10,18,2
36081,36,17,39,34,12,5,9,2,0,1,11,32,8
56081,56,51,207,343,81,5,24,6,4,10,197,267,88
22081,22,85,362,604,182,3,28,12,39,9,435,386,182
29081,29,29,76,175,58,3,10,0,11,0,122,118,71
15081,15,2,9,20,4,0,1,0,8,0,5,9,8
87081,87,27,95,149,36,0,9,3,16,1,120,81,40
16081,16,6,20,23,7,3,0,3,9,0,17,11,9
10081,10,236,1205,756,155,11,25,20,49,35,529,931,149
89081,89,0,13,7,5,0,0,3,0,0,2,14,2
82081,82,4,15,18,0,0,2,1,3,6,15,14,4
48081,48,9,33,28,7,4,0,3,5,0,33,36,4
09081,09,4,24,28,6,4,6,0,3,0,33,16,4
73081,73,17,73,73,18,5,8,0,0,4,49,58,12
06081,06,8,14,17,7,0,3,3,0,2,0,21,4
44081,44,95,288,598,155,23,29,3,17,19,428,373,156
83081,83,171,1029,568,94,15,33,11,21,27,484,836,117
05081,05,6,3,7,3,5,0,0,0,0,0,3,4
84081,84,186,1199,772,178,28,24,10,71,45,769,753,188
13081,13,243,1723,1209,291,33,55,17,157,36,1353,1184,291
90081,90,22,101,84,17,0,3,4,2,10,63,64,19
68081,68,16,83,59,18,1,9,0,0,2,46,76,16
94081,94,1193,3203,7889,2186,171,232,77,382,352,6520,5645,2143
64082,64,3,9,19,6,0,2,2,0,1,9,15,8
90082,90,10,45,34,14,1,3,4,0,0,15,21,12
62082,62,4,48,24,10,3,0,0,7,5,27,14,2
80082,80,18,115,80,16,6,2,5,0,2,50,54,21
65082,65,0,0,5,3,5,2,0,0,0,0,5,0
76082,76,16,83,58,17,0,0,0,4,3,72,51,19
02082,02,0,23,12,0,0,0,5,0,5,7,7,7
57082,57,15,51,30,4,2,0,1,4,7,27,34,7
59082,59,47,257,180,47,16,7,8,2,2,180,164,55
21082,21,0,11,14,0,0,3,5,0,1,1,4,1
16082,16,24,67,75,23,9,8,5,0,6,44,55,11
78082,78,16,32,81,18,6,0,1,0,5,28,75,20
54082,54,8,30,26,7,5,6,0,0,0,4,22,2
60082,60,16,117,83,21,0,3,0,16,4,65,78,20
70082,70,3,16,11,6,0,3,0,0,6,0,17,7
31082,31,22,78,142,35,0,6,0,24,0,123,75,43
25082,25,25,119,116,30,5,8,6,0,1,76,104,33
51082,51,5,9,5,0,0,4,5,0,3,10,7,3
50082,50,166,612,730,182,27,51,10,22,20,464,635,203
55082,55,7,5,3,0,3,0,2,0,3,5,3,0
08082,08,4,2,10,5,2,3,0,0,4,0,12,0
52082,52,0,24,13,5,0,2,0,6,0,6,12,7
33082,33,26,86,127,42,3,11,5,15,3,112,86,39
24082,24,32,154,187,56,3,12,0,41,3,178,129,51
09082,09,7,53,41,24,2,0,0,0,7,63,26,24
2B082,2B,2,0,10,1,5,3,2,0,5,0,0,3
32082,32,12,29,31,9,5,6,0,0,1,20,32,17
11082,11,1,0,0,0,3,0,0,0,1,0,0,0
88082,88,22,116,80,17,0,2,0,16,0,68,74,14
17082,17,9,54,60,19,4,6,0,12,6,47,58,20
77082,77,23,84,78,22,0,8,5,0,8,64,62,21
71082,71,5,24,25,11,5,0,0,6,1,25,20,11
63082,63,13,40,60,13,3,0,3,0,0,46,27,14
01082,01,9,54,49,16,2,0,0,12,0,33,40,9
10082,10,10,31,14,2,5,0,0,9,4,12,22,0
38082,38,53,220,224,55,7,5,0,2,9,203,164,60
28082,28,15,76,64,17,0,0,3,4,1,48,65,20
49082,49,27,78,134,30,2,3,0,0,7,67,120,30
26082,26,3,8,12,0,0,1,0,14,0,13,7,0
45082,45,202,820,845,199,25,24,7,45,26,545,760,185
30082,30,89,617,394,106,18,24,6,43,33,455,371,109
40082,40,4,27,35,15,0,4,0,0,1,21,14,7
74082,74,65,217,279,64,10,17,2,12,16,185,298,60
34082,34,35,236,192,52,6,16,0,20,15,204,169,56
03082,03,160,666,717,157,21,39,14,45,12,533,547,153
37082,37,16,44,42,13,4,0,0,0,7,31,45,12
58082,58,9,38,38,9,3,7,4,0,0,19,27,6
53082,53,15,44,76,10,8,0,1,7,0,44,77,17
35082,35,32,81,184,55,0,7,0,0,9,99,110,50
46082,46,5,30,47,19,0,6,0,5,5,36,31,7
43082,43,8,4,11,6,5,0,2,0,0,0,8,8
18082,18,33,132,121,25,2,2,5,0,9,101,96,33
67082,67,45,147,125,34,5,9,4,0,9,70,136,25
47082,47,8,33,29,5,0,1,0,0,3,23,14,1
07082,07,12,35,32,9,0,0,0,0,0,30,23,7
69082,69,5,22,29,9,0,6,0,0,6,8,32,9
68082,68,277,1030,746,181,30,36,8,33,56,528,831,169
19082,19,26,98,145,33,5,12,0,14,8,127,94,39
23082,23,6,33,42,9,5,8,1,0,0,29,23,18
66082,66,13,78,53,10,0,0,1,17,0,48,43,8
36082,36,8,37,21,6,0,2,0,0,5,19,29,9
56082,56,7,22,41,17,4,0,0,0,3,24,39,14
29082,29,12,44,89,32,7,0,0,12,0,56,47,27
15082,15,15,14,52,14,8,0,5,0,2,20,34,10
14082,14,2,12,23,10,0,4,3,0,0,12,14,5
27082,27,45,279,189,61,1,16,1,32,9,166,169,42
73082,73,18,86,93,20,5,2,0,0,6,67,80,27
12082,12,3,18,25,4,0,1,4,10,0,28,23,6
82082,82,1,23,19,9,0,3,0,8,0,20,17,11
87082,87,29,90,133,39,10,9,0,0,3,111,82,40
48082,48,2,7,18,4,0,3,0,0,0,7,13,8
61082,61,3,3,14,4,4,0,0,0,0,0,10,7
81082,81,1,11,11,4,0,5,0,0,0,13,15,9
22082,22,19,68,110,39,1,6,3,19,2,79,84,37
85082,85,80,237,325,75,13,20,9,0,13,145,331,69
44082,44,108,315,681,194,20,22,3,15,23,501,450,194
06082,06,1,24,23,1,0,0,0,0,6,12,35,6
05082,05,0,19,19,3,2,2,0,8,0,16,8,0
83082,83,11,89,49,13,1,5,0,0,4,31,70,14
84082,84,39,260,155,40,6,8,0,19,8,143,169,29
13082,13,91,709,478,102,20,17,15,17,10,555,480,115
86082,86,105,411,504,150,26,29,8,36,14,408,363,128
64083,64,4,12,16,5,0,0,3,0,1,21,19,10
62083,62,170,1262,690,198,38,51,6,26,27,690,533,169
80083,80,6,19,21,5,4,1,5,0,0,0,11,2
65083,65,9,65,74,23,1,7,4,20,4,71,39,20
76083,76,1,8,8,6,2,1,5,2,0,14,6,4
02083,02,11,112,64,11,8,2,0,0,1,58,57,19
57083,57,39,167,119,31,4,6,6,0,11,90,95,26
59083,59,11,36,23,7,5,3,1,0,6,11,25,10
21083,21,2,7,18,6,0,5,0,0,3,0,20,7
14083,14,11,69,69,21,0,0,0,18,6,51,58,26
60083,60,31,156,86,20,8,6,0,0,4,72,88,25
27083,27,2,32,23,5,5,0,1,0,5,18,23,10
54083,54,9,25,23,7,6,0,0,0,0,0,14,10
70083,70,8,72,51,10,5,8,0,6,3,32,38,16
25083,25,5,20,17,3,0,6,0,10,0,21,17,0
31083,31,4,22,33,7,5,0,0,0,5,25,18,14
51083,51,4,6,11,2,0,4,0,0,0,0,10,7
50083,50,15,61,72,19,6,8,0,0,0,41,65,15
55083,55,6,21,10,0,1,5,3,5,4,5,11,1
08083,08,4,57,33,11,0,3,4,0,6,16,26,11
33083,33,22,93,127,33,2,10,4,0,7,94,72,37
24083,24,0,23,24,2,0,0,5,2,5,21,15,4
2B083,2B,1,41,26,6,0,0,0,6,2,18,37,8
32083,32,29,105,112,48,1,6,3,16,6,98,82,39
09083,09,5,2,6,0,0,0,0,0,3,0,0,0
11083,11,0,2,5,4,0,0,5,0,2,1,6,0
39083,39,2,35,23,11,0,2,0,0,0,25,19,11
88083,88,3,38,28,4,0,6,2,3,0,16,28,6
17083,17,12,61,71,13,5,6,5,0,4,52,58,17
77083,77,545,2081,2079,505,58,108,20,101,112,1809,1602,516
52083,52,28,147,64,15,12,0,0,0,10,42,89,24
63083,63,16,83,130,32,5,15,3,15,7,97,75,35
01083,01,22,118,109,29,8,1,0,0,2,65,108,23
10083,10,6,43,25,10,4,0,5,4,0,19,39,12
89083,89,55,280,184,59,8,16,1,11,12,141,198,50
38083,38,12,48,48,10,0,6,0,4,0,45,45,20
16083,16,10,32,35,15,0,5,0,6,4,32,23,16
79083,79,52,191,294,77,15,20,8,7,11,186,204,88
72083,72,12,47,33,14,6,0,0,0,0,29,56,15
45083,45,57,232,234,58,10,15,5,4,11,147,199,53
26083,26,39,162,163,46,1,10,5,8,2,132,130,39
40083,40,0,16,22,3,0,5,0,0,0,9,9,6
30083,30,49,384,245,68,11,8,6,3,18,266,216,68
34083,34,5,31,18,4,0,5,0,0,1,20,25,7
74083,74,58,214,278,53,0,14,4,28,3,191,283,60
03083,03,16,75,73,15,6,3,3,0,0,67,66,23
58083,58,36,156,152,45,4,9,0,25,2,128,120,46
37083,37,42,151,204,61,0,10,3,30,3,153,177,51
86083,86,27,99,137,32,10,8,0,18,1,107,101,38
53083,53,19,74,113,27,7,5,0,0,5,57,111,23
12083,12,43,131,174,40,1,11,0,22,11,144,144,52
46083,46,26,94,148,36,4,13,4,28,0,142,100,38
43083,43,2,16,23,8,0,5,3,0,2,0,19,5
18083,18,24,84,72,22,5,4,4,0,4,45,66,17
67083,67,28,91,82,14,8,0,0,20,8,50,89,14
42083,42,17,55,62,18,7,0,4,5,0,44,41,19
47083,47,5,0,6,6,5,5,4,0,4,0,5,0
07083,07,8,56,54,8,6,7,2,0,2,50,32,9
81083,81,11,26,31,12,0,0,3,0,5,21,20,4
68083,68,12,58,41,9,0,3,2,9,2,31,41,14
69083,69,18,83,156,31,3,5,0,0,3,115,138,40
19083,19,0,10,13,4,6,1,2,8,3,12,9,8
23083,23,9,25,24,8,5,4,5,0,2,26,20,10
66083,66,6,0,6,5,3,3,0,0,0,0,5,2
36083,36,0,18,11,4,4,2,0,0,0,6,10,9
56083,56,323,1224,1958,523,58,102,15,94,49,1200,1457,533
29083,29,3,26,42,19,3,4,0,0,3,22,25,22
22083,22,12,45,79,25,2,0,2,12,3,59,49,24
15083,15,51,193,267,47,13,11,0,25,4,161,227,56
85083,85,52,211,279,50,1,21,3,14,5,146,273,65
41083,41,20,67,51,19,1,0,0,13,0,39,50,14
44083,44,43,132,299,80,4,13,6,6,6,230,214,85
82083,82,2,18,12,0,4,4,0,0,0,6,8,7
87083,87,12,56,73,22,0,5,2,0,6,58,38,20
73083,73,12,27,33,9,5,3,0,0,1,4,33,9
48083,48,0,16,23,0,0,6,0,13,0,14,20,10
06083,06,559,3635,2504,480,53,109,68,151,133,1818,3525,497
83083,83,34,191,118,16,3,9,3,0,7,90,154,16
84083,84,57,401,260,66,0,15,5,61,8,241,237,51
90083,90,8,6,10,7,5,3,0,0,3,0,11,6
13083,13,88,579,392,90,15,25,4,0,27,419,388,93
64084,64,8,11,26,11,0,0,1,0,0,4,11,8
62084,62,10,33,23,2,2,5,4,0,1,0,18,8
80084,80,5,45,26,6,3,0,0,0,0,15,22,7
65084,65,4,21,41,19,5,0,6,12,3,34,15,14
76084,76,2,16,8,6,0,0,5,0,0,10,13,5
57084,57,5,42,27,8,0,3,3,15,1,27,24,4
59084,59,53,285,195,56,9,8,8,33,10,229,158,55
78084,78,7,43,95,18,0,7,6,0,0,47,90,15
14084,14,10,33,46,8,0,6,0,19,0,33,46,10
60084,60,10,32,13,5,3,1,0,9,0,12,15,2
54084,54,18,107,88,25,0,3,0,33,3,79,68,27
70084,70,15,94,64,9,4,1,1,11,2,40,55,10
31084,31,22,90,140,49,0,9,0,0,9,118,95,50
25084,25,29,112,116,32,9,8,6,2,6,89,105,25
50084,50,18,61,63,12,7,7,0,0,0,50,56,14
08084,08,6,22,18,1,3,0,0,5,2,11,18,1
55084,55,3,18,3,1,0,3,0,0,4,2,5,3
51084,51,3,13,11,0,0,0,0,0,3,2,13,6
52084,52,0,2,6,3,0,0,5,0,3,0,1,3
02084,02,10,39,16,0,0,0,2,9,4,16,21,1
33084,33,31,120,174,49,0,13,0,0,6,120,114,54
24084,24,6,13,14,0,0,0,4,0,0,1,8,4
09084,09,0,13,10,0,2,0,0,0,4,1,11,9
32084,32,0,6,7,1,3,3,0,0,0,1,10,2
2B084,2B,0,35,24,1,0,1,1,14,0,16,24,7
11084,11,21,130,79,31,0,0,5,0,5,85,70,24
39084,39,7,23,17,0,0,3,0,0,6,11,8,4
88084,88,19,80,58,12,0,5,4,0,0,29,52,11
17084,17,19,65,69,23,5,2,0,0,5,32,63,19
61084,61,3,23,16,5,0,2,0,4,0,13,14,0
77084,77,34,137,138,33,6,0,0,10,6,118,96,34
63084,63,34,162,246,72,0,11,8,7,5,184,149,61
01084,01,27,105,85,22,3,1,0,0,0,47,89,26
89084,89,12,38,25,8,0,0,0,0,0,17,32,4
10084,10,33,158,105,24,5,0,3,0,2,73,112,21
38084,38,32,164,196,57,3,8,5,6,5,145,127,56
16084,16,7,26,33,15,0,1,5,19,0,29,20,5
28084,28,17,74,70,12,0,0,2,18,0,53,78,22
79084,79,12,39,56,9,4,0,0,13,3,43,39,12
73084,73,22,94,101,28,0,1,0,16,8,82,92,29
71084,71,24,75,64,15,1,5,0,0,6,42,59,21
26084,26,101,497,437,115,20,20,0,30,17,376,359,106
45084,45,10,57,51,14,0,3,0,2,2,34,42,15
40084,40,13,70,101,38,0,7,0,22,6,88,64,29
72084,72,21,131,116,29,9,7,1,0,3,114,183,38
30084,30,17,84,58,12,0,4,3,0,0,69,58,13
35084,35,14,43,92,26,6,0,0,0,1,53,56,30
34084,34,35,199,152,46,5,9,5,10,3,176,137,47
58084,58,0,8,8,2,2,4,2,9,0,11,6,5
03084,03,56,217,217,57,16,13,7,4,0,181,195,48
37084,37,17,48,68,21,0,4,0,0,0,37,54,18
86084,86,6,22,37,7,3,5,0,6,3,15,17,6
53084,53,131,379,564,130,13,17,18,40,5,329,615,135
12084,12,39,132,220,44,14,9,0,9,11,166,169,50
46084,46,4,24,43,9,0,5,5,0,0,40,28,9
43084,43,41,187,199,46,9,16,6,0,9,142,161,38
67084,67,62,249,226,61,7,7,0,33,12,161,239,58
18084,18,2,28,30,1,0,2,5,0,4,20,15,11
47084,47,9,34,21,8,6,0,2,0,2,17,19,5
42084,42,7,15,15,7,6,3,5,0,0,0,15,9
07084,07,25,104,96,33,0,8,0,11,5,102,77,31
68084,68,60,216,169,43,7,6,2,20,9,120,181,34
81084,81,15,72,71,26,2,4,3,21,1,71,58,23
85084,85,238,746,1087,206,23,51,17,72,34,574,1034,203
04084,04,18,60,49,14,3,6,0,2,3,58,49,16
69084,69,28,93,158,35,2,2,2,6,3,119,123,38
19084,19,12,25,45,6,1,0,0,2,2,29,25,7
66084,66,14,187,118,31,7,5,10,16,8,138,101,32
36084,36,6,40,37,7,0,6,5,0,0,16,28,13
29084,29,9,15,49,22,2,0,2,0,1,22,32,15
22084,22,55,184,322,106,17,18,0,32,10,228,219,100
41084,41,31,127,103,35,0,11,6,0,9,76,111,26
23084,23,8,15,15,6,3,5,1,0,0,8,15,1
84084,84,33,196,117,30,0,11,4,22,3,134,140,25
13084,13,89,647,438,102,7,22,9,55,19,486,481,112
15084,15,8,27,34,6,4,0,0,13,1,21,32,5
82084,82,5,28,22,4,3,0,4,0,6,0,18,5
87084,87,5,21,26,3,2,1,2,0,0,9,20,8
56084,56,20,73,116,36,1,7,0,19,3,82,92,27
44084,44,193,604,1253,353,29,53,18,79,27,916,844,345
05084,05,18,52,61,16,0,0,0,8,0,53,43,18
83084,83,19,93,59,14,0,4,1,1,2,45,88,15
06084,06,247,1503,1066,197,21,14,10,74,74,749,1525,187
90084,90,9,52,37,14,2,0,0,1,0,27,28,11
21084,21,0,5,8,1,5,3,0,1,3,6,8,3
64085,64,0,9,27,7,1,3,2,5,0,21,11,8
62085,62,6,22,12,6,2,4,4,0,1,0,16,8
65085,65,4,8,9,0,0,0,4,12,3,14,4,0
80085,80,0,0,5,4,5,1,0,0,0,0,6,6
76085,76,7,47,41,9,3,2,0,17,0,37,30,13
57085,57,14,52,38,8,1,4,3,0,6,29,35,9
21085,21,3,11,20,3,0,1,2,12,0,15,10,0
59085,59,13,56,36,15,2,2,1,0,7,21,33,13
91085,91,139,291,501,129,8,24,6,13,16,401,317,119
14085,14,25,88,105,33,1,10,0,0,6,54,78,30
60085,60,9,28,20,6,6,0,0,0,0,16,15,9
54085,54,0,14,11,0,0,3,4,0,3,7,4,6
70085,70,19,83,49,12,2,3,4,0,2,26,43,10
31085,31,19,22,51,2,4,6,6,21,0,27,29,17
25085,25,14,36,37,8,2,0,0,1,4,33,29,13
50085,50,31,122,144,42,10,10,4,15,7,99,138,32
08085,08,6,33,23,0,0,6,5,0,0,1,21,9
55085,55,10,43,24,9,0,0,0,1,1,20,31,7
52085,52,3,4,0,0,0,0,0,0,0,6,0,1
02085,02,17,154,79,22,4,2,5,13,5,86,73,17
33085,33,51,257,359,112,11,26,2,15,10,314,249,111
32085,32,9,21,19,12,0,0,3,0,2,0,19,7
09085,09,8,42,34,17,6,0,4,0,6,43,22,10
2A085,2A,29,203,122,21,5,5,8,14,11,113,191,30
11085,11,18,151,102,40,4,2,4,18,9,115,86,35
39085,39,0,9,5,4,2,1,0,1,0,9,12,4
17085,17,11,46,48,14,4,4,0,1,0,34,45,15
88085,88,5,26,18,1,0,0,0,6,0,19,21,8
71085,71,9,22,15,11,4,4,3,0,1,0,21,7
77085,77,117,434,439,110,8,16,5,83,23,413,349,122
63085,63,22,98,145,35,3,4,2,30,10,118,92,41
10085,10,7,4,3,3,0,2,0,2,3,4,3,0
89085,89,39,154,116,23,9,9,0,0,3,93,120,21
28085,28,950,3976,3533,821,88,182,64,194,187,2496,3546,834
38085,38,201,907,1026,272,14,44,20,50,60,790,717,286
16085,16,75,299,350,87,5,13,4,39,10,286,229,83
73085,73,35,144,153,40,8,4,1,0,2,121,131,37
26085,26,56,287,267,78,13,14,3,35,18,249,216,69
45085,45,48,201,202,51,12,15,0,2,10,136,179,44
79085,79,1,14,22,7,2,0,4,0,6,11,9,7
72085,72,1,27,23,5,2,6,0,2,0,13,27,7
30085,30,21,188,108,33,7,4,0,0,8,137,100,26
35085,35,127,385,815,248,22,45,12,61,36,516,523,259
40085,40,9,43,51,25,1,0,0,19,4,37,34,17
58085,58,13,76,67,19,0,0,0,1,0,53,52,15
03085,03,22,82,74,21,0,4,6,0,0,69,64,24
34085,34,6,51,43,14,3,3,0,0,0,39,30,12
37085,37,18,80,104,35,6,9,6,0,5,71,91,27
86085,86,11,20,29,4,0,2,0,9,0,29,22,5
53085,53,3,17,20,11,3,2,0,1,0,17,22,7
12085,12,1,29,45,6,4,3,0,0,10,16,36,9
46085,46,6,16,30,8,6,3,0,0,0,14,21,3
18085,18,10,23,24,3,3,1,4,0,0,12,25,7
67085,67,32,102,93,23,0,7,5,0,1,46,93,15
43085,43,2,0,9,4,4,4,0,0,0,0,9,3
42085,42,28,119,106,32,8,1,0,0,5,76,91,32
47085,47,7,40,34,3,0,4,0,0,2,29,25,8
07085,07,10,68,62,23,7,0,6,0,3,50,49,14
81085,81,0,6,2,1,1,4,3,1,2,10,0,3
68085,68,7,44,39,8,5,6,3,9,6,22,32,3
04085,04,1,9,10,0,0,0,0,0,2,1,0,5
27085,27,35,211,135,25,6,1,3,25,9,121,129,29
69085,69,25,104,191,43,8,8,0,0,5,126,158,53
66085,66,8,63,30,13,0,7,0,0,3,37,31,5
19085,19,23,67,113,22,4,2,4,3,0,90,70,27
36085,36,8,29,23,2,4,6,0,0,1,20,24,7
56085,56,8,17,30,11,0,0,0,0,0,10,15,12
29085,29,18,65,137,47,8,8,4,0,0,70,81,55
22085,22,8,34,40,15,3,7,2,0,0,26,28,21
24085,24,9,17,15,2,0,0,0,12,1,22,13,1
01085,01,10,42,44,10,0,3,0,3,0,33,33,11
41085,41,24,124,97,32,4,3,2,0,8,63,111,28
83085,83,65,475,271,49,8,8,1,69,11,253,388,58
15085,15,10,48,75,7,2,6,0,14,0,35,53,16
82085,82,29,140,116,39,5,11,6,6,2,101,108,31
48085,48,7,12,18,5,0,5,0,0,0,12,10,1
51085,51,11,62,39,6,2,0,5,0,1,33,45,12
61085,61,1,2,5,0,0,0,0,0,0,0,8,2
74085,74,49,136,177,35,2,4,0,30,6,124,202,34
87085,87,2026,8267,12235,3536,435,681,155,895,350,10076,7090,3512
44085,44,27,61,137,34,0,4,0,2,0,98,87,42
05085,05,13,45,52,21,4,7,4,0,3,41,51,17
06085,06,393,2466,1752,330,41,66,43,167,102,1254,2558,307
84085,84,5,67,45,10,0,2,0,20,0,35,35,4
90085,90,8,5,13,4,0,1,3,0,0,0,10,7
13085,13,107,797,581,146,12,18,8,35,30,605,596,127
64086,64,22,70,130,48,3,6,3,39,0,115,88,48
62086,62,14,69,38,8,5,2,3,0,3,15,20,14
57086,57,10,36,23,5,2,0,1,11,3,23,12,16
65086,65,0,8,21,4,4,0,0,0,1,19,15,6
80086,80,26,165,104,26,6,9,3,0,1,87,76,27
76086,76,10,29,20,1,5,0,1,5,0,20,16,1
02086,02,29,185,88,21,1,3,0,20,1,94,86,23
21086,21,36,147,141,34,8,1,4,3,0,111,141,36
59086,59,57,296,220,53,6,10,2,0,7,225,183,56
91086,91,323,725,1157,298,25,53,14,49,59,990,816,316
14086,14,10,38,38,15,2,0,1,0,0,18,33,14
60086,60,50,288,195,32,2,12,0,9,14,143,163,47
54086,54,4,43,41,16,0,0,1,0,0,33,34,10
70086,70,6,16,4,1,0,0,5,0,0,0,10,2
31086,31,0,12,9,2,0,0,0,17,0,14,4,0
25086,25,8,16,16,2,4,0,0,10,3,15,16,5
51086,51,12,40,30,12,5,4,1,1,1,30,30,3
50086,50,14,42,47,16,2,6,0,0,4,0,46,17
08086,08,0,18,6,2,6,1,2,6,0,12,7,0
33086,33,12,36,48,16,0,4,0,0,0,22,34,16
24086,24,12,57,54,12,1,3,0,0,3,61,38,22
32086,32,0,7,9,4,2,0,5,0,0,7,13,1
09086,09,10,38,35,17,6,1,2,0,5,32,24,16
11086,11,15,106,73,27,6,7,5,0,0,72,56,30
2B086,2B,0,46,26,10,0,0,1,4,6,26,33,3
39086,39,10,28,19,9,5,3,0,0,0,14,17,9
88086,88,20,93,54,13,4,5,0,16,4,53,54,9
71086,71,13,54,52,15,1,3,3,3,7,40,56,20
17086,17,98,391,454,113,20,25,12,21,8,352,393,110
89086,89,162,671,474,118,22,24,11,54,39,342,472,89
10086,10,11,33,26,0,1,6,2,5,0,13,29,8
28086,28,6,48,37,13,1,3,0,0,2,14,39,8
38086,38,11,43,52,18,0,0,5,2,3,41,40,15
16086,16,24,95,95,30,7,11,5,0,4,68,76,28
79086,79,48,139,222,62,8,14,0,0,8,150,144,66
26086,26,26,92,97,20,6,0,6,7,13,70,81,23
45086,45,6,24,33,12,0,1,3,0,0,10,22,10
73086,73,19,50,58,17,4,1,0,0,7,27,50,14
30086,30,12,99,53,15,3,8,5,0,0,60,59,20
35086,35,6,30,81,20,0,3,2,0,1,52,50,25
72086,72,0,19,11,4,0,6,0,0,0,15,17,5
74086,74,20,62,90,25,5,3,4,0,3,51,96,20
58086,58,248,1113,1007,290,41,63,18,63,34,820,780,283
40086,40,11,36,47,18,0,6,3,12,0,37,41,21
03086,03,5,27,34,10,3,0,1,0,0,27,30,5
37086,37,13,40,60,12,3,0,2,0,0,46,45,9
34086,34,12,93,65,15,5,0,6,0,7,81,60,14
86086,86,30,86,117,31,2,10,0,21,6,100,81,29
46086,46,13,55,92,29,1,5,4,0,0,64,53,23
67086,67,21,62,55,15,3,0,3,0,0,17,51,13
43086,43,8,20,22,8,1,0,0,0,0,22,16,9
18086,18,12,74,63,16,0,0,0,7,8,51,57,17
47086,47,25,144,108,30,1,5,3,1,6,106,107,32
42086,42,14,78,62,11,0,0,0,20,2,53,59,12
81086,81,4,17,14,2,4,4,4,0,0,11,12,6
07086,07,26,94,88,22,7,7,4,0,1,73,70,17
68086,68,7,26,22,10,0,0,0,8,1,13,24,10
85086,85,48,160,220,47,8,9,0,2,4,114,195,43
04086,04,11,42,26,4,1,3,4,0,6,27,34,11
69086,69,45,203,323,86,10,15,5,11,14,228,273,76
41086,41,19,68,61,13,5,8,6,0,4,47,67,21
23086,23,3,21,29,11,6,0,0,16,0,21,24,8
66086,66,2,0,0,0,1,0,5,0,5,0,2,0
19086,19,9,31,47,13,2,2,0,8,0,33,31,7
36086,36,10,48,35,6,1,7,1,0,6,35,36,12
56086,56,7,30,47,10,3,5,3,0,3,6,35,10
29086,29,30,81,176,66,3,12,0,40,0,116,112,70
22086,22,9,47,85,30,8,10,0,18,1,60,60,29
63086,63,13,30,51,11,0,3,1,0,0,48,36,20
77086,77,31,133,144,36,6,4,0,15,10,118,104,39
12086,12,7,34,51,12,1,4,0,0,0,33,34,10
53086,53,21,45,72,16,3,9,0,0,7,33,83,12
15086,15,3,4,6,7,0,0,0,0,0,0,12,1
82086,82,12,36,28,7,5,0,5,0,5,10,30,4
83086,83,186,1230,672,136,25,40,8,24,42,594,962,151
61086,61,2,11,15,4,2,0,0,0,4,6,16,4
87086,87,25,86,133,38,3,3,4,0,4,113,80,36
48086,48,3,28,27,4,2,0,0,6,0,26,27,2
44086,44,26,65,141,38,2,5,0,0,7,81,95,41
05086,05,4,16,12,9,0,0,4,0,0,4,10,5
06086,06,3,43,27,10,0,0,0,12,4,28,49,2
84086,84,26,192,120,33,6,6,0,15,5,135,123,34
90086,90,4,38,19,2,4,3,4,0,6,14,27,9
13086,13,174,1229,867,205,17,30,7,77,37,941,867,211
49086,49,103,307,466,122,16,15,12,0,11,272,409,118
64087,64,13,52,102,31,3,6,3,48,7,75,70,32
62087,62,26,153,86,24,2,9,0,17,0,83,73,30
80087,80,8,35,30,5,0,1,0,0,0,23,21,5
65087,65,3,18,16,4,5,0,5,2,0,21,19,1
76087,76,12,82,68,19,2,5,0,0,3,64,45,13
02087,02,5,0,0,0,2,4,0,0,3,0,0,0
57087,57,4,40,26,8,4,5,0,0,0,22,21,3
21087,21,22,84,98,20,6,6,4,0,2,54,82,19
78087,78,39,127,265,70,0,5,2,0,7,142,245,63
14087,14,0,12,21,3,5,0,1,0,0,0,13,9
60087,60,9,47,33,12,1,0,0,5,2,31,24,13
54087,54,1,14,11,6,0,0,1,11,1,8,5,9
70087,70,6,19,10,0,4,5,3,0,5,0,19,6
59087,59,14,100,76,22,6,0,4,0,8,67,54,18
31087,31,6,26,37,17,6,0,5,0,0,34,22,17
25087,25,5,25,17,3,3,0,0,1,5,10,15,10
51087,51,11,25,19,3,4,2,2,0,5,16,21,9
50087,50,67,246,270,61,10,14,0,31,9,176,240,75
08087,08,5,16,11,6,2,1,0,0,3,0,12,4
55087,55,5,14,8,2,2,0,0,0,5,0,6,1
52087,52,9,26,17,5,0,0,0,16,2,10,13,3
33087,33,6,39,52,20,3,0,2,0,1,38,28,18
24087,24,17,70,92,19,5,4,2,16,4,76,58,17
32087,32,0,14,19,7,0,1,0,0,0,11,7,1
09087,09,3,0,12,7,0,5,5,0,1,0,9,7
11087,11,0,15,5,5,1,4,3,0,0,0,12,5
2B087,2B,28,290,200,34,7,5,7,33,13,143,281,44
61087,61,3,22,15,0,6,0,0,3,3,13,13,0
17087,17,8,13,14,4,6,0,5,5,3,10,16,3
88087,88,107,482,321,76,16,25,6,21,7,251,280,83
71087,71,0,16,21,5,0,0,1,3,1,12,20,6
01087,01,11,28,32,6,0,0,2,0,0,11,33,10
10087,10,1,9,7,1,1,0,0,0,0,0,6,5
38087,38,120,551,598,163,7,16,6,19,27,481,412,156
16087,16,8,14,17,9,0,0,1,0,0,1,16,10
89087,89,3,37,31,5,3,1,4,0,4,15,30,6
79087,79,16,42,63,13,0,6,0,17,0,48,45,11
28087,28,3,32,22,11,3,3,3,0,0,7,21,8
26087,26,40,152,142,43,0,12,0,0,9,128,130,35
45087,45,91,351,342,92,8,24,4,21,16,196,320,74
73087,73,156,576,588,139,9,23,11,29,19,505,540,161
30087,30,4,42,23,6,0,0,3,5,0,27,18,3
72087,72,7,51,58,17,0,2,3,3,5,43,77,12
74087,74,51,166,222,40,7,8,7,0,7,109,213,54
35087,35,17,46,110,29,2,4,2,15,0,66,78,32
58087,58,12,71,76,21,0,0,0,12,7,55,60,24
03087,03,18,51,66,19,3,0,0,0,3,43,54,13
37087,37,7,23,37,7,1,0,5,0,0,27,31,8
34087,34,50,377,312,93,9,13,0,19,12,339,260,74
86087,86,6,20,25,9,0,7,0,0,5,13,17,5
40087,40,4,28,32,14,0,3,0,11,6,34,23,11
67087,67,45,175,153,42,6,14,8,7,8,76,158,36
18087,18,106,470,413,97,8,21,4,8,13,362,350,114
43087,43,84,319,311,80,20,26,6,0,8,243,240,63
46087,46,13,56,87,19,4,10,1,0,4,79,55,29
42087,42,38,166,151,33,9,3,1,1,6,113,122,37
47087,47,10,18,25,3,1,0,5,0,0,13,21,0
07087,07,8,53,52,8,0,0,2,22,0,45,31,8
85087,85,8,23,22,9,0,0,4,0,1,13,27,3
81087,81,9,43,36,17,6,0,0,0,0,36,27,17
68087,68,17,66,41,7,0,1,3,9,7,37,47,8
41087,41,15,54,51,15,6,0,0,0,3,23,47,8
69087,69,58,238,399,103,8,18,6,0,23,237,328,91
04087,04,4,16,19,2,0,5,3,0,6,14,15,9
23087,23,20,56,77,29,2,3,5,0,4,67,57,24
19087,19,0,9,8,2,4,4,0,0,0,13,10,0
56087,56,23,83,117,34,0,7,2,2,4,77,90,36
36087,36,11,40,30,5,7,0,0,0,5,32,31,11
22087,22,17,54,73,18,5,8,4,0,6,46,48,29
77087,77,6,22,16,9,4,0,0,0,2,11,16,0
63087,63,5,4,7,6,4,0,4,0,3,3,9,8
53087,53,3,16,36,9,1,2,0,4,0,15,26,12
15087,15,6,33,50,5,1,0,4,0,2,17,42,12
82087,82,63,359,292,88,10,25,7,16,15,238,257,84
29087,29,12,46,83,37,6,6,3,0,0,53,56,38
06087,06,3,0,3,5,0,0,2,0,2,0,0,6
87087,87,9,38,52,12,2,1,4,25,3,43,29,12
44087,44,173,525,1038,273,16,36,10,57,19,794,685,291
05087,05,16,55,62,23,4,0,4,11,0,57,54,21
83087,83,111,697,429,69,6,24,5,40,24,356,583,93
84087,84,538,3693,2312,540,71,103,49,152,125,2225,2350,525
48087,48,6,39,31,11,0,3,5,0,6,9,43,20
90087,90,22,143,104,33,3,5,0,0,4,95,95,28
13087,13,89,654,497,124,16,14,6,7,24,522,472,125
64088,64,5,24,43,10,3,4,5,2,0,23,25,11
62088,62,3,63,34,14,0,0,0,0,5,26,26,5
80088,80,10,55,38,13,6,6,5,0,0,12,31,4
76088,76,16,62,54,17,4,1,0,13,0,53,43,14
65088,65,0,6,9,0,0,0,0,0,1,7,0,0
57088,57,7,45,33,9,0,7,1,0,2,24,28,8
02088,02,0,19,4,3,0,0,2,0,5,4,6,0
59088,59,38,250,170,48,5,12,0,20,4,194,149,57
21088,21,13,32,36,13,4,1,0,0,0,21,29,13
95088,95,21,66,93,29,5,0,0,0,3,69,60,22
14088,14,4,39,44,8,1,0,0,13,0,40,35,7
60088,60,107,649,414,108,20,18,12,51,23,368,387,94
70088,70,0,16,16,0,0,0,5,4,0,13,19,0
54088,54,5,23,28,1,0,4,0,1,0,21,15,9
31088,31,40,202,329,117,5,6,0,59,7,310,198,104
25088,25,0,14,14,4,5,0,0,0,0,1,7,2
51088,51,10,59,45,14,3,6,2,0,0,18,41,7
50088,50,5,13,19,3,4,0,0,0,1,4,17,4
08088,08,1,23,7,6,6,2,0,4,0,8,12,2
55088,55,6,26,10,2,0,1,0,0,0,4,13,6
33088,33,15,53,81,25,0,10,0,0,0,48,56,27
32088,32,12,28,32,10,0,7,3,8,0,34,28,17
24088,24,4,32,38,10,1,0,5,10,0,42,24,15
09088,09,0,0,5,0,4,4,0,0,0,0,0,0
11088,11,35,240,155,57,7,13,1,7,4,189,127,48
52088,52,27,93,61,15,1,4,3,17,0,31,59,19
39088,39,10,45,41,5,5,0,0,0,3,43,37,13
61088,61,0,0,11,5,5,5,4,0,2,0,5,0
01088,01,35,119,103,19,4,5,3,30,4,70,101,25
16088,16,27,116,142,40,4,6,6,0,9,100,97,36
89088,89,12,54,45,13,0,2,1,9,1,41,35,6
26088,26,153,703,638,196,29,40,15,51,26,579,544,177
45088,45,15,46,36,11,1,3,0,0,6,8,34,13
2B088,2B,3,31,25,0,0,0,0,5,6,15,36,1
79088,79,42,146,206,51,4,15,0,26,3,143,148,58
28088,28,304,1223,1075,245,15,39,23,115,46,755,1058,255
73088,73,6,19,30,11,1,6,4,0,0,0,27,9
30088,30,11,87,53,15,1,2,0,5,6,68,48,21
72088,72,10,30,40,11,6,2,0,0,0,20,53,7
74088,74,33,97,126,34,7,10,2,0,8,87,138,31
35088,35,67,202,451,133,17,19,10,0,10,265,272,121
58088,58,110,474,417,125,14,24,1,34,9,349,307,125
34088,34,126,816,681,184,10,30,12,40,33,708,575,186
03088,03,12,34,45,8,4,0,4,0,0,24,33,10
37088,37,7,13,17,2,2,5,5,0,0,3,7,1
86088,86,16,81,91,28,1,4,0,22,0,88,63,25
53088,53,28,76,97,23,1,2,4,0,1,57,114,25
12088,12,7,19,27,2,6,7,0,0,6,20,23,11
40088,40,383,1511,2044,755,55,97,20,314,62,1713,1400,725
67088,67,14,53,49,13,3,0,5,0,0,21,37,16
46088,46,17,67,115,30,0,2,2,19,0,101,69,29
18088,18,4,25,26,1,5,3,0,0,5,16,12,2
42088,42,17,79,73,17,2,0,0,0,6,54,53,24
47088,47,21,87,62,15,0,4,1,5,2,62,53,20
43088,43,10,42,36,12,5,5,3,0,3,16,36,13
81088,81,12,65,54,21,7,3,0,8,4,54,53,13
07088,07,8,15,10,6,2,0,4,1,0,11,9,1
68088,68,39,145,103,25,7,3,0,0,6,60,110,23
41088,41,12,31,23,5,5,0,0,0,5,17,19,1
69088,69,135,494,792,196,19,21,13,22,39,540,712,203
04088,04,123,604,513,121,12,26,0,58,26,538,450,124
23088,23,6,14,18,2,0,0,5,0,1,0,13,10
19088,19,0,5,8,6,0,0,0,3,0,9,10,0
56088,56,15,34,68,14,0,0,1,13,0,41,39,11
66088,66,99,768,471,112,3,21,9,72,19,514,452,124
36088,36,300,1337,1141,308,49,71,23,129,59,957,1065,348
22088,22,2,23,39,14,0,5,2,0,2,9,22,16
71088,71,4,28,20,5,3,0,0,7,5,24,21,8
88088,88,28,106,60,14,1,9,2,2,0,54,60,23
77088,77,65,239,244,60,4,14,3,36,5,191,187,59
63088,63,3,10,7,0,4,6,1,2,5,7,5,3
48088,48,6,17,22,8,0,0,1,0,2,23,22,1
15088,15,15,52,67,13,2,4,3,17,0,40,67,8
82088,82,16,72,62,20,0,2,1,13,5,58,46,23
85088,85,145,502,705,147,23,42,12,16,25,352,702,136
13088,13,109,689,490,108,16,20,7,32,13,547,501,108
87088,87,29,107,149,48,1,4,6,0,0,103,93,43
44088,44,64,168,376,105,10,19,4,4,11,286,264,108
06088,06,5842,38201,26154,4977,637,937,514,1528,1523,19245,37727,5146
83088,83,72,482,272,61,7,15,11,24,24,171,404,55
84088,84,264,1777,1069,249,29,40,17,16,58,1100,1106,241
90088,90,33,141,117,28,9,4,3,0,8,75,101,34
64089,64,0,13,22,0,0,6,5,1,0,14,8,2
62089,62,11,59,35,14,2,3,0,1,2,36,33,8
80089,80,10,51,32,8,0,0,0,0,5,17,24,5
65089,65,0,14,17,0,0,0,1,1,0,11,2,9
02089,02,23,205,89,24,6,11,5,0,4,88,90,18
57089,57,129,531,402,97,15,20,19,16,20,330,321,92
59089,59,29,172,122,39,6,8,2,0,5,130,94,30
21089,21,8,51,49,7,1,0,0,12,2,36,49,8
78089,78,74,224,496,120,4,10,4,12,20,252,483,126
60089,60,14,67,43,6,0,0,3,0,6,28,34,5
14089,14,11,34,53,18,6,5,0,0,1,15,39,16
70089,70,0,14,7,0,0,1,0,0,0,4,4,0
54089,54,43,189,162,51,5,13,3,6,2,155,129,41
25089,25,1,7,8,6,0,4,0,0,6,7,11,6
31089,31,15,52,88,24,0,4,0,0,7,76,50,25
51089,51,1,16,11,5,1,1,0,0,1,12,8,3
55089,55,0,12,15,0,0,3,5,0,2,0,12,8
08089,08,12,42,22,3,4,0,3,8,0,31,27,6
33089,33,8,38,53,17,6,1,0,8,5,47,29,10
32089,32,6,27,34,14,0,6,0,0,3,5,22,11
09089,09,1,4,10,6,0,3,0,0,0,1,3,1
52089,52,7,8,4,0,0,0,3,2,0,7,2,0
11089,11,11,50,29,11,0,4,3,0,0,38,29,12
61089,61,0,15,9,5,5,6,4,0,0,0,8,0
63089,63,36,144,202,52,5,9,0,48,3,167,125,55
38089,38,11,34,31,9,0,2,4,0,5,14,16,10
89089,89,9,32,19,0,1,0,0,8,1,9,13,3
26089,26,0,6,13,0,2,2,5,0,4,7,3,3
49089,49,23,83,118,35,1,11,5,0,7,78,112,31
01089,01,40,219,212,39,6,0,4,40,5,126,177,39
16089,16,93,379,430,105,13,28,7,7,22,329,274,104
28089,28,69,249,210,50,17,2,1,13,11,159,225,52
10089,10,17,100,63,13,5,2,0,0,0,45,66,8
45089,45,232,941,947,240,13,50,16,33,21,629,831,227
2A089,2A,0,35,21,1,0,5,0,4,0,17,26,3
73089,73,27,116,119,25,0,7,4,3,6,94,109,32
30089,30,29,213,139,33,0,7,0,18,10,171,138,43
72089,72,45,184,168,53,9,10,10,0,10,151,269,44
74089,74,30,106,130,29,5,4,0,6,6,81,141,25
58089,58,5,25,29,4,1,0,0,3,0,24,23,6
03089,03,5,10,16,0,2,0,0,11,0,15,12,0
37089,37,24,67,88,24,5,7,0,0,6,70,87,21
34089,34,29,155,130,40,1,9,2,2,11,138,100,40
86089,86,14,37,56,10,0,2,5,0,2,39,41,11
53089,53,13,41,67,14,2,3,0,0,0,30,75,15
12089,12,102,364,570,154,11,23,3,102,23,422,437,126
67089,67,80,301,277,72,16,10,8,23,16,177,282,72
40089,40,17,73,104,41,2,10,5,33,2,82,75,36
46089,46,21,68,123,39,0,11,0,9,9,104,79,32
18089,18,11,46,47,13,3,0,1,9,0,41,38,16
47089,47,0,23,15,0,2,0,0,18,0,13,8,4
43089,43,94,339,348,82,9,27,4,29,9,289,284,75
42089,42,16,79,73,16,5,9,2,0,7,63,66,14
81089,81,5,23,26,1,4,6,0,0,0,13,15,7
68089,68,61,215,157,30,9,12,1,0,10,92,182,40
69089,69,262,1014,1645,425,35,44,20,60,60,1174,1426,405
07089,07,32,178,178,39,6,8,6,26,8,157,123,53
23089,23,14,61,78,22,3,5,0,13,3,63,66,24
19089,19,10,13,23,9,0,4,0,13,0,17,17,6
56089,56,41,188,298,79,11,16,5,12,0,181,231,73
36089,36,7,40,38,13,4,3,5,0,4,31,32,10
66089,66,1,51,22,5,0,4,0,7,0,31,30,10
29089,29,10,59,122,42,1,5,1,7,5,81,64,42
77089,77,21,101,88,18,1,6,0,16,0,81,82,26
71089,71,7,26,25,4,3,2,0,21,6,17,19,8
17089,17,24,92,104,26,3,11,3,0,9,86,91,29
88089,88,27,83,71,13,0,8,0,0,3,48,58,20
35089,35,11,27,53,20,5,1,0,0,0,26,38,16
85089,85,145,474,662,120,13,41,4,16,26,357,651,124
41089,41,8,24,23,5,0,3,0,2,0,24,19,11
15089,15,12,44,67,16,0,4,4,9,3,41,58,16
82089,82,23,140,105,25,5,4,0,15,2,86,86,35
79089,79,4,16,16,8,5,5,0,0,5,0,21,4
48089,48,16,50,56,18,2,0,1,16,5,52,72,18
87089,87,34,127,178,54,11,10,2,0,6,130,112,55
44089,44,66,200,426,116,1,15,3,33,5,319,273,124
05089,05,0,5,8,0,5,0,0,2,4,3,0,2
83089,83,16,102,64,10,6,5,0,8,0,51,94,14
06089,06,56,334,227,53,9,14,8,0,13,186,345,42
84089,84,432,2998,1872,412,50,85,47,119,97,1810,1906,438
90089,90,30,156,113,38,1,6,0,1,6,102,101,27
13089,13,62,439,311,78,11,4,6,67,13,366,331,73
27089,27,33,137,106,23,7,7,0,0,2,82,99,28
64090,64,7,12,21,2,0,0,2,5,1,7,7,0
80090,80,1,25,18,3,0,0,0,4,0,9,19,6
65090,65,3,10,5,0,4,0,2,7,1,6,4,2
76090,76,29,147,130,41,9,12,0,0,0,118,110,36
02090,02,9,27,19,8,1,6,0,0,5,8,9,1
57090,57,0,10,9,0,0,4,4,8,4,4,6,0
59090,59,251,1514,1036,301,39,52,18,63,28,1174,901,309
27090,27,105,570,376,94,9,27,8,60,13,329,357,90
78090,78,50,119,253,62,11,3,6,6,4,154,248,61
60090,60,8,56,26,10,4,0,0,0,3,19,34,11
21090,21,1,10,7,5,0,0,1,0,0,4,13,0
14090,14,22,64,78,16,0,4,0,4,0,55,68,23
70090,70,2,13,6,0,1,3,2,0,2,0,8,6
54090,54,104,513,448,122,14,19,12,9,13,406,349,120
31090,31,9,28,41,19,6,1,5,0,0,39,28,9
51090,51,8,40,26,10,0,0,3,0,3,10,29,8
25090,25,0,6,1,2,0,0,0,11,0,0,5,4
50090,50,18,63,89,23,6,9,2,0,7,35,76,25
62090,62,3,14,5,4,6,0,0,5,5,8,3,6
33090,33,125,514,732,206,16,54,9,48,33,526,463,205
08090,08,79,427,232,74,19,21,2,0,9,210,221,66
32090,32,9,32,40,11,0,0,0,16,0,34,25,9
09090,09,5,2,1,0,2,0,2,5,3,2,6,0
24090,24,16,62,65,23,0,3,5,0,7,46,50,21
52090,52,0,18,8,6,2,1,0,0,0,9,16,2
63090,63,5,44,57,14,5,0,0,10,0,50,40,21
88090,88,116,529,340,76,13,33,12,53,16,277,305,81
10090,10,7,34,25,4,3,2,2,0,3,5,19,7
39090,39,4,24,13,5,0,0,1,3,0,16,8,5
49090,49,23,77,105,22,0,7,0,18,4,70,98,31
79090,79,25,71,93,25,0,8,0,4,7,71,59,19
38090,38,7,40,46,7,0,0,0,0,3,27,32,8
16090,16,78,332,383,103,11,12,12,41,11,309,259,96
01090,01,11,35,33,13,1,4,0,0,7,13,31,8
2A090,2A,12,128,86,13,4,4,5,26,6,67,109,20
30090,30,12,51,23,6,5,2,0,0,6,15,29,13
72090,72,51,274,266,81,7,12,4,2,5,243,385,68
74090,74,39,117,152,39,0,8,2,1,13,107,151,35
58090,58,4,31,19,12,6,0,3,0,0,9,18,9
03090,03,4,32,33,3,4,1,4,10,0,29,21,10
37090,37,1,8,11,4,5,0,4,1,0,17,20,0
35090,35,51,144,313,110,11,15,4,20,3,204,211,96
86090,86,8,19,29,5,1,0,0,0,4,20,21,3
11090,11,10,90,58,14,1,2,0,10,0,68,42,18
53090,53,1,15,24,3,2,0,2,5,0,11,22,2
67090,67,13,68,61,13,0,3,5,20,7,42,58,22
40090,40,11,46,54,14,0,7,2,4,0,44,44,20
12090,12,81,240,388,85,16,16,7,23,17,285,308,98
46090,46,6,9,27,2,0,3,1,2,3,14,20,3
47090,47,4,44,40,6,0,0,0,25,7,28,28,8
43090,43,1,23,22,1,0,5,5,0,4,6,10,8
42090,42,19,61,56,11,4,1,5,0,0,28,48,19
18090,18,12,51,45,10,7,1,4,0,5,34,42,12
68090,68,16,75,45,8,2,1,0,19,3,32,58,10
07090,07,26,127,118,28,8,9,5,0,4,104,92,37
41090,41,6,34,26,5,0,2,5,10,0,19,38,13
69090,69,15,70,120,33,7,5,0,0,7,90,98,27
81090,81,8,32,32,8,0,0,5,0,3,9,26,9
23090,23,18,44,43,12,2,4,5,0,5,23,31,17
19090,19,5,8,10,0,0,0,5,10,0,13,5,7
56090,56,157,569,907,254,26,37,5,53,16,547,652,226
36090,36,9,10,14,8,0,2,0,0,5,10,9,1
66090,66,0,8,5,3,0,2,0,0,3,4,3,5
29090,29,21,62,125,41,1,6,2,11,6,83,71,42
22090,22,17,80,159,52,9,10,6,0,2,92,108,51
77090,77,1,27,22,10,0,0,0,0,2,9,22,6
71090,71,115,454,409,105,10,29,5,2,9,314,352,106
26090,26,0,3,1,0,0,0,0,7,5,3,1,0
73090,73,12,32,39,3,0,7,0,0,4,21,27,4
44090,44,36,94,211,62,5,11,2,0,7,131,138,64
05090,05,13,33,34,4,5,3,0,0,0,23,29,8
15090,15,11,53,82,18,4,9,0,3,7,40,63,9
82090,82,25,147,108,32,0,10,0,2,3,100,94,34
34090,34,161,1146,950,268,23,36,8,59,59,1037,793,249
04090,04,8,33,26,8,0,0,4,0,1,21,25,10
48090,48,18,75,89,24,1,10,2,0,4,76,92,21
28090,28,9,12,14,7,0,6,0,0,0,4,13,3
87090,87,10,33,46,8,3,0,1,0,2,32,29,8
83090,83,335,2132,1228,247,60,54,17,64,76,1039,1749,244
84090,84,16,113,70,12,0,4,0,2,0,66,57,15
06090,06,164,1084,752,140,12,29,14,113,22,548,1099,131
13090,13,2,24,19,7,0,2,0,3,0,13,9,2
90090,90,7,62,43,10,0,1,1,0,5,39,43,9
85090,85,187,522,794,141,30,26,21,51,15,407,754,138
64091,64,13,37,56,17,3,2,5,11,0,45,38,17
62091,62,4,7,12,7,1,6,3,0,1,0,12,4
65091,65,5,2,9,0,4,0,0,0,0,0,7,6
76091,76,7,25,28,9,1,6,0,0,2,8,21,12
02091,02,4,16,11,7,0,0,0,0,0,0,6,3
57091,57,23,133,108,24,0,10,0,5,4,85,82,27
59091,59,11,85,53,19,0,2,0,7,2,54,51,15
27091,27,25,95,71,15,2,5,0,0,8,55,68,22
95091,95,111,414,642,166,16,16,12,87,38,594,463,180
21091,21,4,11,2,0,2,0,0,4,0,1,6,0
60091,60,7,60,34,8,5,0,2,11,0,26,26,6
14091,14,2,18,23,3,0,0,0,0,5,20,22,4
70091,70,0,5,9,0,1,2,0,0,2,3,0,1
54091,54,4,48,35,10,0,0,5,5,0,28,24,10
51091,51,3,13,14,4,0,4,3,4,2,5,8,3
31091,31,100,451,735,222,8,26,0,77,13,654,434,229
32091,32,10,39,38,9,0,0,1,27,5,31,27,9
09091,09,4,20,23,5,0,0,0,6,2,29,20,11
52091,52,7,22,6,0,1,3,0,0,2,0,13,4
11091,11,17,136,90,31,7,8,6,0,5,88,61,24
39091,39,3,7,13,0,2,4,0,4,0,6,8,0
61091,61,24,116,107,24,0,7,6,0,4,50,117,21
63091,63,14,71,109,30,6,1,3,0,1,87,61,21
88091,88,11,71,40,16,0,4,0,0,7,40,35,13
17091,17,53,205,215,57,3,5,3,29,4,181,207,58
10091,10,0,16,8,1,0,0,0,27,0,4,11,1
26091,26,5,12,5,0,0,0,0,0,3,1,3,0
45091,45,12,43,42,15,0,0,3,0,1,11,34,14
38091,38,22,83,78,26,0,0,4,0,1,70,64,17
89091,89,16,81,60,13,6,3,0,0,7,35,56,20
16091,16,10,23,23,2,2,0,0,0,0,22,16,4
79091,79,19,83,125,28,0,4,5,16,4,84,86,32
2A091,2A,7,46,27,2,4,8,0,0,7,3,47,6
30091,30,34,248,151,46,8,6,2,4,7,191,142,42
73091,73,8,30,31,7,5,1,2,0,5,13,24,10
72091,72,0,15,12,0,0,0,5,7,3,12,29,2
03091,03,6,51,58,10,5,1,0,4,6,41,38,8
86091,86,15,42,50,15,4,6,2,0,1,34,34,12
24091,24,28,128,140,34,9,4,0,11,2,131,111,37
67091,67,15,53,50,12,0,7,4,0,7,12,36,6
12091,12,9,42,67,8,0,0,0,6,1,46,56,15
40091,40,13,65,80,25,6,2,3,26,0,62,51,34
53091,53,13,34,58,7,7,6,3,3,0,33,60,8
46091,46,2,15,30,2,3,3,3,0,0,23,15,8
47091,47,41,251,211,61,7,11,0,26,8,179,168,51
42091,42,16,93,91,24,6,8,4,0,1,49,68,20
18091,18,11,33,22,7,0,0,1,0,6,4,27,8
68091,68,82,316,212,48,12,16,0,5,12,158,258,52
07091,07,4,34,42,14,0,3,2,0,0,31,36,15
41091,41,27,129,111,30,8,4,0,18,1,90,122,25
04091,04,7,7,9,1,0,0,0,12,0,11,7,0
23091,23,2,25,21,13,0,0,5,0,0,6,24,12
69091,69,287,1129,1804,466,40,54,37,122,58,1326,1548,452
19091,19,6,23,48,8,1,7,3,0,5,36,23,8
56091,56,60,191,277,75,9,19,1,9,3,183,215,73
29091,29,39,167,338,125,4,17,6,0,8,219,210,131
22091,22,5,41,56,21,0,8,0,0,5,26,43,24
71091,71,6,29,29,2,0,1,4,0,1,15,17,3
37091,37,71,232,311,92,0,20,6,38,4,236,259,94
74091,74,10,30,33,8,3,0,0,0,4,21,30,9
36091,36,17,93,81,17,6,7,0,0,3,62,78,15
66091,66,3,13,14,0,0,4,0,0,6,2,16,7
82091,82,3,15,19,4,4,0,0,0,6,0,16,4
15091,15,7,5,18,5,2,5,0,0,5,0,9,8
34091,34,6,7,10,1,5,0,3,0,0,9,8,2
35091,35,12,35,74,17,1,0,0,16,0,58,50,19
25091,25,10,56,45,16,0,4,5,0,7,28,39,13
77091,77,10,56,45,11,1,6,2,14,3,43,38,9
28091,28,0,21,20,4,4,0,0,0,0,16,20,8
43091,43,11,37,36,13,3,4,0,21,1,27,34,5
87091,87,11,33,41,15,3,5,0,0,5,32,32,16
48091,48,0,4,12,0,0,0,2,3,1,1,5,6
44091,44,40,108,224,62,0,6,2,0,2,154,159,62
05091,05,3,8,4,1,0,0,0,0,5,5,3,6
06091,06,48,331,211,43,10,1,0,6,21,178,330,41
83091,83,122,872,491,90,22,18,9,97,19,426,720,101
84091,84,105,774,467,109,7,17,2,77,21,501,494,105
13091,13,126,876,613,141,16,23,4,82,18,691,608,144
90091,90,15,71,57,14,0,0,0,5,6,58,56,21
64092,64,2,27,43,20,0,8,0,6,5,35,38,9
62092,62,8,62,38,9,1,1,3,0,3,30,32,13
80092,80,24,111,85,19,5,1,4,0,7,44,66,16
76092,76,14,65,60,20,6,3,2,0,7,54,44,10
65092,65,7,17,27,4,0,4,0,0,4,21,15,12
57092,57,15,80,63,10,0,4,2,23,6,57,50,15
59092,59,86,573,398,109,8,19,8,48,10,401,329,117
78092,78,156,473,1043,232,13,18,6,82,49,576,981,246
21092,21,8,21,30,10,5,0,0,0,1,11,20,9
60092,60,4,24,21,1,0,0,0,12,0,23,11,2
14092,14,41,171,200,50,2,11,0,11,13,138,166,56
54092,54,3,11,6,6,0,0,4,0,0,0,2,7
70092,70,2,22,23,5,0,4,0,11,0,17,10,0
51092,51,12,47,32,5,0,3,0,13,7,25,41,9
31092,31,0,8,22,9,4,3,3,0,0,11,11,10
50092,50,13,71,84,22,0,7,4,0,1,56,79,20
32092,32,3,13,10,5,3,0,0,0,0,13,13,1
08092,08,7,27,19,7,0,4,5,0,0,16,20,3
09092,09,4,4,8,2,3,0,4,0,1,7,6,8
52092,52,0,23,13,0,0,2,3,0,0,3,13,2
39092,39,6,28,26,8,0,5,2,0,1,1,19,0
61092,61,26,96,88,21,0,0,0,9,0,51,94,24
63092,63,44,155,230,64,10,5,5,31,11,184,137,51
88092,88,20,80,54,16,2,7,5,5,4,44,43,8
17092,17,8,19,14,5,3,0,0,0,1,13,10,4
10092,10,0,16,11,7,0,1,0,8,0,12,11,2
26092,26,14,72,61,24,3,0,1,0,4,54,59,18
49092,49,550,1698,2707,658,93,101,16,189,52,1710,2409,681
45092,45,42,166,166,34,7,10,10,12,7,100,144,42
89092,89,4,30,18,3,0,0,0,9,0,22,24,4
38092,38,6,11,19,4,0,0,0,0,5,9,10,0
28092,28,9,29,23,3,5,0,0,0,6,15,17,5
01092,01,54,201,181,36,1,5,6,0,4,112,179,44
11092,11,0,24,7,7,4,3,0,0,3,4,12,2
79092,79,11,31,41,13,2,1,0,3,0,27,29,6
2A092,2A,23,155,113,19,1,7,3,25,6,84,147,23
30092,30,47,276,171,48,0,8,5,10,12,170,143,47
73092,73,2,21,17,1,6,5,0,8,0,21,15,9
03092,03,12,65,64,11,4,1,0,28,4,52,48,19
37092,37,12,68,80,23,4,6,0,0,0,60,72,19
58092,58,16,56,42,14,3,0,0,0,4,30,39,10
34092,34,17,128,101,33,7,7,0,0,0,89,86,31
35092,35,22,49,104,29,3,3,0,6,0,82,79,31
86092,86,67,285,339,99,1,18,0,59,5,290,267,93
67092,67,20,95,73,21,3,3,0,6,2,45,83,21
40092,40,5,18,31,15,1,0,0,0,2,25,22,13
12092,12,8,42,76,24,4,0,0,18,2,61,56,21
46092,46,4,23,35,9,1,0,0,0,0,23,23,9
47092,47,14,58,47,15,2,2,0,0,2,29,37,9
18092,18,17,108,97,23,9,5,0,0,0,65,85,26
43092,43,13,46,41,12,0,7,4,0,0,22,38,4
81092,81,19,96,96,31,3,7,0,15,4,82,84,26
68092,68,18,55,42,15,0,0,0,0,1,25,53,7
85092,85,344,1148,1629,318,43,82,11,132,39,871,1585,322
07092,07,3,7,9,4,0,1,2,0,2,6,1,0
69092,69,139,571,914,211,9,28,16,52,44,633,807,226
23092,23,11,65,78,24,6,0,0,0,0,63,63,26
56092,56,24,72,109,28,0,6,3,3,0,59,86,24
22092,22,6,19,34,16,3,4,0,7,2,25,26,10
42092,42,77,314,315,71,9,8,3,22,7,257,238,80
25092,25,0,9,13,7,0,3,5,0,0,0,10,3
71092,71,8,54,58,13,2,7,0,0,0,45,43,10
04092,04,0,13,17,7,4,4,3,0,1,0,7,7
36092,36,4,34,34,11,6,0,0,0,0,12,30,9
15092,15,31,147,224,43,11,10,7,14,7,142,186,46
66092,66,1,10,8,1,1,0,3,0,0,4,9,7
82092,82,8,38,31,4,1,0,0,0,0,22,24,7
84092,84,328,2153,1291,303,43,78,26,82,65,1321,1345,311
87092,87,9,45,55,22,5,0,0,0,7,30,39,18
48092,48,98,405,434,104,19,35,3,66,24,412,465,121
44092,44,21,50,102,24,3,0,0,6,3,66,58,24
05092,05,19,81,92,25,5,3,3,24,0,90,72,21
06092,06,29,200,131,16,7,0,8,0,11,104,190,31
83092,83,91,654,358,78,12,12,12,16,22,317,510,70
13092,13,170,1135,802,189,13,34,21,10,35,864,812,210
64093,64,17,51,89,30,1,5,2,11,0,75,69,29
62093,62,3,27,21,8,1,2,0,0,0,21,9,10
80093,80,20,155,125,24,9,5,0,15,0,92,88,24
65093,65,2,26,26,11,0,2,0,6,2,22,23,3
57093,57,13,91,55,13,1,2,1,18,0,58,47,15
02093,02,29,207,103,25,7,4,0,13,8,95,90,28
21093,21,7,25,19,6,0,6,2,0,2,5,13,5
91093,91,27,60,86,25,5,5,0,0,4,53,57,26
60093,60,15,75,39,9,7,6,0,0,0,29,42,10
59093,59,1,45,26,8,0,6,0,1,6,23,19,7
54093,54,3,19,25,8,6,0,0,0,6,0,19,8
14093,14,8,21,33,3,6,0,0,3,0,19,16,6
25093,25,0,10,9,1,0,2,0,5,2,2,8,0
70093,70,26,123,65,13,5,0,5,16,6,51,57,12
51093,51,9,62,38,5,5,3,0,1,4,35,42,11
55093,55,9,44,31,5,3,0,0,3,6,29,27,2
76093,76,4,40,40,10,3,4,0,0,1,29,30,9
50093,50,15,45,53,16,0,0,2,0,0,16,49,9
33093,33,8,60,88,30,0,4,0,4,0,75,59,29
32093,32,3,7,19,5,0,0,2,1,1,12,15,5
09093,09,0,17,10,4,0,0,2,6,2,24,6,9
52093,52,71,401,223,53,10,16,5,0,12,163,233,50
39093,39,14,49,39,7,1,3,0,13,5,39,42,10
61093,61,35,152,129,29,1,13,2,0,9,78,159,26
63093,63,25,101,152,41,9,8,3,6,4,136,95,43
10093,10,5,13,12,3,0,0,0,2,0,10,14,1
89093,89,17,89,54,20,6,1,3,0,7,45,64,15
16093,16,30,145,197,43,3,3,3,30,6,152,138,40
45093,45,75,289,282,70,6,9,6,24,8,189,249,56
88093,88,1,7,5,7,1,0,2,0,5,3,10,0
38093,38,13,49,52,17,0,0,1,0,7,31,37,12
01093,01,149,573,503,107,7,20,12,28,23,329,481,119
26093,26,20,55,61,14,0,0,3,0,3,50,54,21
30093,30,6,22,17,2,0,0,1,0,2,5,12,5
2B093,2B,15,118,79,17,5,2,0,32,4,68,123,16
72093,72,27,99,88,21,0,10,1,16,0,90,132,27
03093,03,26,122,127,33,4,6,3,5,3,93,95,22
37093,37,20,57,64,24,6,0,6,0,0,53,57,19
58093,58,6,19,23,4,0,3,0,0,0,12,7,5
86093,86,7,19,13,1,1,6,1,0,6,11,14,2
67093,67,17,41,42,11,3,1,0,0,4,17,39,15
35093,35,251,764,1586,469,34,64,17,93,44,1005,1007,475
34093,34,2,29,22,7,3,1,0,0,2,16,25,7
40093,40,4,20,32,12,0,0,0,4,4,29,20,7
46093,46,4,0,9,8,5,1,3,0,5,0,9,9
47093,47,7,55,37,10,4,1,0,9,4,37,32,8
42093,42,45,177,147,33,0,7,0,0,2,134,131,47
18093,18,3,21,17,8,0,6,0,0,3,0,13,7
68093,68,56,227,158,33,5,11,7,42,7,115,177,34
81093,81,23,80,92,28,5,0,5,5,0,78,69,21
85093,85,35,116,152,35,7,3,2,0,4,78,148,34
41093,41,12,33,26,13,0,2,0,0,4,20,37,7
43093,43,7,43,44,5,2,4,2,8,3,37,33,11
07093,07,14,38,36,12,3,6,5,0,8,20,24,2
04093,04,0,3,0,6,0,2,0,0,5,0,5,6
23093,23,34,134,171,63,13,22,7,0,5,139,135,54
69093,69,24,89,138,33,0,1,5,0,2,97,121,29
19093,19,19,81,121,32,1,2,6,17,6,102,75,28
56093,56,18,59,86,26,1,4,0,7,0,53,76,19
29093,29,23,82,166,60,7,5,0,0,4,117,101,68
77093,77,8,38,44,15,0,0,1,4,6,35,35,11
71093,71,25,92,80,27,0,6,0,0,0,51,75,23
53093,53,11,21,43,11,6,7,0,0,0,0,45,5
06093,06,4,42,38,5,1,0,0,0,6,24,50,4
22093,22,304,1249,2133,680,51,125,21,138,53,1515,1384,665
15093,15,1,4,9,5,0,0,0,9,0,6,10,0
66093,66,50,369,221,63,14,5,0,10,13,269,196,58
82093,82,7,77,56,15,0,7,3,10,2,47,41,10
31093,31,21,68,111,29,2,6,1,4,5,99,63,32
17093,17,124,491,531,127,17,29,5,18,15,447,469,135
11093,11,5,0,6,5,0,3,0,0,0,0,2,0
12093,12,8,10,19,2,6,0,0,13,0,20,18,3
36093,36,87,347,293,100,27,20,0,22,16,226,294,90
87093,87,4,25,38,13,0,7,0,0,0,25,27,11
05093,05,7,53,49,8,0,6,3,11,1,51,50,9
83093,83,42,285,178,36,2,9,0,0,18,132,257,40
84093,84,20,132,89,13,1,9,0,5,1,86,83,16
13093,13,9,46,30,4,0,1,0,17,4,31,26,3
90093,90,30,120,89,27,6,7,4,0,10,85,80,23
64094,64,36,133,239,77,5,13,4,42,2,166,162,77
62094,62,8,67,37,5,5,4,0,16,4,34,23,8
80094,80,13,74,52,5,0,3,0,9,0,41,35,5
76094,76,3,31,36,11,4,7,0,0,2,16,27,13
65094,65,1,18,19,9,0,0,5,6,5,14,8,4
02094,02,12,79,44,7,5,0,0,5,0,31,38,15
27094,27,2,15,10,7,0,1,1,3,6,15,8,8
95094,95,6,21,28,14,6,0,0,0,4,26,21,11
21094,21,7,40,38,15,3,1,0,0,7,31,45,16
59094,59,142,869,607,177,29,38,7,34,37,606,501,186
60094,60,3,53,29,10,6,0,0,0,2,20,31,7
54094,54,1,27,23,10,0,4,0,5,2,25,13,1
25094,25,0,16,9,0,0,0,3,4,0,10,13,7
70094,70,9,52,25,3,3,2,0,0,4,23,20,11
51094,51,4,21,18,7,4,1,0,0,4,12,22,2
31094,31,52,238,379,116,7,13,0,28,15,321,222,106
55094,55,18,77,54,15,4,0,4,0,4,24,40,14
50094,50,7,46,49,14,7,2,4,0,3,18,50,14
33094,33,8,15,31,12,0,5,0,0,0,11,16,6
32094,32,11,42,60,16,2,5,0,21,1,41,36,13
08094,08,3,9,8,0,0,0,0,0,3,6,1,0
24094,24,7,42,54,16,6,2,5,0,0,43,36,16
39094,39,1,25,13,5,0,6,0,0,2,17,16,4
63094,63,12,39,64,14,0,2,1,23,0,62,48,13
77094,77,9,29,29,8,0,1,3,0,6,8,14,7
28094,28,47,181,152,42,7,4,1,11,10,110,162,46
89094,89,24,85,52,18,0,4,0,2,8,43,59,17
10094,10,19,91,50,13,4,0,0,2,6,46,74,9
01094,01,18,101,81,20,7,5,2,9,3,53,75,15
45094,45,6,34,29,8,0,6,3,0,0,11,27,5
88094,88,44,190,125,30,6,10,0,14,11,113,131,30
17094,17,190,720,813,210,17,29,6,103,31,649,731,192
38094,38,47,193,228,64,3,4,3,15,13,168,137,52
26094,26,24,87,85,28,4,0,3,14,2,73,70,21
11094,11,3,0,2,0,5,5,0,0,0,0,0,2
79094,79,21,74,111,30,7,2,1,15,3,79,85,30
30094,30,9,29,20,4,0,0,4,0,4,13,13,0
2A094,2A,4,18,17,0,1,0,0,14,0,8,19,5
72094,72,7,65,53,15,2,4,0,1,0,58,80,22
74094,74,188,579,710,164,22,24,9,62,32,445,777,163
73094,73,19,53,56,18,0,5,0,0,6,34,49,20
03094,03,94,393,446,92,1,21,9,47,20,362,342,107
37094,37,18,55,73,25,3,5,0,1,0,58,61,14
09094,09,1,13,17,4,1,0,0,0,5,25,15,8
58094,58,15,53,52,11,1,4,3,16,2,35,33,10
67094,67,12,30,25,6,4,0,0,15,0,20,24,8
86094,86,15,54,67,20,4,6,0,0,0,34,49,12
35094,35,24,100,209,66,5,6,2,18,2,145,140,60
53094,53,58,179,282,61,18,15,6,11,3,145,288,53
12094,12,23,81,120,29,5,8,4,29,0,92,110,26
40094,40,14,68,85,28,5,4,4,27,7,71,63,37
34094,34,21,144,105,30,5,4,2,11,1,133,87,27
46094,46,10,26,40,15,4,0,3,0,3,15,31,14
47094,47,19,65,56,12,5,3,0,21,6,48,48,10
43094,43,0,16,16,0,0,0,0,0,3,4,4,8
42094,42,184,823,777,203,17,53,15,0,28,568,633,196
18094,18,12,35,29,5,0,5,0,13,4,27,25,14
68094,68,31,104,70,11,8,3,0,4,1,58,88,11
85094,85,36,117,148,28,4,6,0,32,2,82,148,32
81094,81,0,14,11,6,0,0,2,6,0,6,8,0
41094,41,34,160,122,37,0,4,4,13,5,92,122,33
07094,07,8,23,13,7,2,0,0,6,0,13,19,3
04094,04,72,370,308,75,13,12,7,53,15,330,283,74
69094,69,108,425,688,180,20,14,8,27,20,521,621,191
19094,19,35,90,153,35,1,19,1,9,9,125,100,36
29094,29,20,43,95,44,6,2,5,8,7,61,55,40
56094,56,149,547,860,206,30,41,9,107,26,509,659,229
61094,61,19,63,71,16,0,4,3,4,7,37,74,17
71094,71,3,21,16,2,2,3,0,1,0,10,20,9
22094,22,41,155,267,81,7,9,2,4,13,176,171,77
15094,15,15,76,92,14,0,5,1,15,7,61,82,26
66094,66,49,430,241,68,9,18,0,14,10,297,258,75
82094,82,29,172,137,41,9,8,3,2,10,123,105,35
83094,83,77,511,308,70,3,14,7,43,13,261,438,46
36094,36,18,51,43,12,2,1,3,1,4,49,45,17
48094,48,22,113,102,28,1,1,11,21,2,109,125,32
44094,44,77,224,447,123,11,16,2,46,17,315,292,116
87094,87,7,45,57,19,5,3,4,0,0,35,33,22
05094,05,1,0,0,0,4,0,0,0,4,0,0,2
84094,84,10,94,53,10,1,0,5,23,0,65,53,10
06094,06,16,154,91,20,0,11,6,0,5,64,144,11
13094,13,44,306,197,54,3,5,4,16,7,244,207,50
90094,90,15,57,50,14,0,0,0,0,8,31,46,14
52094,52,3,36,14,5,0,6,0,4,0,21,19,8
64095,64,10,34,78,23,0,10,2,0,5,56,57,27
62095,62,9,32,26,1,0,0,0,14,0,21,11,6
80095,80,3,27,18,6,5,0,0,5,1,23,15,4
76095,76,173,951,788,226,38,46,20,53,28,787,647,217
02095,02,114,784,402,94,24,17,1,43,20,354,347,94
65095,65,1,27,37,6,6,5,0,9,0,38,20,10
27095,27,18,92,59,10,0,1,2,2,5,45,49,20
57095,57,22,75,57,20,1,5,0,0,6,43,41,21
91095,91,78,162,259,63,8,9,1,33,13,237,188,63
60095,60,14,48,34,9,7,3,0,0,1,30,31,6
21095,21,3,2,2,6,0,0,0,0,5,2,3,7
54095,54,0,0,4,0,5,3,3,0,5,0,4,0
25095,25,11,36,32,8,1,4,0,0,0,9,35,10
70095,70,20,85,55,19,1,1,4,0,1,30,49,15
31095,31,4,9,23,7,0,0,0,0,5,13,7,9
50095,50,46,154,197,52,9,10,3,18,6,146,163,49
33095,33,31,124,152,47,7,13,2,2,0,130,120,46
32095,32,18,66,63,29,4,3,2,0,6,44,61,28
09095,09,1,18,15,10,0,1,0,6,6,17,9,4
55095,55,8,24,16,3,0,5,4,0,4,0,16,2
08095,08,3,26,16,6,0,6,0,0,1,7,16,7
24095,24,9,42,52,16,4,0,2,11,0,43,35,11
52095,52,10,38,20,1,4,0,0,9,0,12,16,0
39095,39,7,26,19,0,1,2,0,0,0,10,13,7
63095,63,7,22,23,9,0,6,0,0,0,15,12,6
77095,77,34,137,140,38,0,6,6,0,7,84,101,44
17095,17,9,19,33,11,0,0,0,0,6,25,19,5
38095,38,65,289,333,80,3,3,0,49,13,256,225,75
28095,28,7,30,30,8,2,3,0,0,6,17,33,12
89095,89,6,23,22,1,0,0,0,0,0,8,23,6
16095,16,0,18,23,2,0,0,3,0,1,6,14,9
45095,45,60,210,221,53,10,10,0,0,4,119,201,57
88095,88,42,189,136,28,2,15,0,30,10,113,123,35
79095,79,8,47,70,22,5,0,1,0,5,31,46,19
26095,26,27,114,101,24,2,10,0,0,2,83,78,29
11095,11,11,48,33,14,1,7,4,0,0,26,28,7
30095,30,19,87,61,18,0,2,3,0,8,44,57,13
2B095,2B,8,43,34,7,3,6,0,0,0,13,37,3
72095,72,143,663,636,188,26,39,4,91,18,530,922,160
74095,74,13,33,37,4,0,0,4,0,2,13,39,5
03095,03,255,1188,1235,294,50,55,18,101,34,1009,979,293
37095,37,11,24,41,9,0,5,5,2,0,26,38,7
58095,58,117,565,533,143,8,33,1,99,15,416,400,133
67095,67,56,209,198,35,7,3,1,16,6,126,194,43
86095,86,68,270,352,101,18,30,9,36,18,286,252,102
35095,35,108,375,762,242,21,30,12,28,25,486,531,232
12095,12,2,18,29,5,0,6,0,23,0,18,19,3
46095,46,13,64,128,29,1,9,4,0,8,102,82,38
40095,40,17,56,77,30,1,9,0,0,5,56,57,26
34095,34,121,928,734,198,19,29,12,83,30,832,657,200
47095,47,19,108,93,24,5,1,0,0,8,70,84,26
42095,42,367,1589,1543,394,50,90,25,160,58,1193,1260,396
43095,43,1,15,23,9,4,6,0,0,0,5,13,5
18095,18,5,15,14,0,0,0,0,19,2,17,19,2
68095,68,46,184,138,27,4,13,0,0,13,90,135,26
81095,81,4,8,8,5,5,0,1,0,0,6,12,6
85095,85,43,145,214,29,2,12,7,25,0,110,203,32
41095,41,27,131,100,28,8,5,3,0,0,83,108,32
07095,07,14,59,58,16,5,7,3,0,5,42,41,13
69095,69,12,62,108,30,6,7,0,0,6,62,82,24
29095,29,31,95,195,69,8,8,4,0,9,120,109,63
04095,04,0,17,13,8,1,0,0,6,6,12,16,3
61095,61,19,64,62,17,1,0,0,0,0,25,70,8
71095,71,10,49,47,15,0,4,5,3,1,35,46,11
73095,73,6,40,49,14,2,2,0,0,3,31,34,12
44095,44,23,77,165,44,1,9,0,24,2,130,125,41
19095,19,6,10,17,5,0,6,5,0,5,0,16,6
22095,22,9,14,26,6,0,6,0,0,1,23,12,10
15095,15,8,27,51,5,0,1,0,20,2,23,43,7
66095,66,4,71,35,16,5,8,2,0,4,48,39,7
82095,82,6,23,19,9,0,0,0,12,6,16,22,2
51095,51,7,6,3,7,0,3,0,0,0,0,13,3
10095,10,13,56,35,6,0,0,3,7,3,18,37,3
23095,23,23,107,117,49,4,15,0,23,9,123,96,43
05095,05,13,25,34,11,4,4,5,0,2,27,22,10
36095,36,2,13,13,0,5,5,0,0,4,7,11,3
48095,48,214,913,1080,289,33,66,9,190,51,961,1103,278
87095,87,14,75,109,35,8,10,0,9,0,82,56,27
01095,01,26,72,82,24,2,2,8,6,1,38,74,20
06095,06,186,1162,801,151,18,5,18,67,37,541,1168,162
83095,83,22,121,73,13,6,0,0,8,3,69,99,12
84095,84,23,150,83,16,5,0,1,0,8,82,91,16
13095,13,28,180,117,31,0,6,2,0,3,128,116,33
90095,90,10,71,43,17,6,0,3,0,5,43,37,11
64096,64,0,13,23,8,0,3,2,11,0,18,24,3
62096,62,7,93,47,10,0,5,2,8,0,47,35,16
76096,76,9,79,66,19,2,3,3,8,4,69,46,21
02096,02,5,18,20,4,6,3,0,0,5,0,19,6
65096,65,0,6,8,0,0,5,0,18,0,5,1,0
57096,57,65,292,230,57,8,14,5,16,11,196,194,60
78096,78,16,37,69,16,3,6,0,4,1,45,73,14
59096,59,32,227,152,47,9,8,2,15,12,168,134,52
21096,21,0,19,10,0,4,0,4,7,4,9,8,0
70096,70,15,95,73,21,0,2,6,5,3,53,56,16
25096,25,8,16,11,2,1,0,0,0,6,0,20,6
54096,54,5,34,37,15,0,2,1,5,6,33,23,9
14096,14,3,27,25,10,4,5,1,0,2,11,22,5
80096,80,27,128,109,25,8,0,3,0,3,84,71,21
31096,31,6,18,27,5,2,6,0,0,6,10,16,3
50096,50,1,24,26,3,1,0,0,0,0,20,26,10
33096,33,155,625,916,267,17,61,13,112,27,774,612,273
32096,32,30,151,177,62,1,8,6,51,3,149,135,58
55096,55,3,19,12,4,3,5,0,0,0,0,10,5
08096,08,12,103,53,16,7,6,1,0,6,63,59,15
24096,24,13,74,81,29,1,8,0,16,0,81,56,27
39096,39,15,38,36,9,6,0,0,11,1,39,32,11
77096,77,86,295,302,75,11,10,0,10,12,255,230,72
63096,63,5,30,57,20,0,2,2,0,0,40,27,20
17096,17,6,4,14,3,0,0,3,0,0,0,8,0
01096,01,25,110,93,21,0,1,4,17,7,71,84,18
89096,89,22,119,74,21,7,3,3,19,0,71,73,16
10096,10,17,58,41,15,7,5,2,1,5,31,50,6
16096,16,6,38,45,15,0,0,0,0,0,34,36,16
09096,09,0,4,9,0,2,0,0,2,5,7,4,8
88096,88,5,15,17,0,2,4,0,0,0,6,16,0
26096,26,45,223,217,52,5,13,0,38,4,200,183,51
79096,79,31,107,153,34,2,11,0,35,2,112,101,41
11096,11,7,19,15,3,0,0,1,0,0,3,4,1
30096,30,14,106,75,16,5,1,0,4,9,89,62,18
2B096,2B,42,638,442,81,10,23,16,125,19,311,617,89
72096,72,31,132,142,30,0,7,0,22,2,117,196,33
73096,73,23,112,127,31,0,6,4,1,1,100,101,35
74096,74,137,365,501,117,4,28,1,18,31,329,496,102
03096,03,3,15,17,0,0,4,1,0,1,5,6,1
58096,58,15,57,56,18,6,8,3,0,7,19,39,10
37096,37,15,53,67,19,5,5,0,4,1,48,55,20
67096,67,17,43,40,13,0,0,1,3,0,25,47,6
35096,35,51,136,286,81,5,16,1,6,14,178,191,87
86096,86,19,53,76,19,8,0,0,0,3,55,46,26
53096,53,152,456,682,160,17,46,11,22,18,367,694,139
12096,12,94,336,544,134,15,29,4,126,20,429,440,147
46096,46,0,6,20,10,1,3,1,0,0,12,8,7
40096,40,4,8,9,9,3,0,5,0,0,3,8,2
34096,34,14,70,46,18,0,4,0,0,6,41,46,18
47096,47,10,26,17,6,0,5,0,0,6,8,18,7
43096,43,21,99,92,24,0,10,2,22,0,67,79,17
42096,42,20,71,71,21,4,3,0,3,6,59,62,14
18096,18,57,217,198,52,4,17,4,11,5,184,175,44
68096,68,10,41,28,8,2,5,0,6,3,21,36,4
07096,07,12,44,36,11,0,0,0,6,4,41,35,17
69096,69,150,542,905,225,18,33,19,24,44,628,777,238
23096,23,249,1002,1152,404,44,110,18,75,30,1078,917,417
04096,04,28,144,119,31,3,8,6,0,5,119,93,22
71096,71,4,25,21,4,0,1,0,0,0,13,22,11
28096,28,39,140,112,29,4,8,1,23,9,89,114,25
85096,85,154,505,698,128,24,44,22,40,14,355,683,132
87096,87,17,83,119,39,0,11,0,2,1,100,61,38
82096,82,44,266,209,57,12,8,2,46,11,186,181,51
19096,19,8,37,54,14,3,2,2,19,0,51,33,17
56096,56,56,191,314,88,10,19,1,17,10,200,248,88
22096,22,10,36,65,21,3,1,4,0,0,30,42,22
15096,15,9,29,36,5,1,0,3,15,0,22,29,5
66096,66,16,157,101,23,3,9,2,0,5,104,79,28
81096,81,12,39,53,19,3,0,0,0,2,47,31,14
41096,41,14,33,34,8,0,1,0,3,0,26,34,11
27096,27,12,53,34,5,0,7,4,3,0,35,32,5
45096,45,11,56,51,10,0,5,0,14,0,45,42,11
36096,36,9,22,21,6,6,6,0,0,0,10,27,10
48096,48,18,74,87,19,0,2,0,9,0,70,88,23
44096,44,90,305,597,168,17,30,4,49,12,486,421,193
05096,05,22,88,94,21,0,7,4,0,3,82,81,23
06096,06,8,11,14,4,0,0,3,0,0,0,19,2
83096,83,29,192,110,27,5,6,0,27,6,96,168,17
84096,84,22,98,59,11,3,4,0,9,0,69,70,18
61096,61,69,295,275,68,1,23,11,13,14,180,324,59
13096,13,70,442,335,76,8,1,7,24,16,357,344,84
90096,90,5,42,25,9,0,4,0,12,2,26,23,12
64097,64,7,34,71,28,6,7,0,7,4,59,58,28
62097,62,27,170,88,21,5,1,0,27,6,90,65,19
76097,76,8,16,14,0,2,0,2,0,0,1,14,1
02097,02,2,53,20,1,0,0,3,0,3,26,21,6
65097,65,3,12,29,3,4,1,3,0,3,13,18,10
27097,27,20,93,63,14,0,3,5,2,3,57,59,10
57097,57,141,735,523,140,28,44,11,47,30,427,449,126
59097,59,7,52,34,14,0,4,0,0,0,36,25,7
21097,21,0,3,5,6,4,4,0,0,0,0,0,0
91097,91,224,480,823,199,3,27,3,57,32,652,543,194
60097,60,12,41,27,5,2,2,0,0,0,19,16,6
14097,14,13,26,36,13,1,7,0,0,5,21,34,8
70097,70,5,40,22,2,3,0,0,23,1,16,19,9
25097,25,9,49,49,11,5,8,0,2,2,34,46,11
54097,54,0,16,10,6,0,3,0,5,0,17,14,0
51097,51,0,23,18,3,0,5,3,0,3,18,16,7
80097,80,7,21,9,3,6,0,0,0,5,9,6,1
50097,50,0,14,14,0,4,0,3,2,0,15,10,9
33097,33,60,265,363,101,12,21,3,17,11,272,258,105
32097,32,1,14,17,1,0,0,0,16,1,7,10,0
55097,55,14,48,27,3,4,0,1,5,0,22,35,9
08097,08,16,62,44,5,0,7,0,0,0,38,37,9
52097,52,0,0,3,4,2,5,3,0,0,0,1,0
24097,24,3,30,42,6,3,7,0,0,6,33,29,15
39097,39,193,857,756,195,21,42,7,76,38,737,693,180
77097,77,10,38,31,6,0,0,2,0,3,22,31,7
63097,63,0,10,20,0,0,3,5,0,0,9,4,4
88097,88,0,8,6,1,0,0,2,1,1,0,2,0
38097,38,97,441,468,118,24,15,2,28,20,375,325,129
16097,16,51,240,275,90,0,14,13,54,12,231,200,66
10097,10,11,29,13,5,4,1,0,0,0,9,22,2
45097,45,39,138,132,34,0,2,4,0,5,79,115,34
09097,09,0,5,6,5,4,0,0,6,0,12,10,3
26097,26,11,71,78,23,0,7,0,0,0,69,66,25
2B097,2B,1,7,9,4,3,0,4,0,4,0,6,0
30097,30,4,50,38,11,0,4,0,16,0,34,26,6
73097,73,24,76,77,27,5,2,5,0,2,67,74,26
74097,74,50,180,225,49,3,19,1,18,10,152,241,48
03097,03,10,31,41,4,0,6,0,2,3,36,28,11
58097,58,0,14,9,0,5,0,0,0,0,9,12,0
67097,67,42,168,153,29,10,10,2,0,9,72,145,41
37097,37,20,57,81,19,0,2,2,23,8,58,68,27
35097,35,33,119,254,83,6,10,1,7,8,167,161,70
12097,12,4,22,39,7,1,2,4,7,0,21,25,12
46097,46,2,5,17,5,2,2,0,0,0,9,7,7
40097,40,12,51,52,27,4,1,0,0,5,47,37,25
53097,53,236,715,1092,245,40,68,13,45,17,636,1114,239
47097,47,23,106,82,24,2,1,0,19,2,85,69,28
43097,43,10,10,24,1,6,2,3,0,0,0,17,9
81097,81,41,161,151,51,5,4,1,28,5,161,126,48
68097,68,56,195,133,36,5,7,0,31,14,95,153,37
18097,18,62,247,229,51,2,8,0,20,1,194,180,61
34097,34,14,69,46,14,0,0,0,0,0,50,50,16
41097,41,58,260,200,56,6,9,0,19,6,157,217,51
07097,07,21,74,63,20,0,5,2,15,1,73,59,14
23097,23,6,31,33,14,0,3,3,0,1,23,20,15
61097,61,22,67,65,22,5,3,1,1,6,38,71,19
71097,71,19,57,57,18,0,1,4,0,2,32,50,16
86097,86,9,37,48,9,1,6,0,0,5,39,29,11
42097,42,114,545,490,123,9,23,12,30,18,387,387,118
85097,85,96,261,389,73,7,17,10,4,11,214,358,74
04097,04,14,47,32,14,2,4,1,0,4,45,33,7
22097,22,13,54,93,27,0,2,1,0,5,60,52,31
19097,19,7,16,21,1,2,0,2,0,3,7,14,7
29097,29,35,140,281,95,8,14,0,22,2,185,172,98
56097,56,88,302,507,132,10,17,6,35,8,308,378,127
15097,15,0,12,17,6,3,3,4,0,2,0,11,7
82097,82,26,167,120,38,4,8,0,12,5,109,117,39
31097,31,2,34,43,20,6,2,1,0,5,44,32,15
17097,17,26,96,108,25,5,3,0,12,0,78,99,20
69097,69,17,59,112,27,1,3,3,14,3,73,86,23
66097,66,5,22,14,9,0,0,2,0,1,8,7,7
36097,36,4,38,35,15,0,0,0,12,5,28,29,13
44097,44,63,168,391,104,6,10,5,0,11,305,257,112
48097,48,4,21,27,4,0,7,4,8,5,29,35,3
05097,05,6,45,35,8,5,7,0,0,5,35,37,16
06097,06,10,51,34,9,0,6,0,8,0,24,58,7
83097,83,125,832,508,98,16,20,13,3,28,414,703,91
84097,84,18,112,70,17,5,0,4,0,7,55,65,10
13097,13,240,1705,1243,311,27,48,17,118,42,1415,1278,292
90097,90,35,174,127,38,3,3,0,25,8,113,110,31
87097,87,13,93,142,40,4,5,6,0,5,100,89,42
64098,64,0,7,11,0,5,0,3,0,4,3,9,1
80098,80,0,14,14,2,0,0,2,2,2,5,14,0
02098,02,13,63,38,6,0,7,0,0,2,19,36,10
27098,27,1,12,11,0,0,0,0,11,0,7,7,0
57098,57,3,37,32,7,2,0,2,0,3,30,30,5
59098,59,121,701,489,132,17,15,8,22,17,510,394,146
91098,91,16,32,58,11,3,7,0,0,0,32,37,16
60098,60,5,34,17,0,4,4,0,6,0,11,14,0
21098,21,6,21,20,9,0,0,3,0,0,1,13,2
65098,65,5,37,43,8,0,0,0,14,0,31,30,11
70098,70,2,29,19,10,1,6,4,0,5,17,22,0
54098,54,8,16,23,8,6,2,0,0,0,0,19,3
25098,25,8,17,24,4,4,3,0,0,6,16,18,1
51098,51,1,14,20,0,0,4,5,0,0,8,22,0
31098,31,21,76,128,49,5,5,0,6,3,119,84,44
50098,50,17,58,57,17,2,3,0,12,2,39,54,11
33098,33,8,50,62,17,5,0,5,1,0,61,36,23
32098,32,10,29,28,12,5,1,0,0,0,21,19,14
24098,24,69,323,343,95,13,15,8,55,6,314,249,98
08098,08,0,6,4,6,0,3,0,1,5,8,3,0
71098,71,6,31,30,5,5,5,4,0,4,0,27,11
63098,63,6,24,34,8,5,1,0,11,3,37,18,12
88098,88,21,110,81,16,7,2,0,33,1,68,68,18
01098,01,28,125,118,24,8,10,1,0,4,65,103,29
17098,17,23,76,91,21,5,10,0,0,4,65,65,20
89098,89,11,30,18,4,0,2,0,0,5,8,20,2
28098,28,52,182,157,40,9,6,3,39,6,113,173,40
10098,10,5,52,33,3,5,1,0,0,0,20,34,7
77098,77,12,34,40,15,5,0,3,0,0,23,31,14
38098,38,25,78,96,21,7,0,5,0,8,78,56,21
45098,45,90,393,404,98,19,16,2,48,11,277,350,101
26098,26,8,29,15,2,0,2,3,4,5,19,12,4
11098,11,20,105,73,21,7,7,4,0,4,82,63,24
09098,09,3,15,9,1,0,5,2,0,5,0,8,5
2A098,2A,10,146,95,22,6,8,6,0,6,65,119,21
72098,72,6,58,56,8,2,1,1,7,0,47,71,9
30098,30,7,52,39,10,3,6,0,0,7,44,34,6
74098,74,48,133,160,38,2,10,3,0,10,108,182,42
67098,67,43,189,159,41,7,13,1,22,9,111,161,34
58098,58,0,10,14,1,2,0,0,16,5,7,12,0
37098,37,18,80,94,22,6,1,0,0,6,83,74,27
03098,03,94,472,480,114,21,24,4,76,26,417,408,106
12098,12,17,49,74,21,1,0,0,23,3,68,64,15
40098,40,10,36,47,12,1,0,0,1,1,41,35,21
46098,46,7,30,41,7,5,2,0,18,3,32,22,13
34098,34,5,25,20,4,0,0,5,0,5,5,19,8
47098,47,9,47,34,5,2,6,0,0,4,33,29,10
86098,86,2,13,16,3,3,4,0,0,1,4,16,6
53098,53,9,31,50,14,0,7,0,0,6,20,51,10
42098,42,13,76,72,24,0,8,0,0,4,50,61,19
43098,43,10,22,21,2,2,6,1,0,1,3,8,4
68098,68,26,90,74,9,3,6,0,9,0,44,71,15
81098,81,13,76,80,28,4,0,3,14,3,66,62,28
18098,18,3,21,9,1,0,0,0,0,5,12,16,7
41098,41,5,25,22,8,1,0,0,2,0,12,25,0
07098,07,6,13,6,5,0,3,2,0,6,5,6,3
23098,23,5,6,10,7,0,1,0,0,0,7,3,2
61098,61,16,57,41,14,0,0,0,6,1,27,58,11
16098,16,0,15,24,0,2,0,5,10,0,14,15,5
35098,35,25,86,166,44,5,5,1,10,7,122,101,49
85098,85,57,169,234,52,4,5,3,22,12,128,228,38
66098,66,3,48,24,2,2,3,1,0,5,24,21,10
19098,19,24,85,137,33,10,7,3,11,5,114,79,38
29098,29,43,146,339,121,9,12,1,13,7,216,191,120
22098,22,20,99,158,47,1,14,6,10,4,122,113,59
56098,56,506,1816,2888,753,68,149,39,110,87,1813,2119,729
15098,15,2,9,18,8,2,4,2,0,0,7,8,1
83098,83,267,1750,985,198,27,35,13,118,50,826,1417,210
73098,73,21,100,113,29,3,9,0,0,6,94,100,32
69098,69,9,40,59,10,0,0,3,1,1,46,43,15
05098,05,23,71,70,23,0,4,0,0,5,46,66,20
36098,36,2,7,9,1,0,1,2,2,3,12,13,3
82098,82,32,198,159,46,3,6,2,22,7,128,117,39
44098,44,99,308,650,199,22,20,7,52,21,503,453,190
48098,48,4,14,7,0,0,3,1,0,0,6,16,5
06098,06,3,17,16,3,4,0,0,0,1,8,21,1
84098,84,12,94,56,15,0,5,0,0,8,40,57,17
13098,13,114,783,527,140,5,14,22,51,17,655,590,142
14098,14,137,584,692,174,20,35,10,19,28,534,579,184
90098,90,8,36,28,8,0,0,0,0,0,17,19,11
64099,64,0,3,17,1,0,0,0,17,5,12,7,2
62099,62,137,904,479,136,26,39,11,35,11,490,375,141
80099,80,9,39,30,1,5,0,0,0,0,1,24,7
76099,76,18,89,72,16,1,0,0,11,5,68,53,22
02099,02,12,41,25,0,0,0,0,0,5,20,21,10
65099,65,4,12,23,8,0,0,0,0,6,8,11,11
57099,57,3,34,27,6,0,0,1,0,4,21,14,6
48099,48,32,168,172,41,7,13,10,47,3,177,184,49
59099,59,38,206,157,46,9,3,5,1,9,148,114,47
91099,91,92,232,352,93,9,12,0,23,20,326,262,91
21099,21,8,36,36,9,4,5,0,5,2,23,32,11
60099,60,6,30,16,7,1,2,0,0,0,10,22,0
70099,70,2,13,8,0,0,0,0,0,1,2,5,6
25099,25,9,18,20,1,6,0,0,4,2,11,19,3
51099,51,7,45,29,9,0,1,0,0,6,15,28,10
31099,31,9,23,41,15,3,2,1,6,0,47,26,11
50099,50,259,962,1174,294,42,62,22,64,26,738,999,290
33099,33,80,345,494,148,14,34,13,44,22,412,320,146
32099,32,0,9,5,0,0,0,0,9,0,11,2,7
52099,52,23,122,56,18,1,3,0,0,3,53,70,11
39099,39,12,56,44,12,6,0,3,3,0,35,39,9
08099,08,6,22,16,6,1,3,5,0,3,0,11,0
55099,55,3,15,14,2,0,6,2,0,1,0,14,8
71099,71,16,47,48,12,4,5,1,0,4,24,33,16
88099,88,59,221,169,39,8,10,3,3,13,132,146,36
01099,01,45,198,189,38,12,3,1,7,1,117,149,45
89099,89,59,288,208,55,10,9,2,0,4,142,198,57
17099,17,23,88,90,28,4,6,0,0,8,56,85,24
10099,10,14,81,54,15,6,1,3,0,0,31,53,8
38099,38,14,73,90,26,6,1,4,0,6,50,61,20
16099,16,3,22,29,2,0,0,1,0,5,21,22,1
49099,49,1266,3952,6182,1497,204,276,57,250,193,3817,5508,1492
28099,28,31,106,104,25,5,4,2,0,9,56,92,27
77099,77,74,282,302,75,8,6,7,12,12,265,238,81
63099,63,81,278,429,102,17,19,0,15,8,313,240,101
45099,45,16,49,49,12,0,0,0,0,0,45,55,18
26099,26,7,61,59,14,5,0,0,9,5,50,40,17
11099,11,40,323,233,77,0,14,5,30,10,245,184,70
09099,09,11,45,33,10,2,2,0,4,0,52,28,14
72099,72,11,73,70,21,0,0,0,0,6,47,90,11
2A099,2A,7,54,39,6,5,4,3,0,0,19,52,1
30099,30,4,51,26,9,0,0,0,15,0,32,21,2
74099,74,27,78,113,23,3,2,0,14,5,72,120,20
03099,03,7,48,55,15,5,4,0,0,7,23,35,16
67099,67,14,29,38,10,0,0,0,9,0,15,30,6
35099,35,74,235,474,133,16,25,9,22,12,316,294,146
58099,58,4,18,13,10,2,0,0,11,0,17,14,2
37099,37,19,90,110,36,0,4,0,5,3,81,90,31
73099,73,15,46,44,9,1,1,0,8,2,38,43,8
40099,40,8,23,31,18,0,0,0,6,0,35,25,17
12099,12,11,17,40,10,3,1,9,5,4,26,26,9
34099,34,3,8,9,4,0,0,1,0,5,1,3,2
86099,86,24,90,118,36,7,8,5,0,1,81,85,30
47099,47,18,68,50,12,5,3,3,0,5,47,55,15
53099,53,41,97,153,40,1,12,0,18,7,83,157,39
42099,42,97,409,409,103,6,21,13,0,14,290,311,104
68099,68,28,109,81,24,0,1,6,11,10,54,83,24
43099,43,13,44,50,11,3,0,0,15,0,48,44,7
81099,81,291,1457,1426,423,18,74,18,277,60,1349,1128,435
18099,18,9,36,26,3,2,4,0,0,0,23,23,11
07099,07,14,58,62,16,6,3,6,0,0,57,43,21
41099,41,12,57,58,17,6,6,2,0,1,41,54,11
69099,69,26,98,161,32,3,5,1,0,1,106,141,40
23099,23,3,34,44,18,0,6,0,0,0,35,26,17
61099,61,5,30,34,9,2,6,0,0,5,7,38,2
19099,19,5,29,32,8,1,7,2,0,0,20,23,13
04099,04,0,20,9,4,3,0,3,0,0,15,20,3
29099,29,14,62,123,44,1,8,0,11,0,81,75,39
22099,22,18,74,133,48,2,5,4,27,4,97,82,47
56099,56,4,36,46,12,1,6,0,0,3,25,36,14
27099,27,16,99,71,19,1,4,4,4,4,66,63,12
85099,85,34,89,133,24,7,5,0,26,3,77,125,23
82099,82,7,61,48,8,0,2,0,22,0,40,35,10
66099,66,0,37,26,4,6,3,0,8,2,35,25,2
36099,36,9,31,32,6,0,4,1,14,0,27,25,9
44099,44,45,113,253,66,9,10,0,10,2,201,171,64
87099,87,13,29,45,16,3,2,4,0,0,35,35,18
05099,05,0,7,13,2,0,2,0,4,6,17,7,0
06099,06,40,245,166,32,7,7,0,13,12,110,241,37
83099,83,188,1244,710,147,18,29,16,97,51,592,1004,112
84099,84,116,690,432,108,7,19,5,14,27,421,445,111
13099,13,16,127,79,22,6,7,2,0,1,94,96,20
54099,54,200,1018,862,242,24,45,11,81,30,804,647,243
90099,90,119,618,460,145,18,25,4,50,24,415,383,135
64100,64,56,209,410,116,7,23,0,131,3,294,301,120
62100,62,55,366,192,52,8,10,0,25,1,154,144,45
80100,80,8,91,72,14,3,1,0,0,2,55,46,18
76100,76,25,159,122,39,0,2,3,16,8,131,106,30
02100,02,0,21,15,8,2,5,5,0,0,0,11,4
65100,65,117,432,634,161,8,28,3,129,31,552,345,173
27100,27,24,152,97,29,0,4,0,18,2,81,86,23
57100,57,2,23,18,0,0,0,0,12,1,11,9,0
59100,59,11,51,29,8,1,7,0,1,0,41,24,6
91100,91,17,47,83,18,0,4,6,11,5,74,55,27
21100,21,0,7,0,3,0,3,0,0,0,0,6,3
60100,60,7,13,5,7,2,4,0,0,0,0,9,3
14100,14,47,161,203,51,4,11,0,51,1,161,164,56
54100,54,15,96,79,30,0,3,1,8,0,87,70,24
70100,70,3,6,11,7,0,3,0,0,0,0,10,6
25100,25,14,45,51,12,0,3,3,3,0,39,38,12
31100,31,44,167,262,82,9,15,0,24,8,255,169,85
33100,33,22,113,167,48,7,13,0,2,10,134,101,39
32100,32,0,14,18,6,4,5,2,4,1,11,17,6
08100,08,0,11,3,5,0,0,0,4,0,3,10,4
24100,24,11,49,49,14,0,0,0,0,0,51,30,14
55100,55,8,8,11,3,2,0,3,0,2,0,14,6
39100,39,0,9,7,0,0,0,3,14,0,13,14,2
71100,71,7,29,19,7,4,2,1,0,2,12,14,2
88100,88,2,0,9,6,0,0,0,0,0,0,5,0
01100,01,7,22,17,0,0,3,0,0,2,7,19,0
16100,16,23,77,90,25,6,10,0,0,3,60,61,20
63100,63,7,30,41,14,0,4,5,1,0,38,25,10
17100,17,23,102,121,25,6,8,4,24,4,100,110,31
89100,89,49,199,134,37,1,7,0,27,8,123,146,37
28100,28,15,45,40,7,3,5,0,11,0,29,47,5
49100,49,14,35,50,18,3,0,0,3,0,39,54,13
10100,10,31,174,117,24,2,2,3,0,3,69,139,28
45100,45,20,66,63,21,3,6,1,0,0,22,54,18
26100,26,12,57,51,12,2,2,0,7,0,52,35,10
11100,11,0,10,2,2,3,1,2,0,0,0,2,0
09100,09,2,14,13,4,5,6,0,0,0,3,9,7
79100,79,52,200,283,64,9,16,0,36,1,203,201,78
72100,72,5,46,31,11,3,1,2,2,0,31,56,14
2A100,2A,3,10,9,5,2,0,0,0,5,0,12,0
30100,30,17,96,70,22,0,0,2,1,5,64,54,20
74100,74,28,71,89,26,0,5,6,3,10,64,98,18
03100,03,37,145,167,31,6,6,1,21,1,141,126,35
73100,73,58,211,228,43,8,10,0,4,13,165,210,66
67100,67,11,37,33,5,3,1,0,6,0,23,32,13
37100,37,11,34,37,8,0,1,1,6,2,28,35,15
46100,46,20,59,91,31,1,7,3,15,0,82,63,30
34100,34,5,11,12,4,2,2,0,0,4,0,10,7
12100,12,61,191,316,69,17,20,6,33,14,217,254,73
86100,86,100,397,502,151,17,28,14,0,26,404,334,136
53100,53,31,107,168,33,9,12,0,1,5,87,166,39
47100,47,145,672,556,147,6,26,9,61,29,495,505,158
43100,43,7,27,22,1,0,2,0,3,0,15,13,8
68100,68,10,48,40,5,4,3,5,5,2,30,33,4
81100,81,5,41,50,10,4,4,1,12,6,42,29,10
18100,18,25,91,79,23,6,8,2,0,7,38,71,17
85100,85,66,206,318,57,7,4,0,0,14,172,297,52
07100,07,13,53,56,17,0,1,0,4,4,49,45,11
69100,69,156,617,1021,274,34,32,21,33,48,695,850,263
23100,23,8,41,56,16,6,3,0,7,5,43,40,12
51100,51,3,22,8,1,0,6,4,0,1,2,8,4
61100,61,11,32,35,13,0,0,0,0,1,21,40,7
42100,42,11,39,30,10,0,2,0,4,0,26,20,8
84100,84,3,8,9,5,1,0,0,0,2,0,5,1
19100,19,34,103,163,40,1,6,6,0,0,121,98,42
29100,29,13,25,54,28,6,2,4,2,0,34,41,17
56100,56,50,148,248,62,10,16,3,23,9,129,179,67
15100,15,8,12,17,1,4,2,4,0,0,0,21,9
38100,38,57,271,288,77,16,10,0,8,20,237,218,78
77100,77,123,466,476,132,12,22,4,20,22,413,373,113
40100,40,13,41,54,20,5,7,2,0,0,11,39,20
41100,41,8,20,28,9,0,5,3,0,0,0,27,10
66100,66,1,25,16,1,2,4,0,0,0,23,21,5
36100,36,7,32,35,7,0,7,0,12,0,22,23,8
82100,82,0,20,15,5,1,2,4,7,0,10,11,0
44100,44,50,149,300,89,6,12,2,14,4,223,226,76
48100,48,0,10,15,3,0,0,0,6,0,8,22,8
87100,87,3,29,31,7,2,3,1,6,3,35,20,7
05100,05,21,84,81,17,1,1,1,33,1,92,73,17
83100,83,89,622,351,83,0,11,12,35,27,298,498,66
06100,06,9,29,17,0,0,0,2,15,0,18,33,3
13100,13,248,1525,1088,259,17,47,18,107,48,1218,1107,250
90100,90,2,27,15,9,2,0,5,5,0,13,24,4
64101,64,10,40,79,21,1,9,0,7,0,54,58,27
62101,62,3,26,7,7,2,2,0,5,0,7,10,2
80101,80,12,108,78,12,4,3,0,15,4,63,55,22
76101,76,75,358,298,88,15,12,5,4,11,275,251,83
65101,65,14,64,102,25,2,5,4,17,8,81,52,25
02101,02,9,36,20,9,0,0,0,0,1,7,11,0
27101,27,8,71,45,12,0,0,0,26,5,35,40,13
57101,57,27,167,110,25,7,3,0,6,11,107,103,34
59101,59,1,41,22,11,0,1,0,3,3,29,22,7
21101,21,4,19,25,3,5,5,5,0,6,0,26,5
95101,95,23,60,90,21,2,2,3,7,8,93,70,31
14101,14,99,388,501,135,7,41,1,29,12,379,423,138
54101,54,8,12,17,8,0,2,5,0,5,0,7,2
70101,70,24,76,58,13,11,6,2,0,3,28,46,17
60101,60,18,76,54,12,3,4,2,0,4,39,38,13
25101,25,15,57,61,15,2,2,0,7,3,50,57,11
31101,31,14,45,60,14,3,2,5,0,7,53,34,18
50101,50,8,25,29,6,0,0,4,0,4,18,27,9
33101,33,23,100,134,38,6,11,5,15,2,113,94,38
51101,51,26,99,71,18,6,6,0,0,4,46,78,15
52101,52,5,0,1,6,0,0,4,0,5,0,0,5
24101,24,5,30,39,8,3,3,0,0,5,25,30,9
39101,39,43,170,146,29,5,13,6,0,5,118,125,37
55101,55,11,54,37,12,4,5,3,0,1,0,34,12
71101,71,13,41,38,8,3,7,2,0,0,37,46,17
88101,88,33,168,126,26,8,4,2,18,8,91,108,24
17101,17,5,24,31,11,3,0,0,1,1,27,29,11
01101,01,6,25,20,10,0,0,4,2,0,10,20,6
38101,38,30,106,139,32,0,5,3,14,1,108,87,29
63101,63,5,13,11,5,0,1,3,0,2,0,2,6
77101,77,24,109,118,28,0,8,0,13,6,92,81,30
89101,89,8,60,37,11,2,7,4,0,7,16,39,13
16101,16,27,93,126,27,1,9,3,1,8,100,72,28
10101,10,2,18,19,3,0,3,0,3,0,6,11,5
45101,45,9,30,27,7,2,0,0,4,3,22,26,4
26101,26,0,21,19,2,0,0,2,5,0,21,20,2
11101,11,5,7,4,0,5,3,0,6,0,3,0,5
79101,79,52,167,271,61,3,20,9,44,7,190,170,64
72101,72,16,58,58,12,6,3,2,0,1,56,92,21
09101,09,8,34,23,11,4,0,5,0,3,18,23,11
2B101,2B,4,13,9,2,0,0,0,6,0,13,11,1
32101,32,3,20,26,6,2,0,0,18,0,15,14,3
30101,30,17,96,69,12,6,5,0,0,8,67,61,14
74101,74,14,61,74,17,2,0,2,0,8,33,74,21
58101,58,2,26,17,2,0,0,5,14,0,13,21,3
03101,03,249,998,1050,240,48,45,15,66,35,868,833,245
67101,67,82,322,298,65,12,8,0,12,15,186,288,66
73101,73,2,12,12,5,4,1,0,0,1,2,11,1
35101,35,16,75,134,43,6,8,2,0,8,95,89,41
37101,37,2,15,15,5,0,0,3,13,4,18,13,3
46101,46,9,35,60,11,5,6,1,12,2,53,34,18
12101,12,21,74,136,29,3,11,3,32,6,98,104,26
34101,34,87,599,446,141,6,26,6,54,22,506,409,129
47101,47,31,160,132,37,7,13,3,14,10,113,107,37
53101,53,14,64,90,20,5,6,0,6,0,49,106,24
40101,40,11,35,55,25,0,1,0,18,1,42,47,17
68101,68,27,116,94,25,0,11,3,19,9,59,103,19
18101,18,10,36,36,6,0,4,0,8,3,32,29,8
43101,43,3,15,11,0,1,5,4,0,2,0,15,8
42101,42,2,15,22,2,4,0,0,0,0,11,18,10
07101,07,16,88,79,23,2,3,0,49,0,84,62,20
41101,41,36,135,111,29,1,4,0,0,0,87,110,28
23101,23,14,47,47,20,2,8,4,0,2,32,35,10
08101,08,6,29,16,0,2,5,3,0,0,6,11,0
44101,44,137,409,846,242,22,48,13,40,21,624,569,222
84101,84,6,59,33,14,0,3,0,24,0,45,39,4
19101,19,44,124,188,36,12,8,3,7,8,137,123,49
29101,29,66,257,548,195,7,15,0,64,10,361,325,188
22101,22,17,96,146,39,0,6,0,9,8,116,98,43
56101,56,177,658,1051,285,27,50,11,39,25,679,821,285
04101,04,0,21,20,10,0,3,0,10,0,15,21,0
15101,15,11,58,76,18,0,3,1,14,0,46,70,18
61101,61,9,29,18,1,6,2,0,0,4,2,22,10
81101,81,37,169,173,57,0,4,5,31,2,148,138,53
85101,85,16,42,69,14,0,5,0,0,3,27,67,10
971101,971,452,3328,7405,2481,435,529,129,285,241,5742,3554,2485
66101,66,36,327,186,45,2,8,8,40,5,230,192,52
36101,36,46,195,175,53,10,8,0,11,12,155,170,52
82101,82,31,153,119,37,6,3,5,21,5,119,95,29
87101,87,0,10,11,8,0,2,0,0,3,12,6,3
83101,83,44,339,197,35,7,2,2,3,20,171,282,46
06101,06,11,40,24,9,0,0,2,0,0,22,49,2
13101,13,61,439,313,80,12,9,2,29,6,364,308,81
05101,05,44,147,149,39,7,12,1,0,7,157,142,34
90101,90,1,28,26,8,0,2,0,0,0,21,21,6
971102,971,38,397,871,304,46,53,19,42,50,669,446,282
64102,64,762,2728,5227,1511,91,343,55,1491,95,3950,3643,1571
80102,80,5,54,43,14,4,7,4,0,6,34,33,6
02102,02,4,40,16,2,0,3,2,0,5,17,14,0
65102,65,0,0,2,4,2,0,0,0,3,0,5,0
27102,27,24,148,113,25,4,11,0,16,0,101,96,24
57102,57,105,476,346,91,19,27,1,4,14,310,278,82
59102,59,11,62,46,11,0,2,4,0,3,26,40,16
21102,21,4,17,27,5,3,2,0,0,4,12,20,11
60102,60,49,310,200,38,5,12,6,22,19,176,182,51
54102,54,23,95,75,20,7,3,3,0,6,55,52,19
70102,70,8,50,32,4,0,0,5,0,5,18,23,11
95102,95,10,38,57,17,4,3,0,0,8,34,32,11
25102,25,6,0,1,0,5,0,0,0,5,0,0,6
62102,62,10,45,24,11,0,5,0,0,0,4,22,12
31102,31,8,19,23,4,5,3,3,0,3,14,17,12
50102,50,30,101,117,26,8,12,0,24,0,78,105,26
33102,33,4,40,44,12,0,7,0,5,2,44,33,9
51102,51,13,65,39,10,1,7,5,0,0,25,48,11
52102,52,9,71,38,14,1,0,0,6,3,36,41,7
24102,24,94,484,503,158,17,31,10,38,26,526,395,147
39102,39,10,26,19,6,2,1,1,0,3,6,16,8
08102,08,8,18,8,3,0,0,0,0,0,3,15,5
55102,55,16,93,56,11,3,8,0,0,5,39,44,15
17102,17,33,111,125,28,9,12,0,24,10,108,108,26
88102,88,5,23,15,1,0,0,2,0,5,0,9,2
89102,89,67,331,229,55,9,8,4,23,14,164,239,57
01102,01,23,94,86,17,3,7,3,25,2,60,97,17
63102,63,20,79,111,33,0,6,0,0,8,87,64,24
77102,77,1,10,18,6,5,3,4,0,0,4,11,6
38102,38,21,70,69,14,6,8,0,0,3,33,56,24
49102,49,7,23,36,6,0,7,0,0,0,20,30,12
28102,28,15,75,63,11,1,0,0,31,1,51,66,19
16102,16,368,1635,1899,483,76,96,24,233,51,1498,1285,485
10102,10,1,34,17,3,0,1,4,1,0,12,21,6
26102,26,6,17,19,2,1,0,0,7,1,23,17,0
45102,45,13,50,46,13,0,0,0,0,5,32,38,17
11102,11,8,80,51,23,6,3,0,3,3,67,48,14
79102,79,13,35,57,17,2,8,1,0,5,20,37,8
72102,72,5,9,11,0,0,0,0,0,0,3,18,3
09102,09,0,17,23,5,0,4,2,0,3,23,9,11
2B102,2B,2,15,16,5,4,0,3,0,0,0,20,3
32102,32,1,20,27,5,5,0,5,0,0,20,13,7
74102,74,41,129,174,42,8,11,4,0,6,104,182,43
30102,30,13,73,47,16,3,4,0,3,8,62,46,14
03102,03,56,328,341,74,20,9,8,9,7,297,273,76
58102,58,35,188,160,52,9,15,1,8,10,150,116,54
67102,67,7,41,32,8,2,0,0,9,0,22,29,8
35102,35,15,37,82,24,7,2,3,0,6,28,43,25
46102,46,163,677,1118,313,30,74,18,123,20,1001,719,291
12102,12,57,195,312,70,15,16,6,49,6,226,253,74
34102,34,8,43,39,5,3,0,0,2,3,32,22,11
56102,56,49,187,293,81,13,16,9,21,15,159,225,67
47102,47,21,87,75,23,0,2,3,0,2,53,65,22
86102,86,14,58,60,20,0,2,0,6,1,51,51,20
40102,40,24,101,134,48,3,4,3,29,3,111,95,49
81102,81,6,31,38,9,3,1,3,8,1,33,25,10
53102,53,0,16,20,5,0,2,4,0,0,1,22,2
68102,68,24,61,42,14,4,0,1,9,8,33,52,13
18102,18,5,40,36,8,3,0,0,9,2,35,30,6
42102,42,30,105,101,29,3,6,2,0,5,78,86,31
85102,85,16,60,83,14,1,0,4,6,1,41,89,22
43102,43,36,120,123,36,2,12,5,11,6,101,102,33
07102,07,257,1184,1107,314,33,54,19,134,60,1100,877,325
41102,41,9,48,39,6,6,7,2,0,4,27,37,8
69102,69,22,58,100,28,0,4,3,0,1,56,90,23
71102,71,19,83,81,17,5,2,0,13,0,59,59,27
05102,05,0,7,10,2,0,3,0,9,2,13,11,0
23102,23,3,28,41,11,1,5,0,2,0,30,32,17
19102,19,7,24,49,16,0,5,4,0,6,37,27,9
29102,29,12,69,143,57,0,6,0,0,4,85,85,43
15102,15,0,9,15,0,2,6,0,0,0,14,16,3
14102,14,29,95,130,41,3,4,5,0,6,87,114,33
61102,61,14,55,39,6,6,8,0,0,5,22,59,9
04102,04,3,40,37,9,0,3,2,9,0,33,28,7
36102,36,7,12,15,3,0,3,2,0,2,0,16,5
82102,82,12,33,30,8,6,5,5,0,0,15,29,3
66102,66,0,11,6,5,0,2,0,0,0,2,0,1
44102,44,55,194,382,115,4,8,6,38,9,309,259,113
06102,06,0,24,12,0,0,5,0,1,2,19,25,7
84102,84,38,218,123,30,5,2,1,23,11,146,128,27
83102,83,63,416,235,39,7,15,1,20,17,173,322,55
13102,13,130,831,607,139,20,26,23,25,31,655,604,136
90102,90,14,107,81,22,5,2,3,0,7,61,69,18
971103,971,273,1847,4161,1403,253,287,53,139,155,3196,1991,1393
80103,80,0,13,3,0,0,0,5,5,0,4,4,0
76103,76,141,780,671,183,30,28,2,61,23,667,548,185
65103,65,0,7,14,4,0,4,0,0,0,14,10,8
27103,27,97,554,362,89,9,20,8,14,13,291,340,81
57103,57,5,18,16,2,0,0,0,0,2,10,17,1
59103,59,10,70,38,19,3,5,0,0,5,41,38,8
02103,02,29,202,114,26,10,7,6,17,0,94,94,22
21103,21,70,280,298,78,4,15,4,0,12,202,277,78
60103,60,106,604,374,97,10,22,0,73,20,336,328,83
54103,54,1,24,23,11,0,0,0,12,4,17,19,9
91103,91,697,1544,2508,641,56,80,31,32,105,1985,1707,658
25103,25,11,78,70,22,7,7,2,0,2,46,76,18
64103,64,4,12,28,9,5,0,5,0,0,24,21,4
62103,62,9,31,13,2,0,1,0,3,0,13,10,0
31103,31,0,6,6,8,0,0,5,0,4,0,5,0
33103,33,2,0,5,5,4,5,0,0,4,0,0,6
52103,52,8,24,9,0,2,0,0,0,4,3,16,3
39103,39,5,41,40,9,0,0,0,2,0,37,30,8
08103,08,7,27,22,4,4,0,0,1,0,17,15,6
71103,71,9,26,26,11,0,4,5,0,4,16,27,11
55103,55,0,4,0,6,0,0,0,0,0,1,2,2
61103,61,5,27,20,0,0,2,0,3,0,8,29,3
01103,01,34,140,133,25,3,5,2,24,8,89,134,33
38103,38,4,42,50,11,2,0,0,14,0,32,30,7
63103,63,128,554,818,215,33,37,6,73,29,644,486,237
77103,77,11,28,22,7,0,0,0,6,1,19,24,2
32103,32,2,19,14,10,0,0,0,0,5,18,15,1
88103,88,5,8,8,6,4,0,0,4,0,10,3,0
28103,28,159,653,567,133,19,45,5,64,35,367,582,144
10103,10,3,17,10,8,0,0,4,8,0,8,15,0
16103,16,4,15,13,6,1,3,5,0,0,12,5,0
26103,26,13,41,48,8,3,3,0,9,5,38,39,8
45103,45,33,157,155,38,9,11,0,0,2,74,140,36
11103,11,25,146,104,34,3,10,1,18,0,108,80,32
72103,72,13,63,60,23,0,3,3,8,1,53,89,20
79103,79,55,189,296,72,10,22,0,30,0,216,202,71
09103,09,8,81,85,30,6,0,0,13,7,106,41,28
2A103,2A,34,312,200,32,0,6,0,45,4,159,272,38
74103,74,60,193,244,56,15,8,3,37,6,158,260,53
30103,30,23,137,86,27,5,1,1,0,6,101,89,23
58103,58,16,51,55,15,0,0,0,8,1,41,38,14
67103,67,34,151,135,31,6,2,3,2,12,82,142,30
73103,73,80,313,326,78,13,11,6,29,22,229,302,82
35103,35,4,22,51,8,5,0,2,0,4,27,33,15
37103,37,9,12,24,2,0,1,2,0,4,13,12,8
12103,12,10,35,38,12,5,0,0,8,4,32,35,9
34103,34,16,118,96,33,0,5,4,0,3,109,76,30
47103,47,5,34,25,6,3,0,0,0,5,14,14,11
40103,40,16,53,71,18,0,0,0,1,1,49,45,25
68103,68,17,76,54,13,0,3,5,0,0,34,67,14
86103,86,33,162,191,54,10,14,3,27,4,171,136,54
81103,81,6,16,19,5,0,0,5,0,0,17,12,5
18103,18,32,158,149,29,8,8,0,6,11,124,117,29
43103,43,1,17,22,4,0,0,2,0,0,11,17,4
85103,85,61,192,281,47,4,8,0,5,10,149,284,54
41103,41,10,63,44,9,7,7,1,3,3,38,53,16
69103,69,24,71,105,26,6,5,2,0,4,76,91,29
70103,70,10,39,27,3,0,6,2,0,0,3,25,0
51103,51,7,27,16,6,0,0,0,0,5,5,24,8
42103,42,99,462,436,102,9,19,1,17,19,358,334,103
23103,23,8,33,41,19,6,3,6,0,3,32,34,21
19103,19,6,0,14,3,0,0,4,0,0,0,9,6
29103,29,242,780,1654,607,52,83,26,78,58,1062,1022,618
22103,22,14,69,133,43,2,7,0,10,1,98,87,45
56103,56,3,25,47,7,6,1,0,0,2,22,35,8
14103,14,13,32,43,16,0,0,4,5,5,39,43,7
03103,03,25,107,111,28,2,8,0,20,3,86,84,31
53103,53,60,183,279,64,10,9,2,20,13,162,271,60
05103,05,21,73,71,23,7,2,0,5,3,74,57,20
83103,83,110,682,399,84,10,18,9,32,23,339,572,79
15103,15,5,29,43,5,0,6,2,1,0,17,32,7
36103,36,36,178,142,40,12,0,4,20,6,115,130,42
82103,82,3,14,18,0,2,4,0,4,2,7,8,3
66103,66,14,82,43,13,2,6,2,0,1,49,37,8
44103,44,145,405,893,255,22,43,2,30,17,639,611,234
48103,48,21,109,111,31,2,13,0,31,4,105,123,28
87103,87,31,122,180,61,11,15,0,0,8,153,111,58
06103,06,48,275,192,30,8,6,0,34,8,126,273,25
84103,84,20,110,59,12,0,0,2,24,6,64,66,12
07103,07,13,31,36,6,0,3,5,0,0,41,23,11
46103,46,16,91,130,28,0,12,6,12,4,110,78,40
13103,13,789,5538,3967,918,104,125,61,322,196,4406,4021,922
90103,90,14,86,77,15,0,7,0,13,1,69,61,25
971104,971,49,394,875,308,45,48,12,53,24,628,429,287
64104,64,9,44,79,25,0,10,4,3,0,58,45,28
62104,62,12,62,39,7,0,5,0,15,0,38,28,5
80104,80,5,7,13,5,2,4,2,0,5,0,13,7
76104,76,8,39,33,6,0,0,3,8,0,33,21,8
02104,02,3,18,13,5,5,2,0,0,0,0,5,5
65104,65,5,21,31,15,0,0,5,20,0,28,19,13
27104,27,16,85,67,20,4,3,3,0,1,55,56,22
59104,59,68,386,279,73,10,20,2,0,10,249,226,70
57104,57,25,140,120,25,7,8,2,14,2,94,87,33
60104,60,101,592,385,79,20,26,5,44,17,335,309,84
78104,78,8,34,90,16,6,0,4,0,0,47,89,26
21104,21,7,0,12,3,2,4,0,0,0,0,12,5
70104,70,17,101,60,17,7,10,4,0,6,27,63,19
54104,54,11,32,33,5,0,0,0,0,5,11,23,13
25104,25,0,9,12,8,0,3,1,0,0,0,9,5
31104,31,15,53,87,20,0,6,0,0,6,74,47,19
33104,33,89,373,534,158,6,48,3,23,14,442,348,166
51104,51,9,17,10,3,2,0,5,11,0,9,12,5
52104,52,39,167,103,29,7,6,4,0,1,87,99,19
24104,24,16,72,75,25,2,2,2,0,5,58,53,21
39104,39,16,66,65,10,0,6,0,34,0,60,53,9
08104,08,5,8,0,6,0,0,4,0,2,3,0,0
71104,71,4,17,19,9,6,6,0,3,0,11,12,7
55104,55,5,2,12,7,0,0,5,0,0,0,6,4
17104,17,33,114,116,24,1,6,5,14,0,94,98,30
89104,89,5,49,33,9,1,4,0,3,6,26,26,3
38104,38,37,152,170,40,0,1,6,0,12,133,116,48
77104,77,24,80,75,17,1,0,6,0,6,56,60,17
01104,01,16,48,51,10,1,1,0,6,7,30,47,7
88104,88,10,32,18,2,0,0,0,0,0,17,15,10
32104,32,3,12,18,9,0,4,0,2,4,18,13,12
28104,28,29,116,91,29,7,1,4,0,7,72,93,28
16104,16,15,50,58,12,0,0,1,4,6,53,46,16
10104,10,9,49,31,5,1,3,4,1,1,20,40,12
26104,26,4,8,6,5,0,3,0,0,0,0,13,7
45104,45,66,286,297,67,7,13,8,0,13,193,261,70
11104,11,1,10,11,0,0,1,2,5,0,6,3,3
72104,72,11,62,61,11,2,0,0,0,0,39,88,21
79104,79,20,49,76,16,0,4,0,0,0,43,57,22
09104,09,19,73,75,32,0,9,0,14,1,89,40,31
30104,30,19,121,66,24,7,8,2,0,3,66,62,22
58104,58,29,147,146,40,5,5,0,20,2,110,103,46
74104,74,118,320,412,100,6,23,3,29,17,259,441,95
03104,03,22,122,122,24,4,4,0,18,2,98,89,33
67104,67,16,77,66,17,0,0,0,13,3,42,75,10
73104,73,17,48,43,10,2,0,0,17,0,41,43,7
2A104,2A,13,175,115,22,0,6,0,39,6,93,149,27
35104,35,32,100,199,62,9,4,1,36,6,133,124,58
37104,37,157,492,640,177,20,35,15,0,28,494,596,177
46104,46,2,15,13,8,3,0,1,0,4,6,16,1
12104,12,12,36,64,11,2,4,0,5,5,43,48,17
34104,34,7,18,13,2,0,0,4,0,0,6,9,9
47104,47,9,29,30,10,0,6,0,0,5,9,26,7
40104,40,30,114,155,48,3,10,0,11,0,124,103,48
68104,68,8,32,34,9,0,6,1,10,0,19,28,3
53104,53,38,97,134,28,3,4,5,0,3,67,157,35
86104,86,6,45,55,20,5,2,0,7,4,40,40,15
81104,81,34,173,177,56,10,2,0,26,8,156,144,55
18104,18,2,11,20,6,6,1,0,0,0,0,15,7
85104,85,30,91,134,31,8,11,6,0,0,66,129,27
43104,43,3,32,32,8,0,1,5,16,0,19,19,2
41104,41,56,252,238,62,4,19,2,17,5,179,221,59
07104,07,0,17,13,3,0,0,5,0,3,8,11,2
69104,69,9,39,65,22,0,0,3,0,2,36,57,13
63104,63,0,19,22,7,0,1,1,7,4,18,18,4
61104,61,2,0,1,0,5,5,0,0,0,0,11,4
42104,42,25,85,79,16,4,3,1,16,5,78,64,25
19104,19,2,17,15,9,0,2,0,0,4,3,15,6
29104,29,12,24,60,15,6,0,3,0,0,36,36,18
22104,22,7,40,70,24,4,5,0,0,0,45,44,25
56104,56,21,70,120,32,0,6,0,22,6,77,84,26
23104,23,11,20,23,5,6,6,3,0,2,20,18,12
14104,14,3,17,23,7,2,5,4,8,0,15,20,6
15104,15,13,31,42,6,6,2,4,2,4,33,39,10
04104,04,4,34,24,7,6,0,5,0,4,27,27,8
66104,66,23,128,91,20,5,8,0,0,5,99,73,25
36104,36,11,35,31,6,0,0,3,0,3,17,24,4
82104,82,2,17,18,1,0,3,1,0,3,19,17,0
44104,44,19,53,93,30,6,6,0,0,2,78,66,31
48104,48,21,58,77,16,0,2,1,6,1,70,67,21
87104,87,14,38,61,17,0,8,2,0,0,47,38,15
05104,05,11,46,42,12,0,6,0,0,0,40,32,10
83104,83,102,721,418,87,14,9,8,21,40,312,588,72
06104,06,248,1525,1044,192,25,37,13,99,66,849,1559,210
84104,84,32,230,138,25,3,11,1,0,3,126,141,35
13104,13,161,1204,858,207,25,14,19,108,34,968,888,194
90104,90,23,134,97,33,5,3,0,6,9,85,81,28
971105,971,92,767,1763,578,111,132,26,34,81,1285,851,564
62105,62,10,89,53,12,4,6,2,7,2,52,41,10
80105,80,0,23,20,1,0,4,5,0,5,16,10,8
02105,02,3,38,20,1,0,0,1,9,0,15,13,0
65105,65,5,14,20,9,0,3,0,0,5,15,19,8
57105,57,6,22,18,0,3,3,2,0,5,7,18,1
59105,59,35,215,156,40,10,12,0,0,11,155,133,38
21105,21,28,107,108,34,0,6,3,1,5,90,101,32
91105,91,248,569,933,237,14,32,7,94,43,750,616,232
60105,60,6,46,32,4,2,6,0,22,1,27,27,4
70105,70,0,18,13,1,0,0,0,11,2,12,7,8
54105,54,7,69,52,10,0,0,2,19,0,45,48,15
25105,25,15,63,69,16,2,6,3,0,8,38,68,18
64105,64,10,14,41,10,0,7,0,13,3,23,23,7
31105,31,7,22,34,11,0,1,0,0,0,24,20,11
33105,33,0,14,29,12,0,0,0,0,3,19,20,5
50105,50,5,11,8,5,0,0,0,0,0,7,16,8
51105,51,49,212,163,29,7,9,0,0,2,106,166,30
52105,52,8,41,27,3,5,6,0,0,6,14,25,10
24105,24,2,15,10,0,5,3,3,0,3,17,17,0
39105,39,5,23,21,11,2,6,5,5,0,18,20,1
08105,08,818,5049,2846,758,153,222,43,161,133,2598,2676,788
71105,71,216,877,815,220,15,45,10,42,45,645,698,216
63105,63,1,18,30,11,0,0,5,4,2,32,17,8
61105,61,6,32,17,2,0,0,2,10,6,14,21,3
89105,89,10,54,47,11,2,0,0,0,7,36,36,14
38105,38,64,249,259,68,8,20,7,12,3,208,174,70
17105,17,10,32,41,10,5,1,3,0,1,31,38,11
55105,55,4,18,19,7,0,6,1,0,4,0,16,8
01105,01,55,210,201,40,6,14,3,0,5,107,179,46
88105,88,4,31,18,5,1,7,1,7,1,19,21,7
32105,32,11,34,39,15,5,0,2,0,5,20,35,18
28105,28,14,60,58,16,2,1,0,0,0,31,58,9
16105,16,12,67,72,17,6,0,4,26,3,59,51,15
26105,26,0,13,5,0,1,0,1,6,2,4,12,2
45105,45,4,14,11,4,0,0,0,0,5,1,10,0
10105,10,0,0,8,2,2,0,0,0,0,0,3,6
72105,72,8,51,50,18,0,0,0,0,2,39,73,18
11105,11,13,91,72,18,6,1,1,0,4,68,44,21
09105,09,18,74,80,26,0,6,0,12,1,98,55,36
30105,30,3,49,37,10,1,1,5,6,2,36,25,11
74105,74,123,404,502,123,16,14,5,17,32,334,546,114
03105,03,13,34,34,6,1,0,3,15,1,28,32,10
67105,67,38,151,131,35,1,9,4,24,9,97,127,32
58105,58,7,43,29,8,1,2,0,19,0,29,22,6
2B105,2B,0,16,8,7,0,1,0,9,3,15,14,6
35105,35,43,109,251,68,11,12,2,15,9,160,147,79
37105,37,3,23,36,7,0,0,2,15,0,28,32,10
46105,46,18,63,116,29,7,4,5,0,7,96,79,31
34105,34,10,30,25,6,3,4,0,0,0,27,25,10
47105,47,3,30,28,12,0,0,0,9,6,27,25,12
40105,40,3,37,41,15,0,5,0,17,0,36,34,10
53105,53,2,15,33,11,5,5,5,0,0,15,37,2
68105,68,8,39,24,10,0,0,0,7,7,22,28,1
86105,86,5,31,45,14,4,3,2,3,6,34,25,14
27105,27,115,575,393,99,13,17,5,26,8,343,365,101
81105,81,268,1264,1229,364,52,54,13,201,37,1149,980,377
18105,18,10,55,52,13,0,1,0,0,6,42,44,14
42105,42,0,13,13,7,0,0,0,14,2,20,13,0
07105,07,0,18,14,0,0,0,0,0,0,14,16,3
43105,43,4,24,27,2,3,7,0,14,0,24,16,1
41105,41,30,104,99,31,4,0,0,7,3,71,97,22
12105,12,32,84,146,35,0,7,0,22,3,103,112,34
69105,69,17,80,117,27,0,3,1,24,7,95,109,27
29105,29,155,534,1119,430,33,60,22,56,26,729,686,394
22105,22,25,85,147,49,0,12,0,13,5,100,97,45
19105,19,11,50,71,22,5,7,0,0,2,46,51,12
56105,56,23,94,151,44,9,4,0,4,9,97,124,36
23105,23,15,57,61,25,6,10,6,0,7,48,60,22
76105,76,21,98,72,24,5,7,0,0,0,80,60,21
85105,85,19,52,75,8,1,8,0,0,0,25,65,18
79105,79,10,47,60,6,1,0,7,3,6,33,45,16
73105,73,30,120,118,33,0,6,6,0,11,84,115,24
15105,15,4,1,9,4,0,0,0,0,5,0,5,5
36105,36,2,27,17,10,4,0,0,0,4,23,19,3
82105,82,29,179,141,40,3,4,6,0,9,116,112,40
66105,66,4,53,36,13,4,3,0,0,4,30,28,4
44105,44,1,17,37,7,0,0,4,11,6,30,25,15
48105,48,7,42,45,14,0,2,5,0,1,34,52,11
87105,87,22,78,130,35,3,5,4,11,0,108,69,36
83105,83,2,8,11,5,0,0,2,0,2,3,11,0
06105,06,143,1046,714,124,13,14,14,72,42,557,1015,117
84105,84,30,158,100,24,0,2,0,9,8,102,92,21
13105,13,125,926,642,140,21,47,10,76,14,716,640,144
90105,90,10,26,17,7,3,0,0,0,2,2,19,7
88106,88,43,152,106,20,10,9,6,14,6,87,106,25
62106,62,8,38,27,7,2,2,4,0,0,0,21,11
80106,80,1,26,17,0,4,2,0,9,5,14,12,9
76106,76,11,60,54,21,0,0,2,9,6,66,46,16
971106,971,76,513,1157,402,69,73,20,54,40,918,581,389
02106,02,11,110,60,7,3,4,0,12,6,45,50,14
65106,65,4,14,27,1,4,0,1,12,0,16,8,1
27106,27,18,63,50,11,3,6,3,0,0,27,45,6
59106,59,17,104,70,22,7,1,0,0,5,52,64,25
57106,57,75,394,281,75,20,17,8,17,12,243,230,68
21106,21,24,93,106,19,2,1,0,0,8,71,94,23
60106,60,58,334,206,51,9,13,6,27,5,180,204,52
91106,91,46,95,151,46,0,4,4,11,7,121,113,34
14106,14,18,69,95,20,7,6,0,0,2,60,79,20
70106,70,2,15,14,0,5,6,0,0,5,4,7,5
54106,54,5,13,5,3,0,4,0,0,0,2,5,5
64106,64,12,36,59,16,1,3,4,18,4,45,36,16
25106,25,4,13,7,0,4,0,3,0,0,0,9,0
31106,31,41,193,322,102,0,16,2,20,13,287,205,100
33106,33,26,112,181,42,2,13,6,16,8,151,111,55
50106,50,5,19,26,7,5,6,1,0,0,12,30,5
51106,51,8,12,9,0,0,0,1,15,0,6,7,3
52106,52,0,18,14,0,0,0,2,0,0,10,17,2
39106,39,10,24,25,10,0,2,5,0,2,8,28,11
08106,08,0,15,12,0,3,5,0,0,5,0,5,0
71106,71,68,320,280,80,10,10,4,1,3,216,244,79
55106,55,4,24,12,6,0,0,0,11,1,15,13,5
77106,77,35,105,118,23,0,2,2,14,6,94,88,23
63106,63,34,129,218,51,4,13,0,0,6,170,136,61
38106,38,10,42,38,14,2,3,0,2,3,31,31,17
17106,17,4,28,33,11,0,3,0,0,0,13,31,11
01106,01,4,29,22,5,0,0,5,0,5,8,17,10
32106,32,21,66,77,33,0,8,5,21,0,62,65,27
16106,16,54,268,310,78,1,14,9,16,12,239,221,66
28106,28,17,41,39,8,0,3,0,19,0,27,42,7
10106,10,0,25,15,0,4,0,0,0,6,0,18,0
11106,11,111,826,590,183,13,41,4,113,33,622,442,186
72106,72,21,88,95,26,3,8,3,0,3,69,136,29
79106,79,8,38,44,10,7,1,1,0,0,32,34,12
74106,74,19,78,92,19,7,7,3,0,8,60,107,25
09106,09,1,40,35,11,1,1,1,28,0,41,25,11
67106,67,168,660,598,135,19,34,12,58,33,381,614,143
58106,58,14,57,44,11,6,8,3,3,0,32,34,7
03106,03,36,134,139,29,10,7,5,6,0,130,113,34
30106,30,18,117,80,20,3,0,0,0,3,75,75,16
73106,73,11,36,31,12,5,5,5,0,1,2,32,7
35106,35,28,87,214,67,9,4,2,0,0,128,123,66
2B106,2B,1,3,2,0,0,0,1,6,0,0,0,2
46106,46,3,30,46,8,5,2,0,8,5,31,25,6
34106,34,7,27,18,6,1,4,0,16,0,19,15,1
47106,47,108,551,446,119,18,28,14,60,27,409,408,119
12106,12,12,49,67,22,7,0,3,12,0,64,54,16
40106,40,4,18,17,10,5,0,1,0,2,24,19,3
53106,53,18,46,71,21,7,0,0,0,0,33,77,20
86106,86,8,7,17,4,2,2,0,0,3,0,11,2
68106,68,8,44,31,7,0,6,0,6,6,28,47,10
81106,81,16,61,76,18,7,2,0,24,0,55,51,16
18106,18,12,28,32,4,0,5,0,0,5,22,20,5
42106,42,7,37,34,8,0,5,0,0,0,27,28,12
07106,07,7,16,22,9,0,5,0,0,6,0,15,5
43106,43,2,21,14,2,0,0,0,15,1,10,16,7
24106,24,12,51,61,11,2,6,0,14,0,53,41,15
26106,26,28,121,105,29,2,8,4,0,9,87,80,28
37106,37,4,22,35,9,0,2,0,7,2,29,30,8
85106,85,51,158,217,44,5,11,0,12,9,120,219,40
69106,69,25,99,160,38,0,3,3,0,6,102,128,35
41106,41,130,546,455,126,13,41,9,3,27,287,474,110
29106,29,31,125,244,90,11,18,9,0,14,146,147,77
22106,22,161,597,1018,313,31,56,14,48,14,704,672,298
19106,19,9,28,49,17,2,2,0,6,3,41,28,8
56106,56,28,106,152,46,5,3,0,0,7,100,114,42
44106,44,35,137,269,77,11,13,6,23,6,209,192,69
15106,15,3,19,25,2,1,0,0,3,3,16,23,4
04106,04,12,46,36,9,0,0,0,0,7,31,37,14
36106,36,2,16,19,9,5,5,2,0,2,0,15,0
23106,23,8,30,42,16,2,4,0,0,0,22,35,18
82106,82,7,17,14,0,2,5,0,0,4,3,20,9
66106,66,50,421,260,58,7,13,5,44,9,299,229,75
87106,87,47,193,286,83,9,10,4,16,6,245,167,74
48106,48,2,8,17,8,0,1,3,0,3,0,9,6
05106,05,14,39,28,5,2,2,0,0,1,37,29,7
83106,83,121,798,462,101,18,31,13,13,31,367,646,84
06106,06,16,82,62,11,0,6,0,0,8,14,86,14
84106,84,55,357,208,43,11,9,3,23,14,206,209,48
13106,13,196,1425,1022,208,31,25,15,93,37,1139,1049,239
80107,80,16,89,56,11,5,0,5,0,4,46,39,15
76107,76,4,41,26,6,0,6,0,10,0,29,27,12
22107,22,25,106,166,47,7,11,4,7,8,111,105,53
02107,02,6,11,4,3,0,0,0,4,3,13,3,4
27107,27,29,174,118,29,4,4,0,38,3,101,121,36
65107,65,4,7,11,6,0,1,5,0,5,8,7,5
59107,59,113,704,468,146,15,16,5,67,22,538,419,139
21107,21,18,109,106,28,8,9,1,0,4,74,106,22
60107,60,87,474,286,70,22,11,9,36,14,278,264,66
14107,14,0,14,21,7,5,0,1,0,0,1,14,10
57107,57,0,12,11,2,5,2,0,0,3,2,12,7
78107,78,38,110,262,62,7,1,12,0,7,143,246,59
54107,54,0,3,11,2,0,3,3,0,4,0,8,2
70107,70,8,60,35,4,1,2,0,24,0,35,30,4
64107,64,5,4,8,7,2,2,0,0,2,4,8,5
62107,62,15,78,33,11,1,7,0,0,4,34,24,14
971107,971,151,1261,2849,940,175,204,34,158,132,2168,1338,926
31107,31,105,459,709,214,9,27,10,70,34,616,444,207
25107,25,8,23,26,8,1,0,0,0,0,0,25,2
51107,51,7,50,33,12,0,0,2,0,5,0,39,11
52107,52,2,24,22,4,0,0,5,14,1,10,12,0
39107,39,0,16,17,2,0,0,0,3,6,15,13,6
71107,71,12,29,28,7,0,7,0,11,0,21,30,9
77107,77,67,294,280,77,13,11,9,76,12,256,219,63
55107,55,1,2,9,5,1,0,5,0,0,0,3,0
63107,63,7,34,63,16,7,8,2,6,0,47,42,14
38107,38,44,175,183,54,6,5,0,23,10,171,128,46
08107,08,28,177,100,26,6,10,4,3,8,100,106,26
61107,61,5,48,39,5,4,7,5,0,6,9,49,11
17107,17,27,130,151,33,7,5,0,15,8,114,132,34
01107,01,1,18,10,2,3,3,0,3,0,12,18,4
88107,88,0,3,8,0,0,3,2,0,0,0,5,3
32107,32,142,544,688,247,23,36,15,84,36,560,526,245
28107,28,14,56,46,9,4,7,3,0,1,20,47,8
49107,49,19,37,59,14,0,6,4,0,0,43,59,10
45107,45,11,40,36,12,4,4,0,0,2,12,27,8
16107,16,6,48,63,15,4,0,0,0,2,40,45,16
10107,10,6,14,6,5,3,5,0,0,5,0,14,0
11107,11,0,7,1,2,0,0,0,6,1,8,0,4
72107,72,6,30,39,4,0,7,5,0,2,24,47,12
26107,26,10,62,50,9,2,4,1,5,0,54,52,10
74107,74,6,11,23,7,2,4,0,0,6,0,20,8
09107,09,8,73,73,23,0,9,0,16,5,85,35,32
58107,58,6,25,20,2,3,5,0,1,4,17,11,3
67107,67,17,80,73,13,0,0,0,24,8,50,81,15
03107,03,32,133,128,36,6,7,1,0,5,107,99,35
73107,73,14,82,80,22,0,2,5,0,6,52,82,26
35107,35,28,125,252,80,3,7,5,36,0,174,152,82
2B107,2B,7,38,32,5,3,5,2,0,3,17,32,6
30107,30,15,76,44,12,0,7,3,5,0,58,38,11
37107,37,11,31,35,6,0,0,0,5,0,22,28,9
46107,46,2,20,27,7,6,4,0,0,5,2,11,10
34107,34,4,43,31,15,0,6,5,0,0,32,34,7
12107,12,12,31,47,12,0,0,1,5,0,26,28,12
47107,47,6,39,28,12,0,3,0,17,2,28,30,4
68107,68,12,59,41,15,3,1,0,4,5,27,46,13
53107,53,75,211,311,70,9,13,0,21,9,178,336,67
86107,86,14,47,62,17,0,1,6,0,4,24,41,21
42107,42,12,42,48,13,3,2,0,0,0,24,36,9
07107,07,32,129,137,42,2,12,0,9,3,131,101,33
43107,43,6,17,12,8,0,5,4,0,0,0,7,3
24107,24,9,41,47,8,3,5,2,1,7,46,30,19
18107,18,0,10,9,1,0,0,0,17,2,14,9,7
06107,06,4,18,15,5,0,0,0,0,3,0,22,0
69107,69,14,75,122,36,4,0,4,16,3,86,114,32
41107,41,20,65,51,8,4,3,0,0,5,27,56,9
29107,29,18,63,128,55,1,12,0,0,0,95,86,51
19107,19,34,138,216,55,2,9,0,28,9,159,140,52
56107,56,215,836,1303,350,29,62,15,56,26,710,978,333
15107,15,2,20,29,7,1,3,5,0,4,8,21,4
36107,36,16,86,72,23,5,8,0,24,5,66,76,25
23107,23,8,15,25,2,5,6,0,0,0,13,10,7
04107,04,6,0,0,1,0,2,3,0,1,0,0,0
82107,82,0,11,0,1,1,2,0,0,0,0,7,5
66107,66,13,136,79,23,2,10,0,0,9,91,74,16
44107,44,39,133,254,66,2,14,3,19,6,200,166,71
87107,87,26,126,178,47,9,10,0,9,4,162,105,53
48107,48,8,13,18,6,3,3,0,9,0,14,16,5
05107,05,7,48,46,14,0,1,3,17,7,47,42,14
83107,83,364,2290,1325,263,43,49,32,121,105,1093,1848,267
84107,84,20,94,56,15,6,1,0,0,5,46,56,10
13107,13,109,829,590,145,0,18,16,25,21,647,601,149
64108,64,15,63,123,32,1,11,0,30,7,101,78,36
62108,62,323,2378,1297,350,60,70,26,113,39,1304,996,372
76108,76,321,1682,1389,408,70,90,20,23,47,1405,1150,407
80108,80,0,11,5,0,0,0,0,13,0,6,6,1
02108,02,9,23,7,4,0,0,3,0,0,12,9,8
65108,65,21,80,117,38,4,5,0,26,0,106,76,32
27108,27,33,165,125,32,4,12,2,0,2,96,108,34
57108,57,6,47,32,3,0,0,3,8,0,29,26,8
21108,21,7,8,7,6,0,5,0,0,3,6,14,1
59108,59,21,86,56,16,1,0,0,18,0,62,54,12
60108,60,12,45,29,7,1,1,0,10,1,27,34,11
54108,54,1,15,17,10,0,0,0,3,2,12,16,5
971108,971,32,254,581,191,30,50,16,0,24,404,280,209
31108,31,3,24,40,12,0,4,3,0,0,30,17,13
33108,33,50,216,312,84,8,16,4,15,15,245,190,82
25108,25,8,39,36,13,0,2,0,0,2,16,37,4
39108,39,2,6,10,0,0,0,0,0,4,0,11,6
52108,52,6,24,17,5,5,0,3,0,3,0,14,8
71108,71,3,14,19,8,0,1,3,0,0,15,22,4
55108,55,0,32,18,2,0,0,0,12,1,13,9,0
77108,77,1237,4636,4660,1122,100,196,63,238,263,4206,3635,1121
89108,89,13,48,41,9,4,5,1,0,0,20,36,8
38108,38,0,10,19,9,1,0,0,1,1,13,14,8
51108,51,835,3980,2924,680,121,121,41,196,127,2050,3156,667
61108,61,10,27,20,6,5,3,1,0,4,6,20,9
17108,17,15,43,50,12,3,0,0,0,3,35,40,9
01108,01,37,135,116,28,6,5,1,23,5,87,114,24
28108,28,11,23,24,11,5,6,2,0,1,0,27,9
32108,32,4,13,10,8,0,6,0,0,5,11,11,7
45108,45,70,259,275,74,7,17,0,14,2,190,244,55
16108,16,0,10,17,6,0,1,1,12,0,17,10,1
10108,10,0,8,5,3,0,0,0,14,2,4,4,2
26108,26,216,1021,948,240,34,52,9,44,43,819,778,246
50108,50,16,46,48,20,0,1,0,0,0,40,45,9
79108,79,2,26,23,13,0,6,2,0,0,19,16,9
74108,74,37,99,123,23,2,10,0,10,6,84,143,29
67108,67,50,216,197,43,11,14,0,18,18,127,187,47
09108,09,3,26,18,10,1,1,5,0,5,22,13,4
03108,03,6,36,32,13,3,5,0,0,5,22,35,11
58108,58,0,7,6,4,0,0,0,18,2,5,4,1
35108,35,27,72,144,44,6,10,0,26,1,96,92,39
2A108,2A,4,34,21,8,1,0,2,0,5,4,32,8
37108,37,20,78,100,26,5,2,4,1,1,77,81,26
46108,46,12,33,57,22,0,1,4,1,0,50,42,18
34108,34,443,3010,2407,697,59,111,24,212,122,2663,2099,676
12108,12,5,33,51,12,3,7,0,0,0,30,46,15
40108,40,19,79,99,34,3,1,0,13,3,78,75,37
47108,47,8,30,31,6,0,0,4,4,0,19,22,3
81108,81,6,18,12,3,4,5,2,3,1,15,18,1
07108,07,2,15,13,2,0,0,1,1,5,18,9,7
43108,43,8,50,56,15,6,0,0,11,0,42,45,15
30108,30,4,28,18,1,0,2,2,0,4,16,13,10
85108,85,93,268,402,78,18,13,1,13,20,207,384,83
42108,42,24,115,108,24,0,1,4,29,5,97,89,24
24108,24,19,100,117,32,1,12,1,0,9,113,88,27
11108,11,3,3,8,0,3,0,0,0,4,0,0,0
53108,53,13,38,55,15,6,1,0,0,0,26,61,9
86108,86,6,41,55,19,8,4,0,2,8,42,31,4
18108,18,83,375,319,87,17,29,8,5,11,281,288,84
48108,48,7,0,12,5,0,6,4,0,0,0,11,5
83108,83,56,414,245,53,3,15,5,12,11,210,327,46
06108,06,108,700,514,83,14,33,19,19,30,375,704,90
69108,69,17,82,142,32,0,3,0,0,4,94,119,37
41108,41,7,16,20,5,0,0,0,0,5,0,18,0
29108,29,22,99,198,77,1,12,0,0,3,118,122,67
22108,22,4,15,19,7,0,3,3,0,0,7,14,3
19108,19,0,5,19,6,0,0,0,10,0,8,7,0
56108,56,27,84,135,35,9,2,5,33,0,87,102,38
63108,63,14,53,89,16,6,3,1,11,4,62,53,18
88108,88,11,60,46,10,6,0,0,16,0,41,45,7
78108,78,27,67,134,27,0,7,2,0,6,82,126,38
23108,23,0,15,21,6,2,0,4,0,6,13,14,2
36108,36,2,34,21,6,5,0,0,11,2,19,16,5
04108,04,40,208,176,46,5,9,0,0,12,177,157,45
82108,82,32,180,127,36,3,6,6,3,1,128,120,31
66108,66,67,595,350,107,14,12,5,32,24,373,324,98
44108,44,58,155,332,86,1,14,5,28,10,256,251,93
87108,87,7,41,54,15,0,0,0,19,0,47,38,23
05108,05,9,21,20,10,4,1,3,0,2,14,25,2
84108,84,46,336,221,46,7,10,0,30,17,210,209,46
13108,13,217,1547,1102,238,22,50,26,92,34,1215,1104,253
15108,15,32,114,156,29,6,8,10,31,10,72,135,20
62109,62,7,28,14,6,1,4,4,0,6,8,8,10
76109,76,8,27,25,1,0,2,0,0,6,14,12,5
65109,65,0,9,5,2,2,2,0,0,0,0,3,0
27109,27,12,52,31,10,0,2,0,0,3,23,32,9
57109,57,20,98,61,12,0,2,2,9,3,61,52,19
59109,59,15,113,83,17,2,5,0,0,5,91,74,21
21109,21,5,29,36,10,0,2,5,0,6,5,29,6
91109,91,36,80,146,41,0,9,5,0,8,114,104,36
60109,60,4,46,20,11,5,3,0,5,0,18,20,2
70109,70,12,53,29,9,5,7,1,0,0,16,29,2
64109,64,37,133,257,78,9,20,3,86,4,188,187,69
31109,31,11,34,51,22,0,6,0,0,0,53,30,22
33109,33,40,186,249,73,3,13,1,16,5,207,171,76
54109,54,16,109,92,24,7,2,5,1,2,74,62,21
25109,25,8,48,35,15,4,0,4,0,1,19,43,7
52109,52,0,0,0,0,2,0,0,0,5,0,0,0
39109,39,6,13,20,9,6,1,5,0,4,0,22,5
71109,71,17,41,41,9,6,5,4,0,0,29,40,10
08109,08,8,31,18,0,0,0,5,0,0,5,21,4
55109,55,3,30,16,4,5,0,0,1,1,10,15,3
77109,77,29,133,139,36,3,3,0,6,2,119,104,33
63109,63,5,39,53,11,2,2,0,12,6,45,38,13
38109,38,28,125,121,33,6,0,0,15,1,103,90,31
51109,51,11,25,18,6,0,0,0,0,1,9,28,5
17109,17,27,112,142,28,7,2,6,8,5,105,127,35
88109,88,26,114,82,20,4,1,0,0,8,52,74,17
01109,01,50,211,174,48,10,13,0,5,7,125,182,41
49109,49,27,115,180,35,14,8,0,16,1,124,166,38
45109,45,18,57,65,14,0,8,0,2,6,51,56,13
32109,32,1,19,20,9,0,0,0,17,0,21,16,8
16109,16,17,71,87,26,6,7,2,0,0,48,55,21
10109,10,2,33,26,9,0,5,2,0,4,0,29,4
11109,11,0,15,7,5,1,2,0,0,0,3,9,0
72109,72,8,54,64,10,5,1,1,6,3,49,78,19
50109,50,55,207,250,69,9,17,7,3,7,156,201,65
09109,09,4,19,12,6,4,0,0,0,2,15,9,11
67109,67,28,97,85,25,2,0,0,0,6,47,76,22
79109,79,100,299,478,127,12,25,5,10,15,322,342,129
58109,58,23,84,88,21,6,0,0,13,4,64,62,17
73109,73,24,79,88,27,6,8,3,0,6,64,74,24
03109,03,14,72,75,17,0,1,5,6,3,71,64,21
35109,35,51,160,347,90,15,13,8,4,10,225,221,96
30109,30,11,76,45,13,0,0,1,0,1,43,45,12
2B109,2B,8,39,31,10,0,3,0,0,0,21,40,1
37109,37,315,1109,1438,401,33,54,15,97,48,1081,1185,399
46109,46,14,34,58,11,0,0,0,24,1,62,34,12
34109,34,11,118,93,31,2,3,0,0,2,101,82,26
40109,40,4,35,48,24,0,2,4,6,7,45,39,12
47109,47,10,38,29,7,0,2,2,2,0,33,24,7
12109,12,0,15,21,2,4,5,0,0,0,0,10,6
971109,971,48,438,1014,323,59,66,18,31,40,773,490,305
53109,53,20,44,70,18,6,6,0,13,0,39,76,16
68109,68,30,107,65,21,1,9,0,2,7,51,75,18
86109,86,10,16,22,3,2,2,0,12,0,29,15,8
18109,18,50,187,170,44,10,5,6,16,10,149,155,47
07109,07,5,47,47,7,0,2,0,8,5,38,31,6
81109,81,8,53,54,11,4,3,1,0,1,41,45,14
42109,42,1,16,12,0,3,0,1,0,0,10,13,9
02109,02,6,80,33,7,7,0,4,0,2,42,40,11
24109,24,8,15,20,7,0,1,0,0,0,0,11,2
83109,83,7,48,26,3,0,2,0,0,1,21,42,3
06109,06,14,135,90,12,0,0,3,8,0,61,127,23
43109,43,0,10,13,2,1,6,2,1,0,9,14,1
41109,41,20,99,82,16,3,9,1,0,0,60,83,25
29109,29,35,117,237,86,0,14,3,10,8,164,138,83
22109,22,0,23,29,11,0,0,0,4,3,30,17,12
69109,69,23,82,112,34,4,1,4,0,10,80,109,25
19109,19,1,17,24,11,6,7,0,3,0,21,21,4
56109,56,25,98,146,47,2,10,0,0,1,100,106,46
80109,80,12,56,45,11,2,5,0,4,0,32,24,3
36109,36,24,111,97,27,10,4,0,28,7,97,94,25
13109,13,45,348,243,58,7,12,0,18,10,242,233,66
28109,28,12,40,26,3,0,4,0,0,4,24,35,5
85109,85,389,1324,1892,378,56,81,7,128,45,1075,1836,376
23109,23,6,15,19,7,0,4,0,0,6,21,19,7
04109,04,6,50,37,12,0,3,0,0,0,32,37,13
82109,82,6,30,21,6,3,2,3,0,5,15,21,10
66109,66,2,39,22,4,5,0,0,2,0,25,24,5
44109,44,5330,16536,34335,9557,745,1409,420,1590,872,25317,23532,9585
87109,87,5,25,33,9,1,0,4,11,0,33,26,16
05109,05,22,62,69,12,0,0,0,11,0,57,56,12
84109,84,3,34,19,9,0,1,4,0,0,0,25,8
74109,74,22,79,86,17,0,6,1,20,0,56,99,25
76110,76,7,43,46,17,6,2,0,0,0,39,37,11
80110,80,14,87,63,6,9,2,0,12,2,53,48,11
02110,02,48,330,155,33,11,12,0,0,10,156,142,42
27110,27,11,86,55,14,4,9,0,19,0,45,50,21
57110,57,7,46,38,15,2,0,0,22,6,30,27,5
95110,95,1,18,30,11,0,2,0,0,2,18,24,4
21110,21,22,70,76,17,2,4,0,0,1,50,68,12
60110,60,8,33,19,0,1,0,5,0,0,24,26,2
59110,59,36,217,155,41,4,8,0,0,11,132,124,44
14110,14,0,9,20,6,0,0,0,0,0,4,13,9
65110,65,2,2,7,2,2,4,0,4,2,7,11,0
64110,64,10,11,31,14,2,1,0,13,0,20,24,5
31110,31,14,51,74,21,0,2,1,11,4,80,44,28
50110,50,27,86,120,36,0,2,3,13,0,77,103,27
54110,54,16,76,74,20,1,0,5,0,4,51,49,23
25110,25,25,110,111,21,5,2,4,0,9,64,100,28
51110,51,0,12,5,7,2,5,0,0,2,0,6,5
39110,39,0,8,2,0,0,1,0,4,0,2,11,3
52110,52,8,30,12,0,1,5,0,0,0,3,17,8
71110,71,24,71,79,14,2,4,4,0,4,57,65,17
55110,55,10,38,21,4,0,1,1,0,6,11,14,4
77110,77,6,41,35,4,0,0,0,14,6,34,22,7
38110,38,59,247,271,74,15,16,0,0,11,216,187,74
63110,63,7,44,53,19,4,1,0,4,0,53,33,15
17110,17,19,93,96,31,0,3,0,0,7,89,95,30
88110,88,7,28,27,9,5,4,1,0,6,0,21,5
01110,01,0,18,16,1,0,4,0,8,5,11,14,5
49110,49,52,135,228,50,3,10,0,23,2,142,215,57
45110,45,7,23,31,3,0,3,0,12,0,14,24,8
16110,16,19,87,109,19,3,3,3,0,3,71,67,16
32110,32,9,40,38,17,2,1,1,0,7,29,26,17
10110,10,24,77,57,13,0,0,3,0,7,39,59,14
11110,11,2,12,8,8,4,0,1,0,5,10,13,6
72110,72,26,108,90,25,8,7,0,5,0,80,135,31
26110,26,12,59,57,12,0,6,0,0,8,58,58,21
67110,67,38,140,124,32,8,2,0,0,6,71,122,26
09110,09,0,7,14,5,0,3,1,2,0,10,11,8
58110,58,1,25,18,6,1,5,0,6,4,19,21,7
03110,03,21,106,95,27,6,10,0,0,0,82,82,29
73110,73,15,72,88,22,0,5,3,6,0,66,73,25
2B110,2B,1,15,10,0,0,0,0,2,5,3,16,0
35110,35,26,66,137,36,5,9,0,0,0,85,89,45
30110,30,4,62,37,12,5,0,5,3,0,37,32,4
37110,37,40,132,168,40,5,12,4,6,4,132,159,42
34110,34,9,91,68,17,4,4,1,0,6,77,63,15
40110,40,18,55,73,31,5,2,0,29,0,66,50,23
12110,12,12,29,53,12,1,0,0,13,1,47,43,11
47110,47,34,182,170,45,5,8,0,31,8,135,142,50
53110,53,22,92,134,28,2,10,1,0,0,69,145,31
68110,68,29,129,91,19,0,4,0,0,2,55,104,26
86110,86,2,28,25,13,0,0,5,0,0,23,21,7
18110,18,18,110,96,27,5,4,0,0,1,82,88,20
81110,81,6,10,9,2,2,6,2,0,3,11,12,0
07110,07,43,187,180,50,6,14,2,15,4,182,155,57
85110,85,28,79,115,21,8,10,6,0,0,52,96,19
42110,42,104,450,426,103,21,34,6,19,9,327,343,105
24110,24,4,4,6,2,3,1,3,0,0,7,4,1
971110,971,18,127,301,99,17,27,11,17,9,190,141,104
43110,43,17,87,83,15,2,9,0,32,3,70,70,25
29110,29,13,56,117,46,1,10,0,0,7,43,73,42
41110,41,26,104,85,21,7,0,0,0,5,47,86,28
22110,22,7,42,76,19,0,9,5,0,4,52,47,17
69110,69,38,151,237,53,6,11,0,8,8,166,213,61
19110,19,6,15,14,9,4,0,1,0,0,3,14,4
08110,08,8,13,20,8,6,6,4,0,0,0,10,8
28110,28,124,474,404,115,24,16,5,23,33,287,412,101
56110,56,23,77,107,27,4,10,5,8,8,67,82,29
23110,23,0,10,6,0,0,5,0,0,3,1,11,0
15110,15,9,16,22,4,1,0,0,0,6,7,18,7
36110,36,8,25,25,7,0,6,5,0,4,16,20,11
04110,04,31,135,107,21,0,6,0,13,9,107,93,23
82110,82,30,140,100,29,2,3,6,0,8,76,90,34
44110,44,176,567,1212,341,29,68,18,54,44,884,815,327
87110,87,47,218,327,97,6,16,2,36,17,288,183,88
48110,48,0,9,16,5,3,0,4,0,0,10,7,8
05110,05,10,41,37,7,6,2,0,13,7,43,37,9
06110,06,5,21,16,2,0,0,5,4,1,17,22,6
83110,83,34,264,139,29,5,5,0,20,6,133,197,24
84110,84,3,0,9,1,3,0,2,0,1,0,5,2
13110,13,197,1446,1009,236,33,42,22,52,42,1091,1033,236
64111,64,6,4,10,8,0,0,0,4,4,13,11,2
62111,62,1,48,23,4,2,5,0,0,4,17,24,1
76111,76,20,81,65,24,4,0,1,0,1,43,49,21
02111,02,19,127,55,19,5,8,0,0,6,42,64,16
27111,27,5,17,14,0,0,1,5,5,0,10,18,1
91111,91,118,269,399,110,12,15,0,36,20,333,283,101
21111,21,11,37,40,6,6,7,3,0,0,25,30,10
57111,57,14,75,59,18,6,6,0,0,0,39,48,15
59111,59,11,50,41,8,7,6,2,2,3,35,26,11
60111,60,0,14,13,2,0,0,5,4,0,14,14,0
14111,14,5,39,48,10,0,0,0,8,0,32,38,17
65111,65,0,7,11,0,3,0,0,0,0,13,5,6
70111,70,10,31,20,6,1,0,0,12,0,12,23,6
31111,31,6,22,44,17,2,0,5,0,0,17,28,15
33111,33,18,81,115,33,0,8,2,0,4,94,77,26
50111,50,23,91,124,32,0,4,1,25,0,70,92,25
54111,54,61,310,273,76,5,16,4,35,10,252,209,89
25111,25,13,41,34,13,0,0,0,3,0,29,42,8
51111,51,3,15,21,7,4,0,0,0,1,8,20,1
39111,39,4,2,2,6,2,4,0,0,0,0,10,1
71111,71,8,36,30,8,0,2,0,14,2,27,36,10
55111,55,15,80,40,9,4,0,2,22,0,31,40,13
77111,77,136,493,506,132,0,18,8,13,26,444,405,133
38111,38,211,931,1053,279,16,27,7,79,37,835,690,267
17111,17,16,74,85,27,0,3,4,5,8,78,76,19
63111,63,0,12,21,3,2,0,2,0,0,0,11,7
88111,88,15,54,42,9,5,1,0,0,7,32,32,4
61111,61,12,40,41,7,1,0,0,13,3,26,44,10
01111,01,0,23,17,8,3,0,2,0,0,4,12,3
28111,28,11,39,36,11,3,0,0,7,3,26,42,7
45111,45,19,49,57,16,1,0,5,0,0,25,45,13
16111,16,6,27,21,3,2,0,4,10,0,17,12,8
10111,10,8,22,7,1,0,5,0,1,0,14,12,0
32111,32,5,0,10,0,0,0,3,0,0,0,5,0
26111,26,1,14,13,0,5,4,0,2,0,10,6,3
11111,11,13,78,57,17,0,3,4,8,2,68,49,19
72111,72,10,58,53,14,0,3,0,0,1,36,74,17
971111,971,48,316,716,229,57,37,8,36,44,537,322,226
67111,67,19,50,45,12,2,0,0,10,2,26,51,14
09111,09,7,31,30,16,0,2,1,0,0,47,18,12
79111,79,2,24,31,6,0,3,1,4,1,31,18,14
74111,74,12,23,24,1,2,3,0,0,1,10,33,10
03111,03,31,125,131,34,8,11,1,12,9,103,100,27
2B111,2B,0,8,4,0,0,4,0,3,3,11,17,0
30111,30,4,52,38,11,0,3,5,9,0,45,30,15
46111,46,5,19,26,6,4,0,3,0,0,16,15,7
58111,58,1,12,16,2,3,1,0,5,2,11,13,2
34111,34,75,444,378,106,9,11,0,49,13,399,301,117
40111,40,13,77,84,30,0,2,6,31,3,72,62,31
37111,37,45,132,183,53,4,3,0,16,4,132,147,52
12111,12,15,50,76,20,3,8,4,0,3,49,61,19
47111,47,10,59,51,14,0,4,1,17,6,42,44,8
68111,68,27,126,91,16,0,6,0,5,8,62,100,22
18111,18,7,18,26,8,0,0,2,0,0,10,18,7
86111,86,41,161,224,64,10,5,4,7,4,167,162,61
07111,07,2,31,18,7,4,3,0,0,6,15,19,8
85111,85,38,136,192,42,2,6,2,3,0,103,181,42
24111,24,1,6,9,3,0,0,0,0,4,11,4,1
53111,53,13,34,60,8,0,3,4,0,3,33,51,17
81111,81,5,1,9,4,2,4,3,0,4,0,11,0
43111,43,22,92,98,19,5,9,0,0,7,80,87,28
29111,29,25,78,159,55,1,4,0,0,7,89,91,58
22111,22,10,34,63,22,0,7,0,6,1,47,37,15
19111,19,2,10,7,0,4,0,0,0,5,3,11,8
08111,08,19,120,70,20,0,3,0,0,7,54,69,13
35111,35,10,33,86,21,0,4,0,15,1,60,49,23
89111,89,13,37,28,8,0,0,1,0,3,17,30,12
56111,56,28,116,192,53,2,6,1,12,7,109,126,46
23111,23,12,22,27,5,2,0,0,2,3,34,30,6
69111,69,9,51,84,17,0,1,2,11,3,61,73,17
15111,15,7,23,39,9,1,4,0,0,3,10,35,7
36111,36,11,22,23,3,3,2,3,0,0,22,24,1
04111,04,39,169,144,37,7,4,4,0,2,151,116,35
82111,82,12,39,27,6,4,6,5,0,6,21,33,12
66111,66,1,29,18,5,0,0,2,14,0,16,16,10
44111,44,48,146,297,79,0,12,5,5,6,238,209,86
87111,87,35,132,205,56,12,8,3,36,7,171,127,69
48111,48,6,15,16,3,3,5,0,10,6,15,24,5
05111,05,8,34,29,4,6,4,2,0,0,20,26,9
06111,06,0,27,18,9,5,0,3,8,5,13,29,6
84111,84,10,53,34,9,3,0,0,0,4,39,32,3
83111,83,54,300,183,36,2,7,3,17,12,155,272,33
13111,13,20,137,88,27,3,1,0,0,0,112,102,25
62112,62,16,95,56,17,3,0,0,0,5,29,44,19
80112,80,5,41,20,10,2,0,0,0,4,16,17,9
02112,02,21,135,69,9,7,8,0,0,0,43,60,14
27112,27,114,523,345,100,19,32,5,34,16,312,347,91
21112,21,6,55,53,14,2,1,1,0,6,40,40,12
57112,57,0,12,7,3,4,2,0,0,4,6,5,0
91112,91,2,10,15,6,3,0,1,2,4,14,13,3
59112,59,263,1457,1004,282,41,51,14,58,32,1040,809,301
60112,60,3,42,30,8,0,5,0,0,0,21,31,10
65112,65,3,9,22,6,2,1,0,0,3,22,17,3
64112,64,7,26,48,10,0,6,0,25,3,43,30,11
31112,31,5,13,30,11,0,2,0,0,2,20,16,4
33112,33,7,13,16,5,0,1,1,0,5,2,12,9
70112,70,11,38,22,1,3,0,0,0,6,3,22,3
25112,25,22,126,117,28,9,5,5,0,3,95,99,24
54112,54,12,73,63,14,6,5,0,12,0,48,39,16
51112,51,8,69,46,11,0,6,0,0,6,26,51,13
77112,77,4,30,35,6,3,6,0,0,1,15,23,10
71112,71,10,36,30,5,6,0,2,0,0,15,26,7
38112,38,5,22,19,6,5,0,0,0,0,17,8,6
63112,63,11,43,69,22,3,0,2,10,0,53,39,13
89112,89,9,20,20,4,0,4,0,7,0,10,20,1
01112,01,8,43,40,9,0,3,2,0,0,25,44,14
16112,16,7,2,5,0,2,0,2,0,5,0,10,0
10112,10,1,18,14,8,0,0,3,10,2,7,13,8
32112,32,7,23,38,14,0,0,0,5,0,23,31,8
11112,11,2,16,3,0,0,0,0,11,0,7,2,3
26112,26,3,31,24,10,2,0,4,0,0,23,27,7
72112,72,12,43,47,17,0,2,5,4,0,48,65,8
67112,67,92,352,320,76,10,19,6,27,10,201,322,89
74112,74,214,658,845,187,28,21,16,21,51,532,871,178
79112,79,22,78,97,30,4,5,0,12,3,79,66,21
03112,03,16,77,91,13,3,3,6,16,0,65,68,14
2B112,2B,3,35,31,3,0,0,4,11,1,18,28,0
35112,35,21,77,146,42,6,4,6,2,5,97,96,38
30112,30,32,207,146,41,3,3,0,5,10,160,125,41
46112,46,6,15,29,8,5,0,0,3,0,31,26,5
34112,34,7,32,23,8,0,2,4,0,5,22,19,5
40112,40,3,14,16,0,2,0,3,0,0,0,9,10
37112,37,15,33,49,10,1,6,0,0,6,31,36,16
971112,971,61,436,940,274,49,50,20,54,28,706,463,305
47112,47,8,61,51,14,1,0,2,5,0,45,46,19
68112,68,351,1347,1006,243,30,47,15,129,68,670,1115,258
18112,18,7,41,34,7,0,0,0,8,7,41,30,14
42112,42,16,58,58,12,1,1,0,1,5,41,42,7
85112,85,76,291,434,91,13,21,8,5,7,233,410,74
86112,86,23,100,115,34,3,11,0,0,9,101,93,34
50112,50,9,48,56,11,0,3,4,0,6,31,54,16
39112,39,5,8,17,7,0,0,0,0,1,3,15,2
17112,17,21,74,79,24,6,6,4,0,3,43,62,24
45112,45,14,43,34,5,0,0,5,6,0,22,37,9
58112,58,23,84,73,15,8,3,0,0,0,53,62,25
81112,81,24,105,109,38,1,4,6,37,0,108,82,29
07112,07,7,38,25,10,4,4,0,0,3,26,28,8
43112,43,111,403,421,86,7,20,5,28,9,323,333,98
29112,29,27,69,146,51,4,7,1,21,0,105,91,59
22112,22,11,27,49,15,0,0,5,18,2,46,32,11
41112,41,6,35,27,8,3,6,3,0,3,25,26,7
76112,76,11,34,40,7,4,0,0,0,1,28,33,14
49112,49,21,78,141,37,4,5,0,0,3,82,120,34
53112,53,7,22,45,5,1,0,5,4,0,27,39,8
06112,06,93,527,358,54,12,10,5,1,23,259,515,66
69112,69,120,485,828,194,34,25,9,9,30,596,732,228
19112,19,0,12,7,1,1,0,0,3,0,15,9,3
56112,56,17,65,102,26,8,7,0,1,0,64,73,29
23112,23,22,71,92,26,1,9,0,21,2,80,62,28
15112,15,3,11,9,2,0,0,0,3,2,12,14,4
04112,04,467,2391,1948,479,65,102,25,219,106,2157,1804,476
82112,82,278,1408,1086,313,29,69,11,122,56,992,950,308
66112,66,9,36,21,10,0,2,2,0,0,29,15,4
36112,36,25,97,85,23,1,2,0,5,0,76,71,26
44112,44,11,41,78,24,0,6,6,5,0,66,50,28
87112,87,14,60,93,23,0,10,0,0,1,65,47,30
48112,48,0,11,18,2,3,0,1,0,0,14,21,5
05112,05,0,10,16,0,2,4,1,0,5,0,14,8
83112,83,358,2230,1321,253,47,40,30,70,76,1057,1811,258
84112,84,21,118,75,14,3,1,0,0,0,66,73,18
13112,13,186,1245,888,205,18,31,14,33,52,941,897,214
64113,64,0,12,20,6,0,4,2,0,1,3,16,8
62113,62,11,74,39,10,0,1,0,15,4,42,31,15
76113,76,5,43,36,7,5,0,2,0,0,31,30,14
80113,80,12,55,39,9,3,0,0,11,5,31,24,6
21113,21,4,15,22,9,6,5,4,0,0,0,25,9
57113,57,28,128,95,21,0,9,0,5,0,75,78,29
78113,78,13,45,97,19,0,1,0,0,3,44,89,17
59113,59,25,168,119,38,1,5,3,0,8,114,90,33
27113,27,7,24,17,7,2,0,0,0,1,10,16,6
60113,60,7,32,16,5,3,6,4,0,3,1,19,0
65113,65,5,31,29,12,0,0,2,6,0,37,23,6
31113,31,218,997,1549,468,27,91,44,90,49,1277,954,476
33113,33,3,10,22,9,0,5,0,8,0,17,14,2
70113,70,5,22,11,3,2,6,0,4,0,14,7,2
25113,25,8,20,12,4,5,0,0,4,0,9,10,0
51113,51,0,16,17,1,0,5,0,0,1,5,8,8
54113,54,40,164,149,46,10,12,0,8,5,132,107,43
52113,52,12,39,28,0,1,2,5,0,4,6,27,10
08113,08,8,59,38,9,2,2,0,17,1,32,38,9
55113,55,0,26,9,2,6,3,0,10,0,10,17,0
77113,77,27,112,120,33,4,8,6,8,3,102,81,24
71113,71,5,8,6,7,2,1,0,0,3,0,12,6
38113,38,14,58,68,24,2,8,0,8,7,58,48,17
63113,63,1965,7745,11939,3176,344,562,119,1154,397,9541,7226,3127
89113,89,22,98,65,16,2,9,0,0,2,54,59,20
61113,61,7,5,7,0,0,0,0,0,0,10,8,0
88113,88,7,24,23,6,4,0,4,0,0,15,13,1
01113,01,24,90,71,21,0,5,6,2,6,55,72,14
28113,28,36,174,156,38,4,6,6,0,5,105,143,36
49113,49,13,37,59,11,1,2,0,0,0,34,47,18
45113,45,10,27,30,6,0,6,0,3,1,26,25,10
10113,10,8,34,27,7,0,1,4,0,0,7,27,6
32113,32,2,2,6,1,5,5,5,0,4,0,12,0
11113,11,7,20,19,3,0,0,0,0,3,10,12,1
72113,72,17,68,75,23,2,9,0,9,1,58,97,14
26113,26,111,522,460,131,17,23,2,53,20,439,402,126
67113,67,14,40,38,8,0,5,0,23,0,22,35,9
09113,09,8,54,69,21,0,9,4,14,5,58,33,25
73113,73,7,16,16,5,5,5,3,0,2,4,14,9
03113,03,12,62,61,16,1,0,0,0,2,50,51,9
58113,58,6,22,11,1,4,3,0,0,3,5,6,6
2B113,2B,0,9,8,0,0,0,0,17,0,1,7,5
30113,30,2,40,30,8,3,2,1,5,0,23,19,5
46113,46,5,31,43,12,1,0,2,9,0,35,27,12
34113,34,104,752,621,166,14,20,10,21,27,605,510,163
40113,40,14,49,60,21,5,6,3,0,0,37,50,28
12113,12,8,37,66,13,0,0,0,10,2,51,41,15
47113,47,1,14,16,4,0,0,1,12,0,13,12,4
68113,68,40,169,137,25,5,12,5,32,4,86,153,29
53113,53,10,49,67,16,0,6,5,21,0,39,74,13
18113,18,0,26,20,2,6,5,0,7,0,15,19,2
86113,86,60,259,332,95,18,27,1,0,20,254,245,102
42113,42,3,27,33,9,2,0,0,4,2,27,19,9
85113,85,154,495,735,144,10,33,14,1,18,386,699,149
24113,24,0,9,13,6,2,0,1,0,3,6,7,4
17113,17,18,75,77,22,0,4,5,0,3,56,64,16
16113,16,154,655,790,193,19,42,11,48,26,581,537,189
07113,07,6,35,39,11,4,5,0,0,0,17,30,13
29113,29,41,147,295,100,6,22,5,0,4,188,189,105
22113,22,353,1413,2440,736,62,128,37,133,80,1708,1628,795
43113,43,61,235,231,52,3,18,0,0,8,186,190,58
41113,41,8,30,32,8,0,0,0,8,0,24,24,5
971113,971,207,1667,3785,1257,198,255,37,265,137,2973,1838,1244
37113,37,21,84,108,28,0,6,0,0,0,74,81,32
87113,87,134,526,754,235,26,42,15,15,26,633,452,222
19113,19,22,65,88,18,0,7,2,14,0,67,58,15
56113,56,25,83,120,33,8,2,0,0,3,58,98,36
23113,23,13,37,35,8,2,6,0,0,1,32,28,14
69113,69,18,58,93,20,1,4,5,6,9,68,78,21
15113,15,11,33,35,7,0,0,3,7,4,23,31,13
04113,04,11,52,46,6,2,6,5,4,0,55,38,15
36113,36,31,121,94,34,9,4,1,0,7,91,96,34
82113,82,24,159,122,30,5,9,0,24,7,117,106,33
66113,66,3,29,11,9,3,4,0,0,0,16,20,1
44113,44,74,261,485,138,23,24,9,37,7,349,340,133
05113,05,18,48,55,9,2,5,4,0,6,42,50,8
83113,83,59,401,211,49,6,8,1,5,6,180,317,43
84113,84,22,136,82,20,2,7,4,0,4,55,83,24
06113,06,22,178,122,27,1,6,5,0,15,67,171,22
13113,13,188,1241,898,213,31,48,16,29,48,942,904,213
62114,62,1,37,15,6,0,6,0,0,6,6,10,9
64114,64,7,41,89,26,0,2,0,32,0,63,50,23
76114,76,196,1147,1017,284,33,53,9,57,38,956,798,259
80114,80,9,41,30,12,2,6,4,0,1,15,27,9
02114,02,36,225,105,21,2,2,0,24,9,105,95,30
27114,27,30,181,123,29,3,10,4,0,1,100,102,26
57114,57,15,62,54,8,0,0,4,26,1,44,38,9
59114,59,29,213,156,38,9,2,9,18,7,160,117,44
91114,91,769,1699,2750,710,57,110,38,162,126,2154,1927,717
21114,21,3,13,14,7,0,2,0,3,0,13,19,9
60114,60,3,16,19,4,5,4,0,0,1,6,7,3
65114,65,0,7,8,8,2,6,0,0,1,5,12,0
31114,31,9,15,38,6,0,5,3,0,0,31,16,13
33114,33,35,144,181,58,0,16,5,0,7,155,136,54
70114,70,5,28,26,4,2,7,0,0,0,8,22,8
25114,25,10,46,47,15,0,3,2,0,2,22,46,10
54114,54,6,44,38,12,3,2,0,0,3,26,23,15
24114,24,0,4,12,6,0,0,0,0,3,0,11,0
77114,77,121,406,412,101,8,28,7,4,21,376,302,102
55114,55,2,30,16,8,5,3,0,0,7,3,23,2
39114,39,11,31,18,2,6,5,0,0,3,12,20,0
52114,52,39,239,127,37,7,18,7,0,7,81,120,31
38114,38,33,157,181,50,3,4,3,15,10,156,125,54
17114,17,0,14,26,8,0,2,4,0,0,3,23,8
63114,63,3,18,16,4,0,3,0,4,0,11,19,5
61114,61,0,14,12,1,6,0,0,10,5,10,23,6
01114,01,8,64,53,7,0,4,0,7,8,33,46,12
88114,88,73,366,250,64,13,13,6,25,21,203,216,65
28114,28,1,20,11,1,5,1,0,0,1,17,17,4
49114,49,8,14,19,7,0,0,0,3,0,13,17,9
45114,45,7,33,24,5,5,2,5,0,0,15,20,7
16114,16,1,11,20,9,0,0,4,0,0,11,15,9
10114,10,16,111,61,16,0,0,6,7,0,48,80,13
11114,11,6,1,7,0,0,0,0,0,0,0,7,0
32114,32,2,10,21,7,5,6,0,0,0,0,14,2
72114,72,3,19,29,6,3,3,0,0,6,26,29,4
26114,26,90,406,357,107,19,14,3,21,21,317,306,113
09114,09,3,16,10,6,0,0,5,4,6,12,7,2
74114,74,16,44,51,7,0,7,1,0,8,30,47,7
79114,79,34,120,181,54,5,11,5,29,2,127,130,51
2A114,2A,34,238,160,35,0,8,0,35,10,121,228,23
73114,73,22,75,83,18,1,2,0,22,2,73,87,20
58114,58,0,17,9,1,0,5,0,0,3,7,13,4
30114,30,15,96,60,18,0,0,6,6,3,70,62,12
35114,35,3,14,28,10,3,5,0,2,0,19,25,12
46114,46,3,34,50,9,0,1,0,17,0,45,24,11
34114,34,120,804,659,183,6,17,6,40,24,701,546,181
40114,40,7,33,47,9,0,0,2,3,1,40,28,21
971114,971,51,464,1001,337,63,74,17,34,35,762,478,305
47114,47,13,38,32,8,4,4,5,8,4,32,27,14
68114,68,5,21,20,4,0,0,3,0,2,6,15,8
53114,53,8,19,19,6,0,0,0,1,6,18,20,0
18114,18,6,30,30,9,1,3,5,0,0,0,27,10
85114,85,99,345,456,74,11,20,3,52,10,253,448,95
86114,86,30,127,164,52,7,6,5,0,10,123,111,53
03114,03,12,37,29,9,0,0,4,0,0,23,25,13
37114,37,10,22,30,8,2,0,0,0,0,0,28,12
81114,81,14,54,61,19,0,5,4,1,1,53,49,16
07114,07,4,22,29,11,0,1,0,0,3,26,18,12
29114,29,5,16,45,16,5,0,0,6,0,29,32,17
22114,22,13,60,117,30,3,5,6,5,2,90,74,32
43114,43,60,202,220,45,6,17,11,19,6,169,173,49
41114,41,12,26,32,8,2,0,0,0,5,18,31,2
19114,19,1,20,29,4,0,0,0,6,0,25,17,9
56114,56,28,105,147,36,2,5,3,0,2,92,115,47
23114,23,6,39,41,23,4,5,6,6,0,38,40,21
15114,15,9,53,74,19,7,4,0,0,4,39,67,16
36114,36,12,47,38,13,2,3,4,4,0,36,32,11
82114,82,14,92,70,15,1,0,1,18,0,52,52,17
66114,66,38,258,160,46,6,15,6,0,6,180,145,48
44114,44,583,1804,3710,1037,89,176,43,227,66,2755,2623,1025
87114,87,238,928,1344,411,60,68,12,60,46,1134,778,397
05114,05,15,41,43,13,1,0,0,0,0,30,32,10
06114,06,115,751,482,110,6,18,13,34,30,306,702,107
83114,83,11,39,26,1,3,0,0,4,3,20,34,1
84114,84,7,28,21,1,0,0,0,0,0,17,20,3
13114,13,98,833,577,138,11,27,12,62,22,659,585,138
62115,62,11,90,50,7,0,4,1,2,1,41,31,16
64115,64,2,5,11,4,1,0,3,6,4,15,7,6
76115,76,13,65,58,9,6,0,0,1,0,53,46,16
80115,80,4,56,41,6,0,3,4,0,0,22,24,8
02115,02,5,36,20,5,2,0,5,1,0,15,16,5
27115,27,14,59,41,11,0,7,0,0,0,19,38,15
57115,57,2,12,11,6,0,0,2,1,0,7,7,0
59115,59,11,92,58,17,3,1,2,9,2,72,49,11
91115,91,91,231,344,81,9,19,5,23,6,274,233,94
60115,60,20,129,81,15,9,4,0,12,10,71,84,18
21115,21,13,35,45,5,2,6,5,0,3,26,41,6
08115,08,10,84,58,19,2,4,1,2,0,59,51,15
65115,65,6,24,36,7,1,0,0,11,2,31,17,10
31115,31,0,11,12,2,0,0,0,0,3,0,11,0
33115,33,3,26,39,16,0,1,0,14,2,34,23,12
70115,70,4,36,28,8,0,4,4,0,0,16,21,8
25115,25,3,33,35,8,0,2,0,5,0,28,24,7
51115,51,16,84,71,10,1,5,3,0,2,39,72,20
54115,54,160,771,671,187,35,28,14,57,9,595,477,189
52115,52,2,14,14,0,5,0,4,0,1,3,13,0
77115,77,19,60,49,12,0,7,0,0,3,50,46,10
24115,24,55,229,232,64,14,14,0,21,12,226,170,58
71115,71,6,11,12,1,0,0,0,0,0,8,13,0
55115,55,4,6,7,1,0,0,4,0,0,0,2,5
17115,17,14,45,39,14,0,5,3,0,1,26,40,5
63115,63,8,14,25,3,1,0,0,20,6,21,15,8
89115,89,10,17,12,9,2,0,0,3,3,12,13,0
01115,01,30,133,130,30,0,2,0,31,9,86,121,27
88115,88,47,203,139,31,7,12,1,0,9,103,132,40
45115,45,114,447,430,105,19,19,9,24,14,292,388,104
10115,10,57,291,192,41,9,11,2,0,12,111,226,39
11115,11,20,97,83,24,5,7,0,1,6,83,56,21
37115,37,94,326,388,106,3,20,12,36,15,313,345,110
72115,72,23,96,85,24,0,3,0,0,5,74,128,22
26115,26,15,76,72,22,0,3,1,5,4,60,64,16
32115,32,6,35,33,17,0,2,0,23,0,27,26,16
67115,67,74,287,252,68,6,9,6,3,10,166,255,63
09115,09,0,16,17,1,3,5,0,0,0,16,12,7
79115,79,16,41,66,22,5,0,2,0,0,41,48,20
03115,03,6,43,45,7,0,0,3,0,0,35,26,10
58115,58,11,29,27,5,0,0,2,2,1,16,20,2
2A115,2A,0,21,21,1,0,0,5,7,5,16,18,0
30115,30,8,48,25,11,0,0,5,0,1,31,19,2
35115,35,366,1148,2455,690,56,100,29,93,45,1563,1529,716
46115,46,5,13,16,2,6,4,4,0,6,14,12,8
34115,34,8,26,20,3,0,0,0,0,5,10,11,4
40115,40,4,29,37,10,3,4,5,0,0,20,27,9
68115,68,48,209,149,38,7,4,2,35,12,115,165,36
47115,47,6,38,30,10,1,7,3,0,1,27,21,4
53115,53,7,32,36,12,0,4,0,0,3,22,50,7
18115,18,17,94,86,21,8,4,0,0,0,60,76,21
86115,86,156,634,810,214,32,43,27,128,24,690,596,228
42115,42,28,127,125,30,5,4,0,19,6,107,92,30
12115,12,4,20,42,8,0,7,2,0,0,37,38,10
85115,85,23,57,85,17,8,1,2,0,0,52,89,11
81115,81,30,139,144,41,8,3,1,24,7,133,108,42
07115,07,25,89,88,26,3,8,4,0,4,76,63,20
971115,971,133,1049,2296,779,144,163,36,135,91,1774,1135,763
29115,29,3,26,49,21,0,4,0,0,6,11,24,16
22115,22,6,29,63,13,0,0,0,4,5,38,40,21
43115,43,39,128,130,25,1,8,0,10,4,108,109,29
50115,50,6,32,35,8,1,5,0,15,0,32,31,13
48115,48,3,19,28,8,5,3,3,0,2,0,30,11
19115,19,4,21,47,13,4,3,0,0,3,25,29,10
41115,41,18,52,50,14,0,3,3,0,2,28,43,10
69115,69,75,317,526,143,5,4,6,32,24,393,487,129
56115,56,38,141,236,61,6,11,3,0,2,119,181,53
23115,23,9,27,29,9,3,6,0,0,4,4,16,8
36115,36,0,12,18,6,3,5,2,2,3,13,14,1
82115,82,43,230,183,47,1,10,3,15,7,165,156,57
66115,66,22,194,117,29,0,4,4,42,1,146,109,31
04115,04,9,27,17,8,3,0,2,0,2,17,20,4
44115,44,81,244,542,145,14,17,5,23,13,408,343,153
87115,87,4,13,26,2,0,3,0,6,1,25,12,9
05115,05,18,44,54,8,3,0,1,5,3,43,46,17
06115,06,3,13,6,0,3,2,4,1,0,7,12,7
38115,38,23,78,102,30,5,1,1,0,6,64,61,27
84115,84,13,80,40,11,3,4,1,0,5,43,42,12
83115,83,331,2248,1284,257,31,45,23,93,78,1058,1827,246
13115,13,38,288,174,44,6,10,0,0,3,214,198,47
08116,08,28,133,89,30,0,7,8,0,16,51,85,12
62116,62,8,36,23,1,0,3,0,0,2,13,7,4
64116,64,8,24,39,16,0,8,3,4,0,33,27,9
76116,76,99,474,401,119,15,22,5,3,14,409,316,116
80116,80,3,41,22,1,1,2,5,0,0,22,24,3
02116,02,3,34,18,5,3,3,0,0,1,7,8,3
27116,27,100,558,363,70,20,27,11,28,12,321,355,92
95116,95,70,290,421,110,5,20,1,31,30,386,289,118
59116,59,12,48,41,7,1,3,2,7,2,33,25,13
57116,57,0,11,9,0,0,0,4,0,0,8,10,8
21116,21,9,16,25,7,0,6,0,0,0,11,23,2
60116,60,77,404,259,68,7,13,1,25,6,221,224,54
65116,65,3,21,31,5,3,3,0,0,5,13,12,12
31116,31,174,748,1223,370,32,45,17,90,28,1097,740,379
33116,33,4,36,44,11,0,6,0,7,4,37,28,15
70116,70,26,112,73,20,8,9,0,0,5,31,58,22
51116,51,13,32,34,6,0,3,1,0,4,14,34,2
25116,25,6,35,28,9,1,4,0,4,4,16,21,3
54116,54,51,263,207,63,7,9,4,4,6,193,175,59
52116,52,0,14,5,0,2,5,0,0,0,1,1,2
77116,77,38,140,128,29,6,9,3,0,2,111,109,35
39116,39,1,14,22,8,0,0,3,0,0,8,20,2
71116,71,10,20,15,7,2,0,0,0,0,8,21,5
24116,24,9,20,27,2,5,2,0,0,5,4,19,10
38116,38,6,0,10,2,4,4,0,0,0,0,0,1
63116,63,38,170,238,73,12,9,0,28,7,207,142,71
17116,17,5,25,31,3,3,6,0,0,4,19,29,4
01116,01,11,72,62,10,0,6,1,0,4,45,51,16
89116,89,13,53,37,13,0,0,5,0,5,30,34,6
88116,88,97,446,297,74,20,24,12,46,11,267,294,66
28116,28,68,319,266,75,11,9,0,23,16,171,283,65
45116,45,22,107,105,26,6,0,0,21,0,74,87,20
16116,16,8,45,44,14,1,4,3,2,0,35,27,6
10116,10,15,53,37,4,2,4,0,0,6,13,33,6
11116,11,74,575,433,118,9,30,9,59,24,448,312,130
26116,26,145,648,591,163,19,37,18,22,32,512,521,167
32116,32,5,9,18,0,1,2,0,0,0,18,12,8
67116,67,23,63,57,10,0,5,2,7,6,46,62,14
09116,09,7,35,34,12,4,3,5,0,3,28,24,19
74116,74,59,168,249,47,6,4,6,20,10,159,247,47
79116,79,19,73,124,33,4,12,0,0,1,80,74,35
58116,58,0,16,21,10,0,0,3,0,0,8,8,9
2B116,2B,5,8,7,5,0,0,0,0,4,4,19,0
73116,73,14,82,84,25,0,1,5,6,5,67,70,18
03116,03,8,28,24,6,3,0,0,0,0,12,26,4
30116,30,22,143,89,17,0,6,5,2,8,100,77,20
46116,46,5,4,9,5,0,4,4,0,2,0,11,0
40116,40,8,17,37,14,0,0,0,4,0,26,21,10
34116,34,133,871,686,192,2,29,15,129,31,790,586,190
68116,68,29,112,69,19,7,1,4,2,0,59,90,18
12116,12,2,19,37,3,1,2,2,5,0,30,28,11
18116,18,11,37,28,9,3,7,0,0,0,28,21,3
86116,86,25,79,97,27,8,1,5,0,0,83,69,23
42116,42,2,29,36,11,6,0,0,0,2,9,29,11
35116,35,50,145,316,94,9,21,7,12,10,182,193,91
85116,85,18,40,67,9,2,3,0,0,3,42,62,11
81116,81,47,214,203,70,7,1,0,36,1,201,170,71
07116,07,35,133,128,43,5,8,1,15,4,135,105,35
29116,29,3,4,16,10,3,0,0,1,2,7,12,12
22116,22,29,88,165,48,1,5,3,0,0,110,100,51
43116,43,4,7,3,5,0,0,0,7,0,7,3,0
14116,14,8,12,14,0,5,0,0,10,0,8,7,1
55116,55,2,9,7,2,0,0,1,0,0,1,10,1
53116,53,15,62,81,18,3,4,1,24,0,43,81,18
37116,37,10,48,65,14,4,0,0,4,0,48,60,15
04116,04,91,434,333,98,12,14,0,56,16,369,310,94
69116,69,77,264,435,111,2,13,2,13,12,308,382,105
19116,19,9,29,38,10,5,7,2,0,0,22,22,4
41116,41,10,23,15,2,4,0,0,0,6,12,26,5
56116,56,46,179,258,60,10,12,8,17,8,167,213,75
23116,23,9,46,59,21,6,0,0,2,0,50,39,25
15116,15,6,12,28,10,1,4,0,0,1,17,16,4
82116,82,1,26,12,3,0,0,0,11,0,22,14,1
66116,66,2,37,25,2,6,5,4,0,3,6,24,0
971116,971,145,1085,2457,801,161,171,37,169,94,1878,1206,820
36116,36,0,21,7,6,0,6,4,1,4,9,8,2
44116,44,56,171,327,89,8,13,6,3,7,270,244,99
87116,87,24,96,156,39,6,5,0,14,0,136,85,47
48116,48,19,62,86,22,7,3,0,13,3,70,76,20
05116,05,7,24,19,3,3,0,0,9,4,17,20,7
61116,61,46,225,182,46,19,12,6,18,11,122,224,47
06116,06,12,49,30,9,0,0,0,0,2,13,51,11
83116,83,444,2779,1626,310,38,69,23,93,92,1388,2261,327
84116,84,22,113,80,18,7,4,3,12,1,72,67,14
13116,13,10,93,69,19,0,6,5,12,6,81,69,17
62117,62,22,150,78,25,7,9,4,2,4,85,64,25
76117,76,21,67,60,13,0,6,0,9,0,71,51,22
80117,80,2,29,13,4,2,4,0,0,5,9,10,8
02117,02,3,15,7,6,2,0,4,0,4,0,4,0
27117,27,27,156,101,28,0,6,6,0,1,83,95,21
78117,78,128,330,745,177,20,23,15,29,31,430,733,197
57117,57,20,81,56,15,2,0,0,0,7,42,51,14
59117,59,24,151,100,32,0,0,3,6,8,102,88,26
21117,21,0,10,6,6,2,1,0,5,0,2,4,1
60117,60,8,55,35,7,1,1,1,0,5,18,25,8
64117,64,5,10,19,4,3,2,0,3,4,17,9,10
14117,14,97,409,525,123,17,29,4,50,17,369,405,146
65117,65,6,2,12,0,4,0,0,4,0,11,2,0
31117,31,74,351,555,167,11,15,5,50,32,482,323,163
33117,33,6,23,22,11,0,0,5,0,3,13,16,7
50117,50,17,39,54,18,0,0,0,0,3,34,45,7
51117,51,13,42,34,11,4,7,0,0,0,20,40,6
25117,25,4,12,6,1,0,0,0,1,5,4,5,4
54117,54,1,10,18,1,0,0,1,0,1,12,12,9
39117,39,4,9,14,2,4,0,0,0,5,0,10,3
08117,08,9,20,10,1,2,3,4,0,4,5,17,7
70117,70,37,201,123,35,1,6,0,0,0,95,114,31
71117,71,38,128,129,34,0,11,0,0,7,93,109,35
77117,77,20,80,78,17,0,3,2,14,8,65,61,24
55117,55,45,207,109,43,2,8,11,21,10,95,117,34
38117,38,19,72,73,19,0,0,2,6,0,68,49,21
63117,63,8,15,27,3,0,0,0,0,3,6,15,4
61117,61,62,265,233,62,7,16,0,15,10,153,283,47
17117,17,3,12,26,1,0,0,0,0,4,20,22,0
01117,01,3,18,21,1,2,4,1,0,5,0,18,3
89117,89,5,28,17,1,0,3,0,0,5,19,20,2
88117,88,1,10,3,1,3,5,1,5,0,4,8,0
10117,10,6,24,11,4,0,0,0,0,0,2,13,4
28117,28,4,32,27,4,1,0,3,5,0,19,26,3
16117,16,7,5,13,1,0,5,5,0,0,0,12,7
11117,11,3,12,10,6,0,0,4,0,2,15,8,6
32117,32,23,85,99,35,2,2,0,4,9,89,77,29
26117,26,0,4,9,1,1,0,1,0,3,7,9,0
67117,67,13,54,59,14,4,1,0,0,1,40,50,11
09117,09,4,11,14,6,0,4,1,0,0,3,5,5
79117,79,20,42,75,22,5,6,1,0,4,43,54,16
2A117,2A,7,18,10,6,2,0,0,0,0,0,16,1
58117,58,98,450,406,118,5,8,16,22,15,309,319,112
73117,73,14,67,61,12,0,0,4,24,3,54,60,18
30117,30,48,378,254,59,7,11,8,23,7,292,219,55
03117,03,16,51,53,7,0,4,0,0,1,49,41,11
46117,46,14,53,102,28,0,8,0,8,0,90,57,23
35117,35,31,112,217,62,14,10,6,0,8,113,136,63
34117,34,16,78,57,20,0,8,1,16,0,65,50,16
40117,40,59,215,292,98,6,13,1,71,7,257,201,110
68117,68,28,129,94,17,0,4,0,33,8,62,97,24
47117,47,19,105,87,29,1,4,0,23,0,76,73,24
37117,37,21,80,108,22,0,0,0,28,1,76,89,22
53117,53,11,31,48,16,4,0,3,9,0,34,55,12
18117,18,8,59,56,10,0,1,0,27,0,44,55,8
86117,86,15,50,56,20,0,6,4,12,0,45,38,17
81117,81,24,94,86,21,1,2,0,13,0,75,69,28
07117,07,54,217,205,49,6,22,4,22,3,200,153,66
85117,85,14,62,97,18,0,0,6,0,7,45,88,14
29117,29,120,371,834,312,12,36,9,49,19,524,469,302
22117,22,28,124,222,59,4,15,0,20,9,145,144,66
43117,43,13,32,38,8,6,6,1,0,1,17,30,9
42117,42,4,12,10,2,0,4,5,5,0,9,13,8
36117,36,8,57,46,15,6,4,4,0,0,33,40,7
971117,971,177,1494,3304,1107,209,246,43,136,122,2538,1622,1088
44117,44,63,230,434,133,6,18,14,0,6,313,310,127
24117,24,12,58,68,14,6,5,2,13,4,64,56,22
19117,19,22,69,102,29,8,2,3,0,5,56,59,28
69117,69,70,250,408,96,6,13,2,31,20,297,346,104
56117,56,107,338,526,137,22,29,13,25,19,339,386,141
23117,23,4,26,29,9,0,5,3,18,2,25,24,15
15117,15,17,65,90,24,6,0,4,0,0,57,82,14
66117,66,3,23,16,0,0,2,1,7,4,14,11,1
82117,82,29,150,118,37,2,2,0,34,0,109,92,27
87117,87,16,86,109,38,8,7,3,0,5,88,69,34
48117,48,9,11,16,6,0,6,4,0,0,0,24,8
05117,05,3,17,19,2,0,3,4,0,1,0,12,6
06117,06,29,152,102,15,1,3,0,12,6,80,161,16
83117,83,33,296,158,37,2,8,0,0,11,124,235,41
84117,84,11,44,34,7,0,2,0,0,1,35,31,10
13117,13,518,4118,2934,710,65,97,42,315,130,3246,2991,691
74117,74,23,68,105,20,7,4,4,0,6,55,103,26
76118,76,1,27,30,6,5,0,1,4,1,22,25,9
80118,80,0,11,12,0,0,2,5,5,5,5,12,0
02118,02,0,29,13,1,0,5,4,0,2,9,8,4
27118,27,16,91,59,16,3,4,0,0,3,52,54,11
78118,78,57,163,372,89,8,13,6,1,5,220,358,89
57118,57,11,32,17,0,1,6,0,0,4,16,21,1
59118,59,47,319,229,68,7,3,3,17,7,240,194,64
21118,21,6,0,7,0,4,0,0,0,1,0,0,3
62118,62,7,30,15,7,4,1,0,0,2,1,8,7
64118,64,0,3,4,1,0,1,0,10,5,1,5,0
14118,14,1696,7017,8524,2356,273,461,75,374,245,6132,7037,2330
65118,65,3,2,7,5,0,2,0,0,1,3,0,0
60118,60,14,78,51,14,5,2,0,0,4,40,47,14
31118,31,110,460,755,236,21,15,11,57,32,604,457,223
70118,70,7,25,24,7,6,0,0,0,2,6,18,7
51118,51,38,225,159,43,5,7,4,8,8,118,173,33
50118,50,4,29,32,7,5,0,3,0,1,20,31,13
54118,54,9,54,50,14,4,1,0,17,0,49,36,8
52118,52,10,50,27,4,3,5,3,1,6,11,29,0
39118,39,5,7,6,3,0,0,0,0,4,1,1,0
71118,71,185,715,618,190,22,41,14,74,30,491,567,178
77118,77,308,1133,1169,279,39,41,7,78,68,967,881,274
55118,55,6,10,10,0,0,2,0,0,2,0,5,1
38118,38,49,182,208,56,7,11,3,0,6,154,141,55
63118,63,13,49,66,20,0,1,0,0,3,56,46,15
61118,61,5,15,15,0,0,6,0,0,0,6,20,6
01118,01,23,118,117,30,2,4,0,0,4,72,112,28
17118,17,6,47,45,16,3,2,3,0,5,22,38,11
13118,13,83,528,350,86,1,13,9,26,27,422,387,94
89118,89,18,85,62,16,6,0,0,1,5,49,63,11
88118,88,22,99,71,18,5,1,0,24,1,68,63,18
28118,28,18,60,53,8,4,0,0,0,0,25,49,6
45118,45,14,39,41,12,1,0,5,0,0,5,28,9
33118,33,51,186,279,81,15,11,0,9,13,229,183,76
11118,11,0,5,5,1,3,0,0,0,1,0,9,5
16118,16,4,10,20,5,0,0,4,0,3,9,5,1
72118,72,30,142,127,32,0,6,0,28,4,117,183,36
32118,32,4,17,15,11,0,1,5,0,3,13,10,7
67118,67,201,775,677,167,30,34,7,34,24,414,687,172
26118,26,38,159,144,45,8,6,1,19,2,143,137,37
09118,09,0,25,23,2,5,1,0,0,0,31,12,3
58118,58,18,62,55,22,0,2,3,11,6,55,41,20
2A118,2A,5,24,20,0,1,0,0,24,0,12,21,0
79118,79,9,25,34,7,3,4,2,5,4,22,31,5
35118,35,23,80,193,48,5,9,0,10,4,111,119,50
03118,03,130,617,631,154,27,36,6,59,9,549,526,144
46118,46,13,54,91,23,0,7,2,43,2,79,57,29
34118,34,12,65,54,20,4,6,2,0,6,46,41,16
40118,40,36,120,178,67,1,12,1,12,8,141,113,64
68118,68,172,629,461,89,7,33,21,10,25,313,515,93
47118,47,6,20,16,4,0,1,0,4,0,9,13,8
37118,37,42,152,174,51,9,4,0,0,11,140,164,57
18118,18,31,173,148,38,3,8,5,0,5,122,133,42
86118,86,11,38,39,10,7,2,5,0,5,25,30,18
81118,81,3,23,17,7,0,0,0,0,2,10,17,3
07118,07,6,14,16,4,0,0,0,5,2,15,10,9
12118,12,8,49,72,11,1,6,4,12,2,53,49,14
85118,85,64,208,285,59,12,19,3,28,12,171,278,54
22118,22,80,328,581,170,29,39,3,0,11,359,382,161
43118,43,13,44,47,11,4,7,2,0,4,20,32,4
42118,42,20,78,76,18,1,6,1,0,3,54,62,13
53118,53,6,15,26,7,3,0,3,0,4,17,27,7
19118,19,20,68,119,28,7,9,1,0,0,91,76,29
10118,10,0,19,15,2,1,1,0,0,0,0,21,8
56118,56,98,362,576,147,20,29,5,0,22,337,439,141
69118,69,46,188,309,82,4,16,4,25,16,220,279,92
41118,41,3,25,22,5,0,0,0,8,0,15,17,11
23118,23,4,22,29,6,0,4,0,16,0,20,18,6
15118,15,13,66,102,19,1,3,0,29,0,51,76,17
04118,04,9,21,22,0,0,0,0,2,0,12,16,3
82118,82,8,17,8,4,4,2,5,0,0,8,6,0
66118,66,2,53,35,8,6,0,1,12,6,33,25,6
36118,36,5,36,29,15,3,3,2,8,0,27,35,12
44118,44,30,75,175,43,5,10,0,7,4,130,113,48
971118,971,221,1457,3206,1076,197,238,48,110,128,2467,1599,1064
87118,87,21,102,158,46,7,12,3,17,8,142,86,44
06118,06,77,568,377,70,14,15,4,69,30,310,559,68
83118,83,941,5974,3475,645,87,143,46,272,203,2867,4920,695
84118,84,75,483,276,61,4,19,2,7,13,283,279,75
05118,05,46,154,148,36,3,1,0,9,9,129,136,49
74118,74,33,120,149,28,0,5,5,7,8,94,155,38
64119,64,7,40,83,27,0,8,0,48,0,73,58,26
76119,76,8,30,22,7,0,4,0,0,5,1,20,9
80119,80,14,67,49,4,2,7,3,0,5,21,39,12
02119,02,6,49,23,4,0,7,0,4,2,31,22,8
27119,27,45,217,151,31,4,13,0,6,3,123,130,42
57119,57,26,167,115,31,7,11,3,0,11,72,104,33
95119,95,2,30,39,12,6,6,5,0,0,15,29,7
21119,21,0,1,2,0,0,2,0,8,5,0,3,3
59119,59,15,80,49,22,5,0,5,0,1,55,48,19
62119,62,557,3833,2044,563,112,125,43,86,86,1998,1564,558
14119,14,42,141,194,54,0,13,0,29,5,141,143,44
65119,65,4,33,40,14,0,5,1,29,0,48,21,7
60119,60,44,296,178,44,10,13,0,0,15,143,171,47
13119,13,121,879,615,149,16,17,1,48,37,697,630,154
31119,31,1,20,30,5,0,0,0,27,0,26,15,10
33119,33,384,1667,2398,662,44,166,21,153,91,1886,1558,677
70119,70,5,61,27,9,2,1,3,3,0,24,32,12
51119,51,16,71,53,10,4,4,4,10,7,34,52,7
25119,25,4,37,32,9,2,0,0,15,0,31,34,5
54119,54,3,4,15,7,3,0,3,0,3,0,4,7
39119,39,0,13,11,1,1,4,0,0,2,0,11,5
52119,52,15,50,30,5,4,1,4,0,3,18,26,9
71119,71,33,116,108,36,7,2,0,3,8,91,93,37
24119,24,2,31,24,13,4,3,0,0,5,18,23,7
08119,08,14,55,28,6,2,0,0,12,2,29,35,10
77119,77,6,26,34,2,1,1,2,7,1,21,25,10
55119,55,7,25,14,7,0,2,3,0,3,0,21,3
63119,63,2,26,34,10,2,0,0,17,3,33,18,5
17119,17,26,120,119,36,5,9,3,14,3,92,100,29
89119,89,11,55,38,15,2,0,5,6,0,29,43,7
88119,88,2,31,26,8,2,0,2,6,0,12,12,4
10119,10,6,39,25,7,2,4,0,0,6,3,27,6
45119,45,61,244,254,66,2,12,1,25,9,178,242,55
16119,16,26,127,156,34,2,13,0,18,1,130,109,32
72119,72,26,100,90,21,6,2,2,8,3,77,134,30
32119,32,82,350,430,148,8,18,5,60,16,341,326,158
67119,67,58,208,193,39,4,8,0,0,12,113,179,40
26119,26,17,85,89,26,7,7,5,0,9,67,62,28
09119,09,8,53,48,19,6,0,5,11,0,65,33,24
79119,79,13,64,88,29,0,0,6,9,0,60,65,20
58119,58,6,2,5,0,0,2,5,0,0,0,10,0
2A119,2A,2,31,17,8,2,1,0,6,0,8,24,3
73119,73,1,8,9,0,0,4,4,9,0,9,14,4
30119,30,9,28,23,9,0,0,2,0,2,0,14,7
03119,03,7,47,52,7,2,6,0,0,3,50,43,17
35119,35,15,59,107,40,0,3,4,0,7,70,69,38
46119,46,6,21,41,13,0,6,0,0,3,10,28,14
68119,68,31,99,73,20,6,10,4,0,8,45,86,17
40119,40,95,373,531,189,14,26,5,109,15,439,367,200
47119,47,16,72,46,17,0,2,4,6,0,48,42,19
34119,34,23,186,156,41,0,8,1,11,4,161,137,45
86119,86,8,29,35,7,3,4,5,0,0,29,32,12
18119,18,4,21,25,7,4,2,5,0,0,14,22,3
53119,53,125,376,574,124,18,19,4,31,6,324,622,124
37119,37,41,146,191,56,4,11,0,0,9,121,152,54
28119,28,10,13,15,8,0,1,5,0,0,0,22,7
11119,11,9,31,28,10,0,0,0,5,0,30,22,5
81119,81,6,55,50,14,4,7,4,0,6,33,44,9
07119,07,7,34,27,9,2,6,4,0,3,29,21,4
12119,12,25,100,154,39,1,12,0,8,4,107,116,29
29119,29,33,100,197,81,5,15,6,11,1,126,114,70
22119,22,15,54,83,26,6,0,0,0,6,55,50,25
43119,43,16,81,86,22,3,7,0,13,8,59,68,15
42119,42,6,41,47,6,0,4,5,17,3,38,32,7
85119,85,73,208,325,64,5,16,0,15,4,184,304,66
56119,56,86,314,505,128,8,20,6,25,10,322,390,143
69119,69,14,72,126,30,3,3,0,10,0,83,99,29
41119,41,5,45,31,7,0,3,0,0,2,20,39,14
19119,19,0,15,23,2,0,0,1,12,0,13,7,9
23119,23,3,4,2,6,4,0,2,0,0,0,2,5
15119,15,39,160,217,47,6,12,0,26,5,139,188,50
82119,82,13,98,71,26,1,1,4,0,7,57,61,22
66119,66,12,55,35,7,3,4,0,5,6,39,27,10
36119,36,14,53,56,18,7,2,0,0,0,41,48,14
44119,44,36,111,249,62,1,7,1,29,2,179,165,61
971119,971,70,538,1200,386,61,65,16,65,66,902,586,386
87119,87,30,101,148,49,9,12,0,0,1,109,83,39
48119,48,4,29,38,10,5,4,0,0,0,20,32,12
05119,05,24,105,105,21,5,8,0,2,8,98,96,22
06119,06,0,24,22,2,0,0,3,1,5,10,30,0
84119,84,124,831,507,111,12,24,13,49,27,547,535,128
83119,83,145,859,459,101,13,29,9,27,39,396,683,86
74119,74,213,710,927,208,9,40,9,34,45,613,965,211
62120,62,7,93,45,17,3,0,0,2,0,52,34,8
64120,64,15,33,67,26,2,4,4,22,1,54,49,16
76120,76,8,46,42,8,7,4,0,14,0,43,31,13
80120,80,8,81,61,10,0,6,2,19,2,46,47,16
02120,02,3,37,23,0,1,5,0,0,0,11,15,5
78120,78,39,119,238,57,1,9,5,0,10,145,237,66
27120,27,15,55,42,12,0,3,2,0,1,25,44,12
57120,57,0,13,15,0,0,0,0,6,3,12,9,8
95120,95,50,168,262,65,8,17,7,7,20,236,191,70
14120,14,37,127,151,49,5,12,0,1,6,108,128,40
65120,65,8,31,37,7,0,0,2,10,6,40,22,12
60120,60,27,160,98,28,5,4,2,19,8,84,87,20
59120,59,46,263,187,59,2,7,6,0,4,172,157,53
70120,70,105,558,355,80,9,32,6,50,10,274,328,86
51120,51,0,18,16,4,0,0,5,0,5,0,12,8
50120,50,12,36,53,16,0,0,0,1,2,38,45,11
25120,25,9,48,45,13,0,2,0,35,0,43,42,9
54120,54,6,45,31,15,1,3,0,0,0,23,32,10
71120,71,116,406,383,98,12,12,11,10,22,272,331,107
52120,52,10,28,15,8,0,5,0,3,3,10,17,5
24120,24,11,60,62,16,0,3,5,8,0,74,52,25
08120,08,7,0,4,5,4,3,3,0,3,0,1,4
39120,39,4,10,22,9,0,4,3,0,2,0,19,5
77120,77,14,56,54,8,0,7,0,3,8,45,38,20
55120,55,22,145,89,16,0,3,6,4,4,57,86,22
63120,63,17,64,101,24,0,5,1,2,0,75,56,27
17120,17,50,204,218,53,4,17,0,0,3,169,192,53
61120,61,0,6,12,2,0,0,0,0,0,0,13,7
89120,89,5,19,13,5,0,0,3,0,3,10,22,9
28120,28,13,47,50,7,2,0,1,34,0,29,59,15
10120,10,2,29,24,2,3,4,2,0,3,0,29,4
33120,33,46,165,242,64,4,9,1,31,10,202,156,60
45120,45,6,16,18,9,0,4,0,0,2,13,20,10
49120,49,37,121,184,41,9,6,0,0,9,96,168,43
16120,16,46,177,198,44,7,11,4,8,3,161,126,49
72120,72,8,22,23,8,0,3,5,0,5,1,28,2
67120,67,16,61,60,20,2,0,0,6,7,37,60,10
32120,32,4,43,43,14,0,3,0,25,5,33,36,11
09120,09,2,27,28,13,6,3,0,17,0,32,20,11
73120,73,20,46,62,11,0,1,0,16,4,44,45,8
2B120,2B,83,720,513,115,16,22,0,110,16,385,663,103
30120,30,17,140,80,28,0,1,2,0,8,87,84,27
03120,03,18,71,74,17,3,5,3,0,4,59,57,21
46120,46,7,23,51,16,4,0,5,0,0,39,27,7
58120,58,9,37,29,5,0,3,0,7,6,23,18,5
35120,35,131,411,901,273,19,32,12,26,11,577,565,262
68120,68,40,153,110,25,4,10,4,24,5,92,122,31
40120,40,17,50,84,24,3,9,3,0,0,61,60,31
53120,53,8,37,58,14,3,4,0,21,0,30,60,16
34120,34,112,752,628,177,13,26,9,43,36,616,529,178
47120,47,6,10,14,3,0,0,0,0,4,10,8,2
18120,18,10,69,53,17,7,8,0,0,6,46,42,14
21120,21,9,15,14,10,1,0,0,0,1,11,24,6
38120,38,21,86,87,29,6,7,4,0,3,58,57,22
88120,88,23,73,47,11,7,6,0,2,7,37,53,10
11120,11,7,65,54,16,0,3,0,4,0,53,38,14
79120,79,13,63,94,21,0,9,4,0,1,59,68,23
87120,87,14,37,61,18,5,3,4,0,5,46,39,17
81120,81,171,728,734,221,16,31,6,80,14,647,582,211
07120,07,7,6,10,6,0,1,0,0,4,0,10,0
12120,12,53,175,273,67,8,18,8,7,11,160,214,70
85120,85,37,142,201,32,7,9,0,11,8,108,175,37
29120,29,33,125,266,108,10,17,5,20,4,181,173,97
86120,86,22,118,157,49,6,12,2,0,5,136,110,44
31120,31,9,62,96,31,0,2,0,26,8,98,57,30
44120,44,103,339,688,181,17,26,2,7,23,531,465,200
43120,43,39,128,130,30,2,8,6,31,7,117,103,28
42120,42,40,193,174,43,6,4,0,7,4,146,140,37
56120,56,36,163,242,62,0,11,4,11,9,147,180,60
69120,69,8,43,67,21,5,4,1,0,7,48,59,22
19120,19,0,18,35,2,0,0,3,8,4,19,22,6
41120,41,30,143,132,28,8,5,2,20,3,88,118,38
23120,23,5,15,14,5,2,3,2,5,1,21,14,11
15120,15,74,300,438,83,4,16,2,84,16,266,402,84
36120,36,19,70,65,20,6,9,0,6,0,61,61,15
82120,82,9,41,33,3,0,2,0,0,0,24,19,8
66120,66,1,6,7,4,4,0,1,0,2,0,4,3
971120,971,152,967,2120,724,133,141,35,48,68,1580,1008,691
06120,06,38,227,163,26,1,0,4,36,3,124,244,29
84120,84,8,19,10,0,0,1,5,6,4,13,13,2
83120,83,153,948,509,100,9,35,11,56,31,442,746,101
04120,04,0,14,11,5,0,4,0,0,4,15,18,8
62121,62,1,31,16,2,0,0,0,0,5,17,15,5
64121,64,7,17,29,7,0,3,1,0,0,16,18,3
76121,76,5,36,40,12,2,7,0,0,2,29,27,11
80121,80,5,12,9,4,0,2,0,10,0,11,5,5
02121,02,10,33,11,0,0,0,0,15,0,18,12,1
91121,91,13,34,63,15,1,3,0,0,1,41,45,13
57121,57,5,30,21,9,0,4,0,10,0,20,15,3
21121,21,5,11,11,3,1,1,0,0,3,0,9,6
59121,59,8,86,61,15,0,5,2,0,6,58,55,14
14121,14,4,32,42,13,0,2,4,0,2,20,24,11
65121,65,4,48,53,17,1,1,0,5,2,53,32,21
60121,60,7,18,21,4,3,0,2,0,0,10,12,6
31121,31,0,1,6,1,2,0,0,5,2,7,11,2
33121,33,9,16,27,6,2,6,0,2,4,26,21,6
70121,70,18,123,76,23,8,5,3,3,6,71,71,18
51121,51,2,28,21,6,2,5,5,17,0,12,26,3
25121,25,8,30,39,11,0,3,0,0,3,26,32,9
54121,54,2,32,27,6,0,0,0,0,0,16,16,11
52121,52,621,3184,1765,413,72,132,61,109,101,1326,1819,418
08121,08,7,30,17,0,5,0,5,0,0,6,18,8
24121,24,5,2,7,3,0,0,3,0,0,2,2,7
39121,39,7,40,32,4,0,2,0,12,0,29,31,13
77121,77,100,349,376,79,7,23,0,14,17,298,277,90
55121,55,5,19,12,8,1,6,4,0,0,5,8,0
01121,01,2,16,15,3,2,5,5,0,0,2,16,0
63121,63,26,98,144,35,7,9,0,23,9,133,88,36
61121,61,3,34,32,5,0,3,0,0,4,19,38,4
88121,88,14,42,25,11,0,0,2,0,0,16,22,7
28121,28,0,12,6,6,1,0,0,6,0,8,10,3
45121,45,11,47,51,16,0,2,0,17,0,31,39,16
10121,10,15,46,34,9,0,0,0,0,0,22,40,10
11121,11,3,14,9,0,1,0,0,0,0,5,9,3
72121,72,8,34,25,13,0,6,0,0,5,15,35,12
16121,16,11,47,47,12,6,8,2,1,0,43,28,11
49121,49,12,34,62,11,3,0,0,1,4,36,47,15
67121,67,21,84,88,20,8,4,5,0,7,39,86,15
32121,32,18,49,74,21,0,8,0,0,5,54,48,27
26121,26,29,152,137,39,0,11,4,0,1,107,115,38
74121,74,28,92,135,25,0,4,0,25,2,86,134,31
09121,09,14,84,73,27,4,4,0,6,8,108,44,27
79121,79,11,32,42,7,3,3,0,0,2,33,34,13
73121,73,49,169,186,42,2,3,0,5,3,144,157,44
30121,30,10,41,22,2,0,0,3,0,0,17,28,8
2B121,2B,5,67,55,15,0,7,2,7,4,43,74,9
58121,58,93,431,383,122,14,20,9,16,21,322,301,113
03121,03,21,81,75,16,4,3,5,0,2,49,70,23
46121,46,5,13,29,5,3,0,0,0,0,26,14,1
35121,35,45,116,260,64,8,7,0,36,0,157,159,81
68121,68,24,79,54,19,1,9,5,6,7,43,66,8
40121,40,5,30,36,7,1,5,0,0,3,12,27,15
37121,37,2,30,32,5,1,2,3,10,0,27,27,4
53121,53,39,93,155,36,15,9,11,1,2,70,151,41
34121,34,6,46,31,8,0,5,0,0,1,29,26,10
50121,50,11,26,28,8,0,2,0,0,5,15,21,6
71121,71,8,34,30,11,0,0,0,7,3,23,27,13
17121,17,47,166,191,50,10,7,0,0,1,125,156,44
41121,41,0,4,1,1,5,0,0,6,0,0,0,0
47121,47,11,40,22,8,0,0,0,0,6,22,27,8
81121,81,2,40,37,11,3,5,3,0,0,18,31,10
07121,07,5,30,25,4,4,1,0,14,1,32,26,10
18121,18,4,18,9,7,4,0,3,0,0,1,10,2
12121,12,22,55,91,19,1,6,4,0,3,55,60,26
22121,22,31,137,227,69,11,9,0,19,2,154,162,71
86121,86,33,145,178,56,12,12,0,0,10,150,138,50
85121,85,30,95,145,30,5,1,6,5,2,70,123,29
56121,56,1152,4142,6637,1714,173,339,86,375,139,4012,4965,1726
69121,69,60,211,341,84,11,8,0,0,20,224,307,90
19121,19,57,197,300,73,9,14,7,40,10,226,190,68
43121,43,8,33,23,4,0,4,0,9,0,22,18,9
42121,42,7,21,22,1,1,0,1,7,0,11,22,1
15121,15,6,12,20,0,0,3,3,0,0,0,11,4
36121,36,3,21,23,9,0,3,0,2,1,16,13,7
82121,82,1240,6861,5335,1491,173,300,85,513,247,4812,4624,1493
04121,04,20,68,54,10,6,5,3,0,5,65,48,21
66121,66,23,177,113,29,1,9,0,0,9,111,105,33
44121,44,4,26,60,15,0,7,1,0,6,34,40,16
971121,971,70,537,1211,406,84,81,22,112,49,945,594,411
48121,48,7,22,32,7,2,0,5,2,0,30,33,8
87121,87,13,41,69,16,2,5,0,0,3,45,38,17
05121,05,6,15,20,5,4,1,0,15,4,19,15,2
06121,06,36,236,159,29,3,3,3,20,8,115,227,26
83121,83,101,691,394,83,17,16,5,5,24,332,544,77
84121,84,8,38,25,7,1,2,2,0,0,0,24,10
62122,62,3,57,24,3,0,0,0,13,0,34,17,8
64122,64,528,1893,3623,1097,64,219,42,1046,94,2773,2539,1056
80122,80,13,81,63,15,6,0,0,1,2,57,48,7
02122,02,1,3,9,6,5,4,0,0,0,0,0,2
91122,91,330,690,1072,281,27,58,20,35,59,891,785,279
21122,21,10,39,31,8,0,0,0,0,5,27,32,13
76122,76,9,65,50,10,2,6,0,0,7,58,43,11
59122,59,678,4020,2854,831,87,120,28,214,130,3016,2435,798
60122,60,8,66,48,9,0,0,2,10,0,37,34,10
57122,57,23,93,63,19,0,6,5,0,0,44,52,17
31122,31,6,11,13,10,0,3,0,0,0,0,10,8
33122,33,393,1587,2307,638,56,156,23,178,63,1843,1503,644
70122,70,60,283,169,27,17,16,14,19,11,125,150,35
51122,51,5,13,18,3,0,2,0,0,6,0,19,5
25122,25,9,47,41,16,3,0,5,1,2,27,36,9
54122,54,14,94,86,26,7,3,0,20,5,78,60,23
52122,52,5,15,12,2,3,0,1,0,4,0,16,8
71122,71,13,58,62,19,6,6,0,0,0,44,44,14
08122,08,23,118,71,20,0,0,0,5,3,74,67,14
39122,39,8,15,14,4,0,0,3,0,0,5,12,3
24122,24,0,7,13,0,0,0,1,0,0,16,14,3
77122,77,600,2134,2113,506,60,93,37,127,127,1885,1630,519
55122,55,114,619,401,93,17,25,12,83,14,308,355,85
61122,61,5,11,9,0,0,2,0,8,1,3,7,0
17122,17,9,28,34,7,6,5,0,0,1,22,23,8
89122,89,17,81,51,16,7,2,0,0,1,36,52,19
63122,63,3,1,11,7,4,6,2,0,0,0,9,5
88122,88,9,53,36,5,4,0,3,0,0,33,28,13
28122,28,51,198,161,37,1,6,5,0,4,112,173,46
45122,45,36,142,152,29,1,11,3,4,2,92,137,41
10122,10,4,31,15,8,0,0,2,10,1,12,28,4
11122,11,16,104,61,21,5,1,1,8,0,71,54,16
72122,72,23,109,114,26,0,4,3,10,7,98,141,24
16122,16,1,18,11,9,3,2,0,2,1,11,13,2
32122,32,3,34,34,13,5,5,0,0,0,21,29,15
26122,26,5,20,15,1,6,5,2,0,6,6,16,6
74122,74,20,53,75,20,1,2,1,8,2,43,73,21
09122,09,134,877,848,341,24,57,11,157,22,1065,500,319
79122,79,16,52,69,16,2,6,4,4,0,53,48,25
30122,30,17,105,59,19,0,0,0,9,4,70,64,20
58122,58,7,61,48,15,0,0,4,13,0,44,33,18
2B122,2B,5,9,2,0,0,1,2,0,0,5,15,1
73122,73,18,50,54,17,6,7,0,0,7,34,47,19
46122,46,0,5,9,8,1,5,1,2,5,9,10,6
03122,03,4,23,25,4,0,0,3,9,0,24,17,6
68122,68,21,92,63,13,1,5,0,9,2,49,79,18
40122,40,25,91,119,36,0,5,0,16,2,98,85,35
34122,34,6,69,58,13,2,0,4,12,0,56,40,14
37122,37,829,2910,3753,1088,100,163,62,240,151,2934,3285,1056
53122,53,26,67,94,19,0,8,6,0,4,29,100,24
14122,14,4,8,16,8,6,0,0,0,3,16,10,5
35122,35,38,133,289,78,8,7,8,9,6,150,182,88
05122,05,23,97,91,27,6,10,0,0,8,91,84,22
47122,47,0,16,13,7,0,0,0,4,0,21,19,6
81122,81,0,7,12,3,0,2,1,0,0,5,9,7
07122,07,33,182,160,42,7,13,0,5,9,165,121,45
18122,18,2,28,21,9,2,0,0,0,0,12,19,10
12122,12,8,18,27,4,0,0,0,0,5,5,21,0
22122,22,10,53,103,26,3,2,0,0,5,71,62,35
86122,86,4,7,8,1,0,1,0,1,1,3,10,5
29122,29,14,51,98,34,0,1,0,12,5,55,55,30
83122,83,11,39,30,7,0,6,0,0,0,10,31,6
43122,43,10,44,39,9,0,7,2,0,6,18,31,8
56122,56,38,138,202,61,7,8,10,21,8,124,161,61
69122,69,44,169,279,75,7,3,0,0,6,194,242,68
42122,42,53,230,203,52,11,6,10,0,2,142,175,55
19122,19,4,12,20,11,0,0,0,22,0,14,13,1
23122,23,5,8,9,6,0,0,0,0,0,10,11,4
41122,41,2,35,28,5,5,3,1,0,0,12,22,9
15122,15,44,179,260,54,4,16,0,27,4,152,215,45
36122,36,5,23,24,6,0,0,0,0,4,21,15,3
04122,04,7,65,60,11,1,7,6,0,2,48,53,16
82122,82,4,13,20,9,0,4,0,0,0,5,16,4
66122,66,0,16,11,0,0,0,2,2,2,13,5,2
44122,44,90,254,527,158,11,16,6,0,12,364,368,142
971122,971,74,434,971,327,49,68,17,29,34,708,468,318
87122,87,20,101,152,42,8,9,0,23,1,130,79,41
06122,06,97,656,456,88,15,9,2,40,15,290,626,82
84122,84,130,882,510,114,13,32,5,136,13,529,537,119
67122,67,51,166,152,31,3,7,0,19,5,103,146,33
62123,62,11,74,50,8,4,1,5,0,7,35,38,11
64123,64,30,87,184,52,6,12,2,34,10,133,117,57
86123,86,69,266,345,102,18,12,8,7,20,288,255,99
76123,76,29,132,112,32,0,1,0,0,1,106,92,36
80123,80,11,48,46,12,0,0,0,0,0,30,33,9
02123,02,3,49,26,2,0,2,3,20,0,18,21,2
21123,21,1,4,8,1,2,0,0,1,0,9,2,2
27123,27,11,65,34,11,6,0,2,10,1,31,31,7
14123,14,51,214,269,73,7,8,7,27,0,193,212,68
65123,65,32,158,217,55,2,14,2,68,7,182,135,51
59123,59,39,237,154,40,2,11,0,7,10,178,143,47
60123,60,7,64,37,5,4,2,2,0,3,34,42,12
57123,57,95,405,296,73,9,21,5,18,17,273,243,84
78123,78,266,766,1666,397,39,41,29,79,69,868,1549,403
31123,31,3,7,8,4,0,0,1,0,3,8,7,4
54123,54,48,184,154,51,4,4,1,24,9,141,117,44
71123,71,10,50,43,15,2,2,0,0,2,25,43,14
52123,52,36,220,126,31,7,7,6,0,5,71,114,31
08123,08,0,8,8,2,0,0,0,5,0,2,5,0
24123,24,4,4,18,9,0,1,4,0,3,0,14,8
77123,77,20,74,66,15,0,0,0,15,2,72,51,15
01123,01,37,129,129,23,0,8,0,5,1,80,110,32
61123,61,1,22,23,9,1,0,0,3,5,12,29,8
89123,89,13,40,24,7,0,0,4,0,4,8,20,11
63123,63,9,19,32,11,1,3,4,0,0,20,13,3
33123,33,36,172,253,72,8,18,0,31,11,202,152,67
88123,88,6,38,28,4,6,1,0,2,4,21,25,11
28123,28,9,67,51,16,0,6,1,14,1,33,48,8
45123,45,66,213,220,56,9,12,0,21,5,148,205,44
10123,10,23,129,91,19,2,0,0,8,3,65,99,19
49123,49,45,137,211,43,6,7,0,0,11,113,175,54
11123,11,6,23,21,2,1,5,3,0,0,0,15,7
72123,72,0,5,13,0,4,0,0,4,0,4,10,0
16123,16,13,56,61,14,3,5,0,0,0,40,41,16
67123,67,20,65,60,7,0,4,5,0,1,37,48,11
32123,32,13,46,53,26,4,0,3,9,3,43,49,26
26123,26,3,0,8,5,0,0,2,0,1,0,0,4
74123,74,214,639,830,170,16,32,8,60,55,597,882,180
09123,09,7,8,13,9,5,0,0,0,3,17,6,4
30123,30,75,508,324,86,12,21,4,22,18,368,310,92
58123,58,0,12,21,9,3,5,1,0,5,0,14,4
2B123,2B,35,444,319,69,1,13,4,128,10,215,427,67
46123,46,8,33,50,13,2,0,0,0,6,31,34,16
35123,35,85,237,542,156,15,21,4,62,5,331,338,165
68123,68,34,105,89,16,4,3,1,9,2,56,102,18
40123,40,27,93,134,45,7,11,0,22,5,117,96,50
34123,34,184,1312,1033,291,10,52,11,84,46,1146,884,294
53123,53,30,99,138,31,5,4,6,1,4,90,160,38
79123,79,47,190,300,77,8,16,6,8,21,196,205,72
73123,73,8,52,62,13,2,3,0,10,6,44,54,8
05123,05,51,171,177,43,0,14,0,30,2,170,146,41
47123,47,5,54,40,12,1,0,0,0,3,35,40,16
81123,81,4,10,19,8,0,4,1,0,3,4,6,2
07123,07,0,24,17,1,5,5,2,0,2,17,17,11
37123,37,110,395,511,157,17,20,11,11,25,394,450,139
29123,29,10,55,103,40,0,9,2,0,0,66,69,42
55123,55,17,110,62,20,1,12,8,17,4,40,62,28
23123,23,8,23,17,9,0,0,1,0,5,20,16,6
85123,85,7,33,33,8,6,1,4,0,0,15,39,7
42123,42,100,435,415,109,17,17,8,29,13,352,322,108
43123,43,14,43,47,14,5,3,0,0,0,19,30,11
69123,69,6982,26591,43602,11067,891,1406,556,2029,1703,30710,37882,11012
56123,56,53,190,317,77,10,11,6,27,10,207,233,77
19123,19,185,663,1034,248,38,56,12,115,27,777,636,233
41123,41,18,51,53,14,6,4,0,0,0,32,44,12
04123,04,23,135,107,23,0,11,4,26,10,119,109,35
82123,82,37,156,135,40,0,8,0,21,5,115,109,33
15123,15,8,15,19,9,4,6,0,0,5,4,20,10
36123,36,28,111,88,27,3,9,3,0,5,84,87,31
66123,66,4,23,20,3,4,0,1,0,0,0,18,8
44123,44,27,59,135,36,2,4,2,0,8,87,100,42
48123,48,5,11,18,6,5,3,0,2,0,21,19,2
87123,87,7,17,20,4,0,4,1,0,3,3,15,8
06123,06,603,3913,2703,548,47,86,33,228,119,2121,3941,517
83123,83,463,2952,1753,348,45,78,25,182,94,1531,2413,358
84123,84,39,223,127,35,0,6,1,19,9,117,134,33
69123AR01,69,408,1641,2683,698,54,97,28,205,130,1898,2376,652
69123AR02,69,429,1691,2811,683,52,83,45,110,99,1926,2390,680
69123AR03,69,1378,5203,8503,2162,157,246,75,401,323,6050,7492,2185
69123AR04,69,619,2296,3793,963,73,128,29,167,135,2649,3271,968
69123AR05,69,728,2864,4770,1168,102,199,62,316,162,3344,4104,1195
69123AR06,69,802,2966,4859,1262,101,136,81,219,160,3406,4192,1262
69123AR07,69,961,3582,5926,1504,117,199,102,207,253,4220,5118,1487
69123AR08,69,1005,3804,6213,1570,132,209,82,294,268,4371,5393,1551
69123AR09,69,652,2544,4044,1057,103,109,52,110,173,2846,3546,1032
62124,62,13,72,43,12,1,3,0,0,0,32,37,12
64124,64,14,55,101,25,0,6,0,22,0,65,69,33
76124,76,9,50,50,14,0,2,1,0,6,46,39,9
80124,80,12,108,74,10,9,3,2,8,8,66,56,21
02124,02,14,119,57,18,6,1,6,3,1,52,49,19
27124,27,6,35,19,4,0,1,0,0,4,13,27,7
65124,65,2,11,10,8,2,0,1,0,0,3,2,3
59124,59,55,324,225,68,15,8,0,12,15,240,196,57
60124,60,3,39,21,3,1,5,0,15,2,28,26,2
78124,78,251,762,1679,408,22,59,22,91,57,969,1611,407
31124,31,10,35,52,12,3,7,2,0,6,27,27,16
57124,57,61,335,249,62,17,13,6,23,21,187,210,68
21124,21,3,29,20,4,0,0,0,7,3,14,20,11
33124,33,9,63,83,20,0,4,6,4,7,78,48,23
70124,70,0,11,10,0,1,6,2,0,0,4,3,5
51124,51,5,9,8,0,1,2,0,0,4,0,2,2
25124,25,8,27,24,10,1,0,2,0,1,2,22,11
39124,39,10,48,48,9,5,0,0,2,5,39,36,12
54124,54,2,3,0,6,2,3,0,0,0,0,7,0
71124,71,5,23,26,8,5,0,0,1,0,20,15,6
52124,52,6,13,10,5,0,0,3,0,0,0,7,0
08124,08,4,52,39,6,5,7,4,0,0,25,37,7
24124,24,11,22,24,9,5,0,0,0,4,25,24,4
77124,77,44,174,175,52,0,3,0,30,7,166,145,51
55124,55,9,40,26,2,2,5,0,0,2,15,25,9
38124,38,57,255,275,80,5,15,3,10,8,223,196,70
01124,01,25,72,65,10,1,6,0,10,4,49,69,15
17124,17,13,42,46,10,1,4,0,11,4,32,34,10
89124,89,41,161,122,30,0,4,0,3,1,104,106,34
63124,63,381,1496,2247,565,53,93,18,141,77,1809,1385,594
28124,28,23,82,76,20,0,0,0,0,7,52,65,13
88124,88,30,122,78,19,6,6,2,0,5,56,64,19
45124,45,8,26,18,8,0,0,1,0,4,6,16,3
10124,10,4,40,18,8,4,6,0,0,6,6,31,7
11124,11,9,81,62,23,0,4,0,4,6,60,52,14
72124,72,105,477,480,114,22,26,4,24,16,365,666,125
16124,16,11,75,86,16,1,4,2,7,2,61,51,20
67124,67,70,256,264,55,2,10,8,12,14,160,254,68
32124,32,7,18,24,3,6,0,0,0,0,21,13,9
26124,26,136,609,539,158,31,20,13,53,31,528,493,171
74124,74,44,115,167,30,0,10,0,7,12,101,186,43
66124,66,42,281,159,45,5,11,0,26,5,193,148,51
58124,58,17,89,82,27,3,10,5,9,2,78,66,21
2B124,2B,4,92,61,12,0,0,1,18,6,36,74,16
73124,73,89,335,376,102,6,22,5,5,14,248,334,89
46124,46,7,25,37,9,0,3,4,0,5,23,17,14
03124,03,9,25,19,11,4,5,0,0,2,8,23,4
35124,35,59,154,345,104,13,13,12,0,11,155,206,91
68124,68,22,58,49,5,1,2,2,0,5,32,51,5
40124,40,7,9,15,6,2,0,0,0,3,8,9,8
14124,14,18,59,72,14,1,7,0,0,0,50,60,14
50124,50,1,14,21,3,5,0,0,0,0,0,10,9
61124,61,9,63,48,16,2,3,5,0,0,28,61,18
05124,05,8,50,51,13,5,0,1,0,0,47,47,16
81124,81,46,235,237,76,8,16,3,21,8,218,193,66
47124,47,8,24,24,0,6,0,0,0,0,11,21,7
34124,34,9,39,26,14,3,4,0,0,0,24,33,13
07124,07,0,9,9,0,3,0,0,3,1,6,1,1
37124,37,64,226,276,80,5,5,5,17,12,209,242,79
12124,12,10,30,50,9,1,0,3,16,0,32,34,15
86124,86,28,109,139,34,6,6,0,0,0,106,95,35
18124,18,4,40,36,13,0,7,0,0,0,19,27,12
09124,09,22,99,98,31,4,9,2,6,4,116,55,31
30124,30,9,32,18,9,5,4,0,0,0,26,15,8
44124,44,13,39,85,25,0,0,1,13,5,72,66,27
79124,79,2,9,9,6,4,0,0,2,0,6,11,6
22124,22,5,15,28,11,6,1,0,0,0,1,19,10
29124,29,120,491,1036,365,17,66,21,55,20,658,617,359
43124,43,23,103,112,24,4,8,0,4,0,85,84,24
42124,42,8,41,39,6,0,4,0,3,0,31,28,9
56124,56,65,243,371,103,7,16,10,0,5,197,290,88
19124,19,32,126,181,53,8,8,2,15,7,140,111,36
69124,69,12,30,55,10,2,2,0,12,1,46,59,10
41124,41,8,50,43,9,5,2,0,0,4,20,36,7
23124,23,19,65,74,21,7,0,0,0,5,58,62,23
15124,15,10,64,82,17,5,2,0,6,0,55,78,18
36124,36,5,42,25,12,0,0,2,1,0,32,30,6
04124,04,19,60,59,16,5,3,1,0,2,54,57,16
82124,82,91,460,365,104,13,30,5,67,4,326,297,101
53124,53,28,100,156,37,6,7,3,15,5,97,155,34
48124,48,2,8,7,0,0,3,0,6,5,8,11,8
87124,87,11,32,57,18,0,0,2,11,4,38,30,16
971124,971,91,656,1432,482,74,97,26,95,43,1138,676,475
06124,06,7,10,11,0,0,0,4,0,5,0,9,6
84124,84,22,159,97,24,6,2,2,0,6,78,93,27
83124,83,49,358,210,41,3,9,4,31,13,172,290,44
62125,62,19,88,43,17,7,8,0,0,7,43,37,10
64125,64,125,490,854,235,15,63,14,151,16,664,635,266
76125,76,25,157,130,44,3,8,5,24,5,146,108,33
80125,80,0,19,10,0,0,0,0,1,0,7,2,4
02125,02,10,42,18,10,6,0,2,0,2,0,13,10
27125,27,26,96,61,17,8,0,0,0,3,61,70,19
14125,14,45,207,243,61,11,4,6,29,0,174,198,70
65125,65,2,33,48,13,4,3,4,9,4,33,24,7
60125,60,21,101,64,11,3,1,6,14,2,64,67,10
59125,59,10,57,35,15,2,1,5,0,0,28,37,15
31125,31,1,9,2,1,0,2,1,0,0,1,4,2
57125,57,9,65,54,9,0,0,0,8,4,42,34,8
52125,52,36,171,88,26,4,6,3,15,2,49,107,15
70125,70,5,28,21,10,4,6,0,0,4,0,17,10
51125,51,3,6,0,0,2,1,0,1,0,4,7,0
25125,25,2,33,25,8,0,0,5,18,0,22,23,2
54125,54,10,65,58,12,0,8,1,0,3,31,40,16
71125,71,1,0,8,0,3,0,0,0,0,0,0,5
33125,33,40,163,220,72,8,15,0,44,4,188,142,65
08125,08,8,59,35,12,0,0,1,0,3,18,33,8
77125,77,44,147,153,39,8,6,0,13,4,141,123,32
55125,55,26,129,66,16,5,1,0,15,0,58,62,23
01125,01,11,62,58,12,4,8,0,24,5,44,55,10
17125,17,13,55,50,7,0,6,3,0,0,47,45,12
63125,63,96,350,529,157,15,25,7,89,8,451,318,143
89125,89,17,94,71,19,7,5,0,2,5,63,63,21
21125,21,3,27,30,10,5,2,0,7,0,31,27,14
88125,88,0,12,7,2,0,3,2,0,0,0,11,1
10125,10,10,40,29,1,0,0,3,17,0,15,27,4
45125,45,7,9,13,5,0,0,1,0,5,0,12,4
49125,49,277,826,1306,318,43,83,32,88,46,821,1166,332
72125,72,10,39,31,5,0,1,5,0,5,12,48,13
16125,16,1,27,29,13,0,1,1,11,0,22,21,8
11125,11,3,28,14,10,0,4,1,6,0,18,18,3
67125,67,68,281,245,62,11,15,2,17,15,156,251,66
32125,32,0,15,12,6,5,0,3,0,4,8,14,6
26125,26,42,163,153,40,2,8,3,0,6,127,135,48
79125,79,42,136,214,62,16,14,10,0,2,153,153,57
09125,09,4,45,43,15,6,3,3,5,7,63,30,23
30125,30,95,680,454,115,11,20,4,105,29,516,397,98
58125,58,0,16,8,0,4,0,2,0,5,5,3,5
2B125,2B,5,0,8,4,4,0,0,0,0,0,9,4
46125,46,9,26,45,7,0,5,0,5,2,45,24,14
68125,68,18,80,48,12,0,0,0,17,8,35,62,8
40125,40,33,130,164,55,6,8,0,19,2,140,108,62
78125,78,14,57,134,26,3,0,6,0,6,68,131,32
35125,35,80,255,512,166,12,22,6,0,11,301,336,159
03125,03,0,18,16,5,4,0,0,5,0,18,9,0
81125,81,4,47,38,15,4,0,0,3,1,44,30,13
47125,47,2,42,37,6,0,1,0,7,0,25,32,5
34125,34,6,16,17,0,1,4,3,0,3,14,11,4
53125,53,27,87,138,30,0,2,1,12,3,84,155,33
12125,12,8,27,35,6,2,2,4,27,0,27,27,6
23125,23,1,6,7,3,1,2,0,9,0,16,6,7
86125,86,19,45,64,23,1,2,0,21,0,46,41,12
29125,29,12,44,114,33,6,1,4,9,0,69,66,39
85125,85,10,34,47,7,5,4,3,0,0,8,46,8
43125,43,0,13,20,0,4,3,0,2,3,17,11,3
42125,42,9,23,17,8,1,0,0,0,0,12,15,1
37125,37,15,46,43,20,4,1,0,0,1,36,38,15
18125,18,34,132,131,30,4,8,6,0,10,116,116,30
56125,56,39,154,240,53,16,20,7,23,8,128,182,65
19125,19,28,91,131,35,0,7,2,0,9,89,92,36
69125,69,26,70,123,34,0,5,6,9,3,92,103,31
41125,41,25,106,82,25,7,2,6,0,3,58,94,24
15125,15,0,7,14,3,2,5,0,6,0,16,18,2
36125,36,7,12,15,9,4,0,5,0,3,2,9,4
82125,82,138,751,591,156,27,36,16,78,33,505,503,165
66125,66,3,53,35,5,6,1,0,17,0,34,39,16
44125,44,78,200,418,122,16,22,10,0,12,311,297,123
87125,87,106,428,611,191,23,40,14,54,15,517,349,170
971125,971,142,955,2116,717,111,157,43,134,69,1652,1022,713
06125,06,6,33,22,5,0,4,1,0,0,17,32,10
84125,84,2,11,9,4,3,2,4,0,2,0,6,4
83125,83,60,378,226,46,9,7,5,44,12,200,318,35
62126,62,210,1550,825,211,48,62,14,53,24,844,634,233
64126,64,17,82,157,49,0,12,0,9,7,117,99,49
76126,76,6,32,26,6,3,1,0,14,0,36,28,5
80126,80,21,143,113,17,7,5,9,0,4,74,79,15
02126,02,15,93,46,6,2,0,0,0,6,36,39,16
14126,14,28,129,157,49,9,7,3,0,5,84,137,36
27126,27,36,175,117,27,1,4,3,0,0,92,97,32
65126,65,8,14,18,9,0,0,0,1,0,18,9,2
60126,60,12,82,60,15,0,7,0,7,0,43,41,16
59126,59,41,218,159,41,3,10,0,0,8,147,132,41
31126,31,9,35,47,18,0,0,0,0,0,37,35,18
21126,21,20,75,69,22,1,3,2,0,6,39,56,21
57126,57,13,46,27,3,2,4,0,11,0,22,27,10
70126,70,9,31,16,8,1,0,0,4,4,13,13,3
25126,25,6,52,41,17,2,7,2,0,4,31,49,12
39126,39,12,42,46,14,6,3,1,0,0,26,40,5
50126,50,9,11,10,7,1,0,0,0,0,9,14,8
54126,54,4,21,19,5,2,0,1,14,2,15,20,9
71126,71,20,68,73,19,4,0,4,0,7,54,50,14
52126,52,0,33,20,2,6,3,0,0,0,12,13,0
33126,33,14,76,98,31,3,9,0,4,0,86,76,36
24126,24,4,24,32,13,3,0,5,0,4,19,24,10
08126,08,8,35,17,6,6,0,0,0,0,0,21,7
77126,77,41,178,169,51,5,7,2,10,8,167,145,40
38126,38,95,491,534,126,11,22,1,0,25,411,375,154
61126,61,7,53,50,11,1,2,3,5,0,26,52,16
17126,17,8,21,32,10,5,7,0,0,3,19,28,4
89126,89,0,4,7,6,4,4,0,0,0,2,1,0
28126,28,7,21,20,3,0,3,0,4,1,15,14,10
88126,88,44,194,128,38,5,5,8,7,6,116,124,31
10126,10,4,28,14,1,4,3,4,0,0,1,21,4
45126,45,73,308,311,73,7,14,0,15,6,211,280,72
72126,72,12,36,33,12,1,0,0,0,0,21,51,5
67126,67,6,32,34,6,6,0,3,7,4,20,28,10
11126,11,4,64,48,10,5,0,4,0,5,41,32,17
32126,32,1,20,15,5,3,0,0,0,4,11,21,12
26126,26,2,15,15,5,0,2,0,0,0,7,9,0
74126,74,27,90,117,25,4,6,5,0,2,66,124,20
09126,09,0,16,8,5,0,0,1,2,0,10,10,9
30126,30,16,119,67,12,0,5,0,12,6,76,69,12
58126,58,13,53,46,8,0,8,5,0,0,26,41,16
2B126,2B,2,14,8,2,0,3,0,3,0,6,12,1
46126,46,2,12,30,5,0,5,5,0,0,20,20,2
35126,35,184,568,1256,355,21,50,16,29,33,804,781,368
03126,03,23,123,133,30,7,11,0,24,0,108,107,37
40126,40,32,164,199,81,5,19,0,56,1,165,161,63
68126,68,88,331,254,56,13,21,1,20,14,166,279,66
78126,78,372,1178,2565,591,62,48,24,67,102,1435,2450,613
51126,51,2,5,10,4,3,0,2,0,0,0,4,1
44126,44,100,310,696,201,10,22,9,40,14,523,472,190
83126,83,1325,8685,5047,1003,140,239,98,319,269,4105,7007,999
48126,48,11,36,51,15,4,6,7,0,5,20,44,9
47126,47,1,11,8,2,0,1,0,12,0,4,6,5
81126,81,5,18,20,6,0,4,0,8,0,21,14,6
07126,07,33,137,117,40,4,12,4,0,5,106,107,36
34126,34,36,268,213,49,1,10,8,50,9,232,185,61
53126,53,29,88,133,31,4,1,0,2,0,71,135,26
63126,63,28,117,180,54,7,7,2,0,5,139,112,53
22126,22,0,8,20,5,0,2,0,16,0,10,8,6
86126,86,12,60,71,15,7,4,5,0,5,36,51,25
37126,37,9,25,42,15,3,5,2,0,0,11,29,15
79126,79,13,33,59,17,3,8,0,0,4,33,34,13
18126,18,32,181,152,31,3,6,1,4,5,146,143,37
29126,29,5,15,25,9,0,1,0,0,5,18,19,12
85126,85,30,122,174,26,10,3,0,11,0,86,167,29
42126,42,39,144,122,37,8,2,0,0,8,107,99,36
43126,43,20,80,79,18,0,6,4,10,6,66,72,22
19126,19,6,19,35,4,3,0,0,5,0,22,19,11
69126,69,13,73,99,23,7,0,6,0,1,85,98,23
41126,41,36,139,104,26,3,2,5,6,7,77,120,29
56126,56,65,210,324,87,18,14,10,8,15,194,246,94
15126,15,2,10,14,8,0,2,0,3,0,6,15,8
36126,36,16,57,39,17,5,6,2,0,0,29,41,15
04126,04,20,71,61,20,1,2,0,0,3,52,54,17
82126,82,34,175,144,37,8,6,0,12,10,127,133,46
66126,66,1,47,24,6,0,1,0,10,5,29,26,3
87126,87,84,291,434,140,27,18,0,28,11,355,252,132
05126,05,15,53,52,10,0,8,0,0,2,32,46,15
971126,971,34,200,505,157,43,32,7,33,13,381,220,160
06126,06,52,385,260,41,13,11,7,1,11,205,358,59
84126,84,21,116,79,18,0,0,3,8,6,78,68,14
62127,62,7,68,32,13,3,0,3,0,3,29,27,7
64127,64,10,28,59,23,1,0,1,0,5,46,42,22
80127,80,22,135,98,25,3,3,3,4,0,82,67,15
02127,02,7,31,21,4,5,0,0,0,1,9,17,9
14127,14,7,41,56,12,5,3,2,9,0,46,53,12
27127,27,12,92,54,19,5,7,0,0,1,52,61,13
60127,60,7,60,43,6,5,6,3,0,2,27,27,7
59127,59,4,30,19,7,4,0,4,0,1,3,11,9
65127,65,27,122,174,37,4,5,0,51,8,146,97,44
31127,31,0,0,0,0,0,4,0,0,0,0,0,1
95127,95,908,3438,5075,1338,97,167,49,288,294,4635,3706,1404
21127,21,11,56,57,14,0,7,2,24,0,46,49,10
70127,70,4,21,12,1,0,6,0,0,0,6,11,1
57127,57,3,15,20,8,0,1,1,0,4,11,9,3
25127,25,55,241,255,60,7,11,3,11,14,175,233,64
39127,39,7,16,8,7,0,1,0,0,0,3,6,0
54127,54,18,74,66,25,0,9,4,6,4,58,47,21
71127,71,4,2,14,3,0,1,5,0,0,0,11,4
52127,52,6,12,10,0,0,0,4,0,2,0,8,0
33127,33,0,22,22,12,4,2,5,0,6,0,22,8
38127,38,7,23,20,5,0,1,0,6,0,15,17,2
77127,77,33,129,141,38,3,1,4,9,3,133,102,32
55127,55,6,0,8,0,4,0,2,0,0,0,5,2
01127,01,17,59,52,11,0,5,4,12,2,46,46,8
89127,89,18,108,75,13,4,4,1,12,4,52,63,13
17127,17,36,156,168,45,3,11,4,0,5,149,165,48
28127,28,33,163,138,37,4,12,0,0,1,91,139,34
88127,88,2,2,8,0,0,0,1,7,0,6,0,0
10127,10,7,3,8,6,1,0,0,0,5,0,3,0
45127,45,81,297,313,71,3,20,6,18,9,208,275,88
49127,49,79,278,434,100,21,19,7,33,7,254,393,97
16127,16,7,16,13,0,3,1,5,0,0,2,6,4
67127,67,42,175,164,31,5,10,2,29,7,109,147,32
11127,11,1,8,13,1,0,0,0,2,5,16,5,3
32127,32,12,67,80,22,0,3,0,23,0,70,54,28
72127,72,45,239,220,59,13,6,0,1,4,186,320,56
26127,26,1,9,10,0,3,1,0,5,4,11,6,8
74127,74,39,126,171,41,5,4,4,16,4,118,171,34
09127,09,4,13,15,1,0,2,5,0,0,9,2,9
30127,30,17,155,105,20,0,5,3,0,8,111,100,29
58127,58,8,25,28,5,0,0,0,0,0,18,22,7
2A127,2A,1,25,8,6,0,0,4,0,4,4,26,3
46127,46,71,346,552,153,32,36,12,23,31,465,356,166
35127,35,80,234,500,147,10,10,0,6,1,313,335,149
68127,68,22,93,78,23,6,3,4,2,0,60,82,12
40127,40,13,55,71,24,6,9,0,21,5,57,52,25
03127,03,20,59,66,15,3,2,5,8,7,50,47,15
51127,51,0,13,13,0,0,0,3,6,3,7,10,4
79127,79,13,62,97,19,1,3,0,9,5,59,72,27
41127,41,14,49,36,11,7,7,0,0,6,31,37,13
44127,44,51,157,322,92,11,8,0,21,6,239,219,103
87127,87,18,57,82,29,4,10,0,6,1,70,53,21
81127,81,1,17,21,10,2,1,0,5,5,11,15,1
47127,47,17,81,71,15,0,9,2,25,0,65,57,16
07127,07,22,106,97,33,3,8,2,12,5,109,82,33
34127,34,56,383,324,95,0,10,12,3,19,344,283,101
53127,53,62,171,277,59,10,8,5,23,5,155,275,51
37127,37,4,31,38,14,1,6,0,0,0,13,32,15
86127,86,12,47,61,14,7,0,2,0,0,45,40,11
18127,18,48,160,157,36,6,10,10,0,8,119,135,25
85127,85,78,266,357,62,10,10,1,51,11,209,336,78
12127,12,28,72,117,25,0,9,6,2,0,96,88,32
22127,22,30,142,243,67,3,18,5,15,10,176,148,71
42127,42,196,804,763,185,28,31,10,43,36,612,628,192
43127,43,29,86,88,18,2,4,0,0,5,71,80,23
69127,69,62,221,363,87,11,6,6,37,16,268,306,89
56127,56,80,247,401,101,20,13,4,19,17,228,294,113
23127,23,4,18,24,9,4,3,0,1,0,28,15,12
15127,15,8,28,42,5,0,4,0,15,4,22,45,8
82127,82,18,109,89,29,3,9,6,0,6,65,78,23
04127,04,4,48,34,12,2,2,0,0,3,32,29,13
36127,36,50,223,188,51,16,5,10,0,2,135,171,60
48127,48,36,124,154,32,6,10,5,25,2,142,165,32
66127,66,17,179,104,30,5,9,0,2,0,113,106,30
05127,05,2,24,24,6,0,6,3,11,0,18,14,2
06127,06,35,241,185,39,0,7,0,1,13,126,262,38
83127,83,83,537,298,57,12,5,5,17,21,258,433,44
84127,84,69,446,257,67,6,21,5,12,18,280,257,62
62128,62,95,704,384,112,15,25,6,67,10,376,292,94
64128,64,2,19,25,9,1,4,4,2,0,17,16,9
76128,76,11,55,54,12,0,0,3,14,5,52,39,16
80128,80,5,25,16,7,6,0,1,0,5,0,13,0
02128,02,37,251,135,25,9,10,7,0,10,110,122,32
60128,60,2,37,19,4,6,2,0,0,3,15,21,2
59128,59,60,309,207,55,4,19,2,11,5,217,192,54
65128,65,0,16,24,9,3,0,3,0,3,1,9,10
31128,31,13,54,98,28,6,0,5,13,4,90,56,30
78128,78,32,97,217,43,5,1,0,0,11,87,205,56
21128,21,8,26,28,6,5,0,4,0,5,18,29,11
57128,57,6,32,24,9,4,6,0,0,0,20,24,9
39128,39,43,162,139,36,0,10,0,16,7,150,134,39
71128,71,3,12,11,4,0,1,1,0,5,0,15,6
54128,54,12,84,85,24,3,4,0,1,4,68,65,25
52128,52,1,17,12,8,5,4,3,0,0,7,9,1
33128,33,11,55,70,19,0,5,0,14,0,62,42,25
24128,24,5,20,20,9,0,2,0,0,5,13,14,4
08128,08,3,7,6,4,0,0,0,4,2,4,11,2
38128,38,14,62,65,10,6,0,5,0,7,46,35,13
77128,77,59,195,218,45,7,4,8,0,15,182,165,52
55128,55,0,0,7,0,3,0,2,0,5,0,7,2
17128,17,25,81,89,20,4,1,3,8,2,64,68,16
01128,01,11,29,28,1,0,0,0,4,0,24,21,10
89128,89,2,18,12,0,0,0,0,3,0,10,19,6
63128,63,16,83,130,37,1,3,0,0,9,95,77,34
28128,28,10,45,45,11,0,6,1,0,0,18,43,12
88128,88,10,31,27,3,6,0,2,0,4,16,24,9
10128,10,0,10,13,5,0,3,1,0,0,4,13,7
16128,16,8,18,19,2,5,0,2,0,5,9,19,4
67128,67,63,235,208,42,3,8,4,0,10,109,210,52
11128,11,0,14,17,4,0,0,1,14,0,7,5,0
32128,32,8,25,19,10,1,1,4,1,5,18,15,5
26128,26,7,7,6,5,0,0,3,0,4,3,6,3
74128,74,102,323,443,100,2,18,5,40,15,267,436,91
79128,79,28,72,118,27,5,5,0,7,0,89,84,30
09128,09,6,32,38,16,0,6,5,0,3,29,21,10
58128,58,6,15,11,0,2,4,1,0,0,13,8,0
46128,46,66,267,428,130,9,15,9,48,9,373,274,126
2A128,2A,4,14,11,1,0,0,3,6,3,11,17,4
73128,73,130,485,511,111,5,25,10,16,24,403,457,116
35128,35,39,96,214,68,3,6,4,47,6,139,131,59
30128,30,88,561,343,96,12,17,3,63,14,397,317,90
68128,68,18,95,55,19,2,4,0,14,8,42,63,14
40128,40,18,74,100,31,4,8,2,15,4,71,58,27
03128,03,64,307,288,80,18,7,6,37,7,253,229,79
70128,70,18,66,50,15,0,0,0,0,6,24,38,15
51128,51,0,6,4,0,0,0,0,13,0,0,10,2
15128,15,3,17,22,5,2,6,0,0,0,3,19,4
81128,81,40,197,196,69,5,9,0,61,4,191,170,59
47128,47,25,146,126,40,3,12,2,18,1,112,116,36
07128,07,14,42,36,9,0,0,0,9,3,45,34,13
34128,34,33,232,176,50,0,5,5,6,13,198,152,49
53128,53,5,30,41,8,5,6,1,0,0,18,31,4
86128,86,60,229,285,87,15,18,2,0,7,209,208,81
12128,12,10,25,31,12,6,0,2,0,0,23,25,6
37128,37,33,103,135,40,5,6,2,21,8,123,119,34
18128,18,4,24,18,2,0,3,0,0,5,7,8,6
29128,29,7,22,43,18,3,0,3,0,0,18,30,20
22128,22,2,35,55,19,0,3,2,0,3,26,32,13
85128,85,261,913,1296,228,40,69,9,98,24,728,1240,248
42128,42,10,44,37,5,3,3,1,3,6,39,30,10
43128,43,5,13,16,6,2,5,3,0,1,7,12,0
19128,19,4,23,31,6,4,3,0,8,0,32,22,8
41128,41,22,87,77,17,5,1,2,0,3,64,83,27
23128,23,0,9,9,10,0,6,3,9,0,12,9,6
56128,56,37,133,199,60,4,7,1,22,2,126,144,62
82128,82,0,14,9,3,0,0,0,6,0,8,11,7
04128,04,6,28,26,9,0,0,0,0,2,4,24,10
36128,36,42,202,174,52,9,12,0,19,8,147,159,44
66128,66,0,3,1,2,4,0,1,0,2,3,0,4
44128,44,110,323,679,189,15,19,0,36,4,494,426,180
48128,48,14,58,71,22,0,9,0,29,3,58,67,17
05128,05,24,87,88,29,0,8,0,0,6,72,67,26
87128,87,22,119,180,47,3,8,4,11,4,137,96,43
06128,06,86,489,335,64,0,8,5,33,16,284,462,61
971128,971,198,1473,3260,1087,188,229,44,191,108,2542,1597,1086
83128,83,20,112,71,18,2,1,0,0,7,58,89,7
84128,84,0,1,7,0,2,0,0,0,3,0,9,4
72128,72,11,64,51,15,4,0,1,3,4,42,74,8
62129,62,8,23,6,0,4,0,0,0,4,6,2,2
64129,64,169,652,1334,401,20,76,15,362,37,1016,934,363
76129,76,7,24,15,8,0,0,5,3,5,16,10,4
80129,80,16,98,78,19,6,0,0,0,0,47,52,19
02129,02,0,1,5,0,4,0,0,0,0,1,5,0
27129,27,22,103,64,20,6,0,3,0,3,45,58,21
59129,59,43,317,231,72,4,14,1,19,8,219,190,50
60129,60,41,240,142,40,7,6,2,0,3,121,128,41
65129,65,20,67,79,21,6,3,3,0,0,77,54,19
31129,31,1,0,0,0,0,0,4,0,5,0,7,1
91129,91,102,248,410,116,13,1,6,16,14,339,278,98
21129,21,4,1,9,0,4,0,0,0,0,4,2,2
51129,51,1,24,25,8,3,0,0,4,2,21,19,6
57129,57,22,105,73,16,2,2,0,0,3,63,56,24
25129,25,0,16,12,9,5,1,3,0,5,5,8,6
39129,39,15,39,38,10,5,5,0,0,5,25,32,4
50129,50,1983,7258,8727,2220,331,466,147,413,230,5697,7648,2214
71129,71,9,36,30,5,5,4,2,5,0,28,32,9
52129,52,1,12,9,8,4,1,3,0,4,0,17,4
54129,54,35,208,173,37,5,6,5,43,11,150,121,50
33129,33,4,13,26,7,3,0,0,0,0,7,17,9
24129,24,9,53,57,18,0,1,0,0,3,34,44,15
38129,38,13,49,52,11,4,4,3,7,0,43,41,17
77129,77,15,67,60,19,6,8,3,0,7,51,53,13
61129,61,11,38,31,13,0,1,0,5,0,23,43,4
55129,55,3,0,7,6,3,2,1,0,4,0,5,2
17129,17,15,49,50,12,0,0,5,0,5,31,36,15
89129,89,15,58,53,9,6,8,0,0,1,29,51,13
01129,01,9,40,27,5,1,0,1,0,5,19,25,12
63129,63,1,18,37,7,2,2,0,6,0,23,24,8
28129,28,16,85,75,23,3,9,0,24,0,57,79,21
88129,88,6,13,14,0,0,1,0,0,6,5,17,8
10129,10,5,40,27,9,4,0,5,4,1,15,41,6
45129,45,37,158,136,32,0,11,2,32,2,101,133,32
49129,49,109,344,538,132,19,22,4,49,6,367,484,134
67129,67,21,92,71,21,7,5,2,1,0,52,81,20
11129,11,34,224,169,54,0,19,0,29,1,173,132,56
32129,32,0,15,10,2,0,5,5,0,0,12,16,11
26129,26,26,110,107,28,0,7,0,0,3,79,87,31
72129,72,22,91,103,24,2,0,6,2,7,86,130,26
79129,79,31,144,201,50,1,11,2,43,5,145,150,56
09129,09,6,26,17,9,0,0,2,6,0,21,12,2
58129,58,3,24,26,6,0,0,0,1,3,17,10,10
2A129,2A,6,15,16,0,0,1,2,12,0,7,13,1
46129,46,2,23,42,11,0,6,0,18,0,30,23,8
73129,73,36,116,134,28,6,4,2,0,4,102,115,32
30129,30,12,113,72,20,3,5,0,11,0,87,61,25
68129,68,58,205,133,39,9,10,4,0,14,87,164,40
03129,03,9,42,36,9,0,5,3,0,4,32,40,10
40129,40,17,81,96,29,0,0,0,30,3,80,65,38
70129,70,1,25,13,0,6,0,0,2,0,11,15,6
74129,74,5,27,25,11,0,0,4,0,0,21,25,12
23129,23,0,7,8,6,2,1,0,14,0,3,2,0
81129,81,10,28,32,11,2,2,5,0,6,1,17,12
47129,47,8,42,36,5,2,3,0,0,0,21,25,10
07129,07,59,257,240,76,6,14,0,37,10,244,211,70
34129,34,325,2226,1728,509,43,69,47,177,91,1993,1513,513
53129,53,11,30,40,8,4,5,0,0,2,17,53,11
43129,43,12,23,34,2,3,0,0,3,2,21,26,6
85129,85,84,280,408,75,16,27,14,22,16,233,410,71
12129,12,17,33,63,14,3,7,0,11,0,52,48,10
37129,37,32,90,113,29,3,8,2,0,8,86,101,31
18129,18,4,23,22,10,2,6,2,0,1,0,15,7
22129,22,2,0,11,6,4,6,0,0,1,0,11,4
86129,86,15,52,61,22,7,7,4,0,4,31,45,11
42129,42,51,191,180,42,8,10,0,28,11,159,148,40
41129,41,25,74,67,18,0,3,2,2,3,57,76,14
19129,19,12,60,93,15,4,4,0,21,5,65,55,21
15129,15,10,17,33,11,0,0,0,0,5,2,30,10
82129,82,0,11,13,9,0,0,2,8,0,8,16,0
36129,36,13,77,57,13,5,2,0,11,5,49,60,13
04129,04,0,0,10,5,5,5,4,0,0,0,8,5
56129,56,34,124,201,55,3,10,8,0,6,106,145,54
66129,66,26,222,139,36,2,8,0,19,10,150,115,38
44129,44,229,683,1363,376,26,55,19,47,40,988,957,372
48129,48,7,23,24,12,0,6,0,0,3,14,33,10
87129,87,16,80,98,33,3,7,0,11,6,80,63,34
05129,05,3,21,18,6,0,4,5,0,0,14,16,10
06129,06,5,46,32,10,3,5,1,10,3,21,46,8
971129,971,154,1199,2726,893,141,172,50,123,107,2121,1293,893
83129,83,935,5970,3462,688,80,161,75,229,190,2893,4897,660
84129,84,378,2593,1521,338,51,84,23,158,65,1625,1575,390
62130,62,21,112,63,17,5,9,1,0,5,49,41,15
64130,64,13,68,129,36,2,10,0,36,8,93,81,35
76130,76,3,32,26,9,0,3,0,8,0,29,27,13
80130,80,5,64,40,10,0,0,0,17,6,47,29,5
01130,01,58,268,246,66,6,16,1,8,17,158,232,62
02130,02,6,41,24,7,0,0,5,0,6,1,20,3
14130,14,6,25,18,9,6,2,0,0,2,5,21,9
27130,27,7,68,45,8,1,6,5,0,4,34,36,10
59130,59,30,164,111,27,4,4,3,17,4,113,93,31
65130,65,14,58,68,17,6,2,5,0,0,69,43,26
60130,60,30,158,98,23,1,1,0,0,6,92,96,20
31130,31,4,0,15,1,4,5,0,0,2,0,9,3
91130,91,32,89,146,40,6,0,1,12,9,105,87,31
21130,21,9,33,42,9,0,4,0,4,4,33,39,12
70130,70,14,54,36,4,0,1,0,5,7,25,30,6
51130,51,10,31,19,1,0,0,4,3,5,11,23,10
71130,71,11,42,32,8,6,5,0,0,1,16,25,14
57130,57,5,13,11,2,1,3,2,0,0,0,7,0
25130,25,3,0,3,1,0,4,1,0,0,0,0,0
50130,50,16,44,52,7,0,0,0,0,0,27,49,19
52130,52,11,22,24,9,2,1,0,0,4,0,23,7
54130,54,4,29,21,5,5,1,4,0,0,5,15,5
33130,33,24,95,143,33,0,10,0,5,2,109,90,45
24130,24,14,81,94,30,4,9,0,10,0,108,78,30
08130,08,1,16,8,4,0,4,4,0,1,3,3,1
77130,77,12,44,43,15,0,3,0,14,0,38,44,12
61130,61,9,59,54,16,0,3,0,0,6,39,55,17
17130,17,19,56,57,19,4,0,0,4,3,43,46,14
88130,88,6,35,30,6,1,3,1,0,0,17,15,11
89130,89,32,151,106,38,5,8,2,20,6,84,107,30
28130,28,30,114,94,30,0,10,0,17,4,79,95,27
10130,10,9,11,15,7,0,0,0,0,2,0,10,6
45130,45,35,133,133,29,0,5,0,53,2,93,133,32
49130,49,20,46,82,25,0,0,0,20,3,47,68,22
67130,67,320,1225,1071,262,40,44,21,72,71,720,1100,270
11130,11,0,24,27,11,0,3,2,0,5,14,19,9
26130,26,1,4,5,0,0,0,2,1,0,3,9,0
32130,32,0,16,29,4,0,1,0,16,0,14,22,8
72130,72,20,78,68,14,2,5,6,0,4,46,98,13
74130,74,9,45,63,15,2,0,0,8,0,36,56,15
79130,79,75,266,387,110,19,29,8,0,17,234,267,86
09130,09,7,79,76,29,3,2,5,5,4,90,38,21
58130,58,1,10,9,8,0,0,0,11,0,11,10,1
73130,73,52,217,226,64,0,9,4,26,12,180,204,59
2A130,2A,62,545,334,62,0,14,15,162,3,257,499,56
46130,46,4,18,37,7,4,1,0,2,0,25,25,4
30130,30,22,137,93,15,8,0,3,3,6,95,68,17
68130,68,37,132,89,27,0,4,0,4,5,63,95,22
35130,35,45,153,321,88,13,11,0,17,12,183,207,93
03130,03,12,38,27,5,4,0,5,0,6,19,27,6
63130,63,4,20,35,8,0,5,1,0,3,29,28,11
38130,38,111,457,533,141,12,29,1,18,15,442,359,136
40130,40,0,15,20,5,0,5,0,0,0,16,16,7
81130,81,47,204,213,59,6,12,0,18,7,203,172,58
47130,47,3,40,29,7,2,0,0,8,0,32,30,7
07130,07,6,22,20,9,5,3,1,4,0,29,19,9
34130,34,32,216,170,45,0,13,1,0,7,190,155,42
53130,53,1063,3240,5043,1050,129,217,77,297,124,2757,5097,1090
16130,16,1,17,28,11,0,2,0,0,0,16,9,11
86130,86,8,40,53,14,0,8,1,0,0,45,30,10
37130,37,56,167,215,55,4,14,3,12,9,143,179,55
12130,12,23,90,144,29,7,4,3,22,3,115,108,40
29130,29,90,344,746,262,11,34,14,41,15,483,448,273
18130,18,7,39,39,6,0,0,0,16,0,25,26,9
85130,85,42,138,197,40,0,0,8,2,7,104,188,40
42130,42,16,66,59,14,7,3,0,0,5,34,50,15
19130,19,11,31,52,15,2,4,1,1,1,38,27,14
41130,41,22,73,67,12,1,1,5,20,2,48,63,15
43130,43,41,138,141,34,0,3,1,21,3,119,115,36
69130,69,10,24,37,7,3,0,0,0,1,1,33,10
56130,56,77,277,430,117,11,22,9,30,8,256,328,107
15130,15,8,6,23,4,0,0,5,0,1,0,19,5
82130,82,7,26,16,8,5,0,0,0,3,9,15,7
04130,04,2,30,17,0,0,1,1,6,0,25,18,8
36130,36,6,10,10,9,3,2,0,3,0,6,11,3
23130,23,18,55,56,20,0,4,0,2,0,55,55,27
39130,39,19,97,79,25,2,7,5,21,0,80,77,23
66130,66,22,144,93,29,0,7,0,12,7,114,82,19
44130,44,158,488,1030,285,19,38,18,26,9,800,698,295
48130,48,0,8,16,1,4,4,0,3,1,17,19,5
87130,87,0,13,26,9,0,5,0,0,4,0,16,10
05130,05,9,18,25,11,5,0,0,0,0,7,24,4
06130,06,83,518,388,58,3,16,10,34,12,268,513,69
83130,83,274,1704,980,191,25,36,22,136,43,795,1393,188
84130,84,6,30,17,9,0,0,0,0,0,10,15,7
971130,971,18,93,212,62,17,5,0,18,6,159,93,59
62131,62,11,57,24,13,5,0,0,0,4,28,21,10
64131,64,7,45,72,18,3,5,0,27,1,57,51,28
80131,80,86,468,332,61,22,13,9,37,19,305,245,66
02131,02,47,366,192,39,8,19,0,1,4,169,182,42
14131,14,9,21,32,6,6,1,0,7,0,19,22,4
59131,59,215,1166,817,219,28,41,5,64,42,890,699,244
65131,65,9,18,30,10,2,0,0,7,5,31,20,6
60131,60,4,17,6,4,4,4,4,0,0,1,7,5
31131,31,0,9,9,7,5,2,0,0,0,0,9,0
91131,91,8,35,49,7,4,6,0,0,0,39,33,14
21131,21,15,51,57,13,0,0,0,2,6,38,43,16
39131,39,13,67,58,7,0,5,6,0,6,48,51,17
57131,57,6,36,20,8,0,3,0,11,0,18,15,5
25131,25,5,5,16,3,0,1,0,0,5,0,11,7
71131,71,17,95,84,28,0,0,5,0,2,68,65,27
52131,52,1,18,2,0,0,4,4,0,3,0,6,2
54131,54,15,55,53,18,4,0,0,4,0,42,39,19
33131,33,5,18,30,5,4,0,1,0,2,16,14,2
24131,24,0,6,12,0,4,0,0,0,4,7,10,0
08131,08,0,19,5,0,3,0,5,0,4,5,3,4
77131,77,321,1308,1330,300,20,50,12,97,71,1180,1033,330
17131,17,62,234,279,66,8,11,1,15,15,189,224,60
89131,89,8,39,22,8,4,0,0,0,1,12,28,2
63131,63,16,83,135,37,0,7,1,31,3,102,73,42
88131,88,9,43,31,8,0,0,0,12,0,30,35,8
10131,10,7,44,34,11,4,0,4,0,5,23,33,4
45131,45,7,44,55,10,5,1,0,9,0,34,41,12
49131,49,24,60,95,27,0,5,0,0,5,42,76,27
67131,67,146,604,549,126,17,42,19,59,18,354,516,133
16131,16,12,40,57,19,0,0,5,3,0,51,35,9
26131,26,8,18,13,10,0,0,0,1,0,19,16,0
72131,72,12,59,56,22,6,1,0,1,0,52,77,21
32131,32,0,12,24,1,0,1,0,3,0,10,20,11
74131,74,54,175,220,41,1,5,3,0,11,140,237,49
09131,09,2,15,21,4,3,0,0,4,1,18,10,7
79131,79,12,34,45,11,4,2,0,0,4,25,24,6
30131,30,28,170,95,23,0,6,0,0,1,121,99,30
46131,46,8,13,24,9,1,3,0,0,0,18,11,12
2A131,2A,6,34,24,8,1,4,4,0,0,9,27,8
58131,58,51,284,243,70,14,15,0,43,4,200,181,70
73131,73,14,30,33,7,5,2,0,4,2,30,37,10
68131,68,2,29,18,4,3,0,4,0,5,9,26,1
03131,03,11,58,58,16,3,3,0,23,4,54,55,9
35131,35,90,259,552,168,12,29,0,14,10,377,366,174
76131,76,21,81,56,18,0,6,1,8,0,63,49,19
12131,12,44,134,210,45,7,11,5,56,2,156,173,50
40131,40,11,66,89,34,5,5,3,0,8,46,58,31
81131,81,48,215,218,63,11,14,5,49,4,215,176,72
47131,47,13,91,76,20,3,2,5,9,6,76,78,27
07131,07,11,57,57,8,3,0,0,0,1,53,38,18
34131,34,8,98,69,15,6,8,1,0,4,81,62,17
15131,15,8,23,38,8,5,0,1,5,0,31,36,7
48131,48,5,9,23,1,0,0,5,10,0,12,13,6
38131,38,58,218,245,57,7,12,3,0,5,215,180,58
85131,85,47,148,200,36,12,14,0,17,4,111,201,33
53131,53,6,9,21,8,4,0,0,0,1,10,28,9
86131,86,11,66,87,23,5,7,6,3,4,77,60,18
37131,37,32,121,161,44,10,6,1,0,8,111,147,46
29131,29,3,25,60,22,0,1,0,24,0,42,36,17
22131,22,22,72,126,40,6,10,5,0,5,67,77,36
18131,18,6,0,9,1,0,1,0,0,0,0,0,1
42131,42,9,42,38,5,2,6,1,0,6,13,29,13
41131,41,30,103,95,30,7,1,5,0,9,64,96,31
43131,43,11,25,33,1,0,6,0,1,0,18,26,6
19131,19,19,44,75,20,7,3,4,0,1,49,47,18
56131,56,31,114,182,55,2,12,3,7,0,114,134,41
69131,69,73,287,462,115,8,21,6,2,19,325,371,103
82131,82,46,237,170,46,6,6,6,13,4,151,163,57
36131,36,12,59,42,8,6,1,2,11,1,44,45,17
23131,23,14,60,69,25,6,2,0,12,8,72,66,22
44131,44,485,1441,2940,831,68,139,25,127,65,2198,2074,824
87131,87,19,59,93,30,2,4,0,0,8,67,60,26
05131,05,0,10,14,0,2,4,0,0,0,0,13,6
06131,06,5,2,5,6,0,0,3,0,0,0,15,0
83131,83,152,940,527,101,24,27,9,45,31,455,755,104
84131,84,48,318,203,41,3,7,4,5,13,199,197,52
971131,971,22,153,330,105,15,19,9,21,15,227,157,119
11131,11,15,88,54,15,5,7,1,10,6,41,55,17
62132,62,129,805,437,133,28,29,10,25,17,448,332,121
64132,64,82,289,572,163,19,37,15,172,6,435,412,153
76132,76,10,51,44,18,4,2,1,15,0,47,34,9
80132,80,8,33,23,3,0,4,0,7,2,18,16,6
02132,02,9,37,23,1,1,0,0,0,6,6,18,3
14132,14,2,17,22,4,0,6,5,15,0,15,18,2
59132,59,16,122,99,20,8,6,2,1,9,98,74,29
65132,65,0,0,3,0,1,0,0,9,0,8,4,2
60132,60,6,17,22,4,3,6,1,0,5,0,21,3
27132,27,28,138,86,20,3,8,0,16,3,90,83,28
31132,31,6,2,10,0,0,0,1,0,2,9,9,4
91132,91,35,80,121,29,5,9,3,0,1,114,98,40
21132,21,13,52,48,15,0,5,0,0,0,30,44,13
70132,70,15,98,61,19,0,9,0,13,3,48,66,10
39132,39,0,5,2,0,0,5,4,0,0,1,5,3
57132,57,57,270,203,48,5,14,12,16,12,171,178,48
25132,25,6,13,16,2,0,0,0,1,0,17,19,10
71132,71,69,243,223,66,0,13,9,2,10,167,179,67
52132,52,8,28,15,5,0,5,0,0,1,13,18,5
54132,54,5,4,12,3,5,0,0,0,4,0,0,0
33132,33,9,53,61,21,0,2,0,14,0,54,48,21
24132,24,8,26,28,13,0,3,1,0,0,25,27,11
08132,08,1,21,13,0,0,0,0,4,3,20,15,3
77132,77,87,307,320,74,8,21,6,22,20,276,244,71
55132,55,51,253,148,35,12,11,7,5,7,95,136,30
17132,17,12,62,73,20,0,0,3,0,1,55,68,17
89132,89,2,17,12,6,4,1,2,1,2,8,20,9
63132,63,31,96,151,35,6,2,0,4,5,129,97,48
88132,88,41,186,138,35,10,6,7,9,12,109,114,37
28132,28,21,66,60,20,0,3,1,0,0,41,59,10
10132,10,5,34,22,4,0,1,2,17,0,15,29,7
45132,45,9,40,38,13,1,0,1,0,4,4,37,14
67132,67,42,128,124,27,9,11,2,7,10,74,123,23
16132,16,27,109,117,34,8,8,0,0,7,79,83,27
49132,49,30,106,165,41,3,12,1,27,8,111,153,39
11132,11,17,177,127,36,6,11,4,29,8,120,97,48
32132,32,131,618,727,242,22,40,5,78,33,601,564,248
09132,09,8,23,25,10,6,0,0,4,0,29,17,7
79132,79,6,31,44,15,5,2,4,0,0,14,29,15
2A132,2A,5,26,21,6,0,5,0,0,0,0,26,3
58132,58,4,31,21,12,0,5,4,0,0,11,24,10
81132,81,26,101,92,30,0,9,6,22,0,91,78,24
73132,73,24,119,113,33,5,8,6,0,7,96,110,23
68132,68,20,93,61,21,0,1,6,0,0,49,81,19
35132,35,30,101,202,69,8,11,6,0,2,122,146,70
46132,46,6,38,71,14,0,3,2,22,0,55,43,12
03132,03,19,62,75,9,0,0,5,0,0,60,50,17
72132,72,153,804,774,208,40,51,9,62,14,640,1091,202
30132,30,85,570,351,93,18,27,6,61,22,406,322,90
36132,36,6,12,9,0,0,0,0,0,1,1,6,0
40132,40,25,115,173,57,0,11,5,19,2,145,117,66
47132,47,1,26,22,5,3,0,0,0,0,15,9,7
07132,07,46,179,170,42,6,13,0,24,11,158,124,40
34132,34,4,32,33,4,0,6,5,0,0,17,24,13
84132,84,197,1283,796,188,16,26,20,132,51,830,807,196
51132,51,0,18,21,1,0,0,0,17,0,7,13,1
38132,38,1,15,19,8,4,5,2,0,2,9,7,0
53132,53,14,33,47,6,0,5,0,0,0,12,38,12
86132,86,6,29,37,6,0,6,1,0,3,21,22,8
37132,37,167,556,746,217,26,34,11,48,26,551,636,196
29132,29,22,48,103,46,0,5,6,8,0,79,73,36
22132,22,3,14,34,9,0,4,0,10,6,21,17,11
18132,18,2,14,19,2,4,0,0,9,5,15,11,0
85132,85,25,66,91,23,1,2,5,0,3,41,86,21
42132,42,19,66,79,22,0,1,0,0,7,51,59,22
43132,43,44,173,181,38,4,13,0,45,6,139,136,39
56132,56,55,195,306,81,13,15,0,0,11,161,215,80
69132,69,19,58,107,24,2,7,0,0,0,65,91,24
23132,23,15,32,47,16,0,0,4,12,7,35,31,10
15132,15,0,3,7,2,0,0,0,0,5,11,10,0
82132,82,33,157,115,32,3,1,5,0,6,105,104,33
04132,04,1,25,18,0,1,4,0,0,5,15,10,5
41132,41,12,35,31,6,3,3,0,3,4,30,39,11
19132,19,1,15,22,0,4,1,5,4,2,8,9,1
66132,66,7,52,29,8,0,0,2,24,4,32,25,4
44132,44,263,891,1788,499,24,66,24,120,43,1370,1221,531
48132,48,35,146,150,48,9,5,5,10,4,144,170,37
87132,87,0,12,17,0,1,4,0,13,0,9,6,8
05132,05,46,206,205,56,4,18,5,40,5,212,204,54
06132,06,10,84,50,5,3,2,0,5,0,42,73,15
83132,83,57,406,238,44,12,9,0,8,17,192,322,46
971132,971,81,577,1372,438,57,80,33,99,64,1045,651,443
62133,62,144,1127,580,161,42,21,21,37,21,582,471,168
64133,64,19,79,157,49,5,12,6,41,0,121,110,40
80133,80,1,28,29,4,1,5,0,0,0,25,18,6
02133,02,12,61,41,12,5,4,1,0,0,18,36,12
59133,59,28,164,105,32,1,5,1,0,3,109,97,33
65133,65,4,18,29,5,0,5,0,6,0,21,14,4
60133,60,11,86,53,17,0,1,0,0,0,50,46,12
27133,27,31,169,113,22,5,7,0,10,3,93,99,26
31133,31,0,10,7,4,0,2,0,11,1,10,3,4
21133,21,8,28,26,12,6,0,1,0,1,25,31,3
78133,78,116,308,745,182,7,18,7,52,28,424,650,173
70133,70,11,42,24,7,4,6,2,0,4,2,28,9
39133,39,0,4,7,4,0,3,0,0,3,0,12,4
57133,57,8,10,7,1,0,6,0,0,4,0,12,8
25133,25,54,241,236,68,9,20,0,13,15,181,220,61
52133,52,4,11,4,5,1,0,1,0,3,5,10,5
54133,54,3,17,18,1,1,0,0,1,4,20,12,3
33133,33,4,5,9,4,0,0,3,0,0,1,6,8
38133,38,106,519,570,156,17,16,20,68,27,495,422,182
08133,08,19,70,46,15,9,3,0,0,7,16,37,11
77133,77,6,18,17,3,1,1,2,21,6,17,13,1
61133,61,16,74,78,19,7,0,4,12,0,47,78,11
55133,55,6,12,14,2,2,0,0,0,1,7,8,2
17133,17,22,74,77,21,4,7,1,5,8,72,65,21
01133,01,17,59,52,10,0,1,0,0,0,28,43,8
89133,89,8,44,24,5,0,0,5,4,0,25,25,10
88133,88,11,26,14,9,0,0,0,9,6,13,16,1
10133,10,9,35,27,4,3,4,3,0,1,16,32,6
45133,45,8,60,55,9,2,2,0,7,0,45,51,10
67133,67,12,56,52,18,3,9,2,14,0,13,44,20
16133,16,3,21,26,3,3,0,0,2,1,26,17,10
11133,11,0,9,2,0,1,4,0,0,5,0,2,6
26133,26,2,22,14,2,0,0,3,22,2,11,12,2
72133,72,32,153,141,33,8,12,1,0,4,125,215,32
32133,32,11,25,40,11,5,0,0,2,4,25,32,9
74133,74,197,590,749,152,14,30,13,33,24,468,754,160
79133,79,21,90,151,39,2,7,1,10,5,99,92,38
2A133,2A,4,37,15,9,0,1,0,10,2,15,25,1
09133,09,5,2,10,0,0,0,1,0,4,1,5,2
73133,73,10,48,40,12,3,6,5,0,0,33,41,16
58133,58,1,2,9,0,5,1,5,0,0,0,6,1
35133,35,97,282,609,182,13,20,10,46,18,400,422,175
46133,46,1,22,33,10,0,5,1,3,0,35,23,5
03133,03,16,58,59,19,3,1,4,0,3,48,47,13
71133,71,42,180,166,52,1,14,0,0,11,130,148,43
24133,24,31,112,130,35,6,12,0,24,7,121,95,34
84133,84,97,668,412,99,7,26,0,21,25,409,413,100
40133,40,118,513,690,243,25,41,6,125,28,573,504,244
81133,81,14,56,61,20,0,7,0,0,0,44,51,13
47133,47,19,66,56,17,1,6,0,0,0,42,45,17
07133,07,2,27,32,7,3,2,0,6,1,20,23,3
34133,34,5,6,9,0,4,0,0,0,0,5,6,3
76133,76,6,47,51,7,3,3,0,10,4,42,38,14
51133,51,6,5,14,4,1,3,5,0,0,0,7,1
30133,30,244,1602,1005,268,20,52,21,87,57,1159,907,282
53133,53,21,56,95,16,1,4,1,19,3,50,97,23
86133,86,79,348,429,116,14,21,6,7,15,335,291,124
37133,37,15,36,49,18,0,7,4,3,6,47,43,15
29133,29,46,131,283,100,12,18,7,0,13,128,167,95
22133,22,18,57,84,28,0,9,4,0,6,39,61,29
12133,12,126,452,708,175,15,39,12,80,28,556,583,196
18133,18,39,148,136,34,1,13,2,14,7,121,130,33
85133,85,28,101,130,24,6,11,3,0,7,64,132,22
42133,42,21,84,78,25,0,5,3,0,5,34,65,22
43133,43,5,17,21,7,6,1,0,0,1,11,14,10
19133,19,12,30,34,5,0,6,4,0,0,23,23,9
69133,69,89,328,514,137,4,14,8,43,8,374,473,140
56133,56,27,98,161,39,4,4,4,24,3,99,111,36
23133,23,4,28,36,7,4,2,0,13,2,36,34,19
15133,15,2,14,21,3,0,1,0,0,1,5,11,8
04133,04,10,25,21,6,3,1,0,4,2,24,31,0
36133,36,4,25,22,6,5,0,5,3,4,29,30,3
82133,82,1,16,10,8,0,0,0,0,2,1,5,6
66133,66,47,456,284,80,7,24,4,16,13,294,258,80
44133,44,73,192,396,105,6,20,2,7,18,314,269,113
87133,87,15,45,68,13,0,7,0,4,0,57,37,22
05133,05,45,163,173,41,3,14,0,23,11,162,149,49
06133,06,7,20,10,4,2,0,0,4,2,9,14,4
83133,83,44,247,139,27,4,2,5,0,13,122,218,31
971133,971,19,139,291,88,17,18,3,2,16,234,142,107
62134,62,4,27,11,0,3,0,0,1,0,9,8,0
64134,64,10,23,47,10,0,1,5,20,0,43,32,12
76134,76,4,31,32,8,0,0,5,6,6,25,18,13
80134,80,6,8,10,0,0,0,0,11,4,3,4,0
02134,02,16,153,71,14,0,1,6,25,6,64,65,24
14134,14,5,20,19,3,2,0,2,14,0,16,17,7
59134,59,32,143,110,33,3,2,2,0,2,109,99,35
65134,65,0,0,3,1,0,4,0,0,3,0,0,0
60134,60,55,356,237,54,0,14,8,0,12,179,192,59
27134,27,1,25,24,8,0,2,4,0,6,9,12,9
31134,31,0,4,12,8,0,1,0,0,0,0,10,1
21134,21,4,36,31,7,4,0,0,0,6,26,23,5
95134,95,99,398,595,156,13,22,5,12,32,540,451,168
70134,70,4,32,22,10,1,4,5,0,0,0,25,7
39134,39,11,25,17,1,0,5,4,4,0,26,20,0
57134,57,60,282,206,52,12,12,9,4,13,147,159,43
51134,51,8,33,24,9,0,1,4,0,5,4,32,8
52134,52,3,45,20,4,5,0,5,0,0,4,26,7
54134,54,4,32,26,4,5,6,0,1,0,23,18,10
24134,24,16,94,97,28,0,6,2,0,2,101,70,22
08134,08,4,12,9,5,0,4,4,0,0,0,4,5
33134,33,8,22,25,9,1,0,2,4,2,31,16,4
38134,38,14,97,95,30,0,2,4,0,6,80,67,31
77134,77,1,16,18,3,0,0,2,0,4,11,9,5
55134,55,5,24,7,7,0,0,0,0,3,7,9,1
17134,17,7,40,48,7,2,2,0,10,0,48,49,18
01134,01,50,206,183,40,9,7,4,0,9,116,179,49
89134,89,10,60,30,14,3,1,1,3,2,27,38,5
63134,63,3,12,11,2,0,5,0,0,0,3,8,4
88134,88,17,89,51,11,8,4,0,11,1,48,44,11
28134,28,664,2777,2412,582,83,131,20,216,106,1761,2398,563
10134,10,0,14,10,6,0,4,0,0,0,0,12,5
45134,45,38,150,147,38,4,8,3,0,11,81,141,42
67134,67,2,21,18,4,6,5,1,4,0,12,25,4
16134,16,24,110,119,29,6,3,6,9,0,112,95,36
11134,11,0,0,9,4,0,0,5,0,0,0,6,0
72134,72,11,54,61,9,6,5,3,0,0,41,87,18
32134,32,11,37,41,11,0,0,0,0,4,23,36,16
26134,26,3,6,13,0,0,1,1,0,2,0,13,6
09134,09,0,8,9,0,3,4,0,0,2,0,2,8
79134,79,20,50,72,25,0,1,3,0,2,43,49,25
68134,68,59,241,169,47,5,11,0,16,14,134,211,35
58134,58,79,370,337,93,5,13,8,61,7,242,260,98
30134,30,10,49,28,9,4,6,0,0,0,7,25,12
2B134,2B,46,419,298,55,8,13,1,130,5,213,401,61
04134,04,15,61,60,9,0,0,0,8,4,56,57,17
40134,40,61,206,281,100,13,19,7,28,15,237,198,99
03134,03,9,28,27,3,5,0,0,1,0,14,13,2
81134,81,0,9,8,6,5,6,0,1,1,14,8,0
47134,47,11,40,40,12,1,2,5,0,1,21,32,12
07134,07,20,117,103,35,1,2,3,22,7,101,82,29
34134,34,52,402,291,99,2,7,9,36,13,326,277,79
23134,23,3,20,24,7,4,0,0,0,0,18,21,10
74134,74,47,136,169,35,5,5,4,7,9,104,184,38
35134,35,2,19,43,11,0,6,5,0,4,12,25,8
46134,46,4,25,33,8,3,0,3,0,6,25,26,11
86134,86,7,23,24,2,0,0,1,0,0,23,11,6
53134,53,8,7,16,4,1,0,4,0,0,3,25,8
29134,29,20,60,134,57,0,2,0,0,7,94,83,50
22134,22,76,266,435,154,10,32,4,33,21,303,290,145
37134,37,16,60,84,26,2,5,0,0,1,54,62,25
12134,12,8,31,38,5,0,0,0,24,1,28,38,5
18134,18,14,65,68,20,3,7,1,0,0,58,58,13
85134,85,5,28,37,5,0,0,5,0,0,18,26,5
42134,42,38,132,140,40,5,11,4,0,10,102,106,29
41134,41,22,79,64,17,4,3,1,0,5,32,65,22
19134,19,12,56,91,24,3,9,0,9,0,63,56,14
56134,56,24,66,119,35,2,1,3,16,3,64,78,25
69134,69,4,24,27,11,1,0,5,0,5,10,21,12
15134,15,11,67,95,19,0,1,0,34,0,65,88,16
36134,36,14,61,46,11,4,4,4,0,0,41,45,9
43134,43,12,27,32,7,0,1,5,0,0,7,19,6
71134,71,22,77,59,24,6,3,0,0,6,42,56,25
82134,82,127,667,520,158,27,23,7,28,13,433,431,142
66134,66,17,127,77,26,1,7,3,11,0,84,74,26
44134,44,21,67,129,41,0,1,0,28,0,98,85,38
05134,05,4,35,31,10,5,7,0,3,0,29,23,11
87134,87,4,18,18,10,0,1,0,0,0,2,16,11
06134,06,7,77,55,10,5,6,4,12,8,44,76,7
83134,83,48,281,165,32,0,4,2,12,7,128,245,26
84134,84,11,89,56,12,0,7,2,0,6,48,56,8
971134,971,78,618,1382,426,83,94,17,94,38,1042,638,456
62135,62,13,51,35,4,0,1,1,8,0,33,19,8
64135,64,17,53,117,30,7,7,0,38,0,75,77,30
76135,76,21,123,110,30,1,9,5,0,0,111,84,32
80135,80,8,32,27,9,2,0,3,0,0,18,14,9
02135,02,33,194,99,23,8,12,5,0,0,66,91,23
14135,14,5,22,26,8,4,2,5,9,0,18,21,3
59135,59,63,316,218,58,9,12,5,21,2,198,185,56
65135,65,0,8,13,2,3,0,0,7,0,5,3,4
60135,60,37,207,145,28,1,4,6,2,2,129,128,30
31135,31,83,359,576,185,18,20,11,48,20,510,357,180
27135,27,16,57,44,10,0,0,0,1,3,37,45,8
21135,21,10,36,39,7,5,2,3,0,1,16,35,10
91135,91,97,181,289,70,7,17,0,15,13,239,212,81
70135,70,6,5,1,6,0,2,5,0,0,0,3,0
51135,51,0,18,7,6,0,0,2,0,0,3,10,2
71135,71,25,101,107,31,0,3,1,5,0,85,87,34
50135,50,5,17,22,11,0,6,0,2,0,12,14,9
52135,52,1,5,12,6,1,3,3,0,0,0,7,5
54135,54,30,167,134,47,7,3,6,0,11,127,104,46
24135,24,10,80,86,21,0,6,5,7,0,89,57,18
77135,77,42,144,154,37,1,7,0,0,12,116,119,36
33135,33,1,10,14,5,0,0,0,0,0,5,10,6
38135,38,25,126,132,38,8,9,1,0,6,76,97,34
17135,17,5,22,26,4,0,1,4,0,0,9,27,9
01135,01,34,171,148,42,10,3,2,20,7,99,148,35
63135,63,11,49,73,23,4,4,1,12,0,72,41,27
69135,69,44,120,239,62,12,8,9,0,18,134,213,61
88135,88,27,129,86,22,9,11,1,0,4,61,85,26
28135,28,36,158,126,29,5,7,1,9,4,91,137,37
10135,10,3,20,13,1,0,2,5,0,0,7,11,0
45135,45,10,40,33,5,2,0,2,0,0,21,27,11
67135,67,32,99,87,17,0,8,0,15,2,56,90,23
16135,16,4,39,48,6,0,2,0,6,0,31,30,10
49135,49,63,174,267,59,11,7,0,22,9,151,245,59
26135,26,2,17,12,4,2,2,0,0,2,10,16,7
32135,32,3,9,13,11,0,0,2,5,0,14,11,7
74135,74,16,45,57,8,3,0,0,4,8,46,77,20
79135,79,21,74,121,26,0,9,0,17,2,90,85,29
68135,68,88,315,237,47,18,21,6,0,20,124,249,56
35135,35,53,140,325,93,4,7,7,22,14,207,200,92
58135,58,0,18,7,6,5,5,0,0,0,7,7,5
2B135,2B,4,85,59,6,0,5,2,0,5,45,80,8
30135,30,66,459,302,76,11,13,8,28,22,333,260,86
08135,08,7,24,14,6,1,0,4,0,0,12,17,1
11135,11,1,7,2,1,1,1,0,0,3,0,1,0
72135,72,10,59,59,20,0,0,0,6,5,42,73,18
73135,73,35,128,150,41,3,12,5,0,13,106,132,43
46135,46,6,0,6,3,0,2,3,5,0,4,3,4
40135,40,16,56,93,37,6,1,0,0,5,68,64,36
03135,03,5,37,39,10,3,7,0,0,5,32,28,10
47135,47,13,52,32,5,6,6,4,0,0,30,36,5
81135,81,0,12,11,2,0,1,0,0,0,13,8,0
43135,43,50,192,202,39,3,14,7,16,11,150,142,38
44135,44,120,393,790,216,11,23,5,35,8,601,558,220
34135,34,61,409,324,97,11,10,4,40,11,380,299,91
86135,86,13,62,79,23,4,0,3,0,2,53,46,21
53135,53,19,71,107,21,8,9,3,0,0,42,117,29
29135,29,98,314,704,255,17,40,4,46,7,485,430,256
22135,22,52,202,331,102,14,18,2,0,4,192,208,106
12135,12,7,32,50,16,0,1,1,0,7,42,50,16
18135,18,2,34,23,4,0,0,0,0,3,28,28,8
42135,42,16,62,70,11,7,1,2,12,7,53,54,13
85135,85,93,262,357,76,12,21,0,30,4,198,358,62
41135,41,23,109,98,23,0,3,4,5,5,71,91,29
19135,19,5,27,58,10,2,4,0,0,6,37,39,15
56135,56,29,134,209,54,4,6,2,0,2,124,141,56
15135,15,3,5,19,8,0,0,0,0,5,0,18,5
36135,36,12,39,32,7,1,0,2,0,3,28,25,10
04135,04,17,87,71,20,6,9,0,7,0,78,77,23
82135,82,27,173,126,36,1,6,0,4,10,127,108,40
48135,48,3,8,10,7,3,0,2,8,1,18,18,2
87135,87,16,81,109,35,0,4,3,16,7,94,63,39
05135,05,6,0,13,5,4,0,0,0,0,0,9,0
06135,06,1,36,21,8,1,2,0,0,6,20,39,1
83135,83,40,212,137,26,5,4,0,0,6,106,191,27
84135,84,43,276,167,39,4,4,7,12,7,187,159,37
79136,79,21,76,108,27,1,5,0,15,0,65,64,20
64136,64,6,5,22,1,3,0,0,3,3,7,16,5
76136,76,20,84,76,27,6,4,0,0,1,65,57,27
80136,80,28,187,124,23,5,12,1,0,4,115,85,22
02136,02,8,30,10,8,3,1,0,0,3,0,19,2
14136,14,5,12,6,0,0,3,4,0,0,7,4,7
65136,65,0,3,0,0,0,0,0,8,5,3,1,1
60136,60,8,82,45,13,4,7,1,0,0,37,50,16
27136,27,4,44,20,5,5,2,4,0,0,21,29,2
21136,21,0,0,0,1,2,0,1,0,0,0,6,4
91136,91,78,160,245,74,2,11,1,15,15,205,181,62
70136,70,19,78,43,15,1,6,0,0,6,33,45,16
25136,25,17,59,54,10,0,1,0,19,0,35,44,7
39136,39,5,4,6,2,0,0,4,0,0,0,0,0
51136,51,23,102,64,12,1,2,0,1,8,52,66,14
57136,57,19,69,53,20,7,6,6,0,6,40,40,14
71136,71,12,33,25,4,0,5,0,16,0,20,23,8
52136,52,1,15,9,4,3,5,4,2,0,7,11,0
54136,54,59,285,267,76,9,10,4,0,14,204,186,75
24136,24,0,15,10,1,5,0,5,1,1,20,12,5
77136,77,4,19,20,11,0,3,0,10,2,28,15,4
33136,33,0,22,31,6,0,5,0,17,0,27,18,4
38136,38,14,53,59,16,0,0,0,10,3,50,50,14
17136,17,24,127,138,34,2,7,0,1,6,108,118,27
01136,01,21,103,95,24,4,0,6,1,3,72,100,24
89136,89,22,117,83,18,2,1,1,9,9,72,74,14
31136,31,36,120,211,60,6,9,6,16,5,184,119,57
08136,08,11,48,26,9,0,3,2,0,5,19,32,11
88136,88,46,218,150,39,3,7,2,58,5,123,136,37
63136,63,11,36,45,18,0,0,2,5,0,41,28,11
28136,28,10,21,14,10,0,0,0,0,6,12,26,0
10136,10,6,21,18,4,0,0,4,0,0,0,11,8
45136,45,20,55,66,18,2,0,0,0,5,38,53,15
67136,67,5,32,27,5,4,2,4,1,4,20,34,3
11136,11,12,100,67,23,6,1,2,24,8,83,53,18
72136,72,2,31,32,12,3,6,5,0,6,0,44,9
32136,32,8,13,15,5,4,1,0,0,1,20,21,2
09136,09,1,11,12,10,0,6,4,0,4,8,14,9
68136,68,17,50,36,4,6,6,0,0,0,19,38,9
58136,58,0,6,4,0,3,0,0,2,2,6,8,7
35136,35,148,504,1077,303,22,44,13,70,43,687,721,327
30136,30,28,152,103,25,7,0,0,12,4,129,89,27
16136,16,20,59,72,22,0,3,0,9,1,57,50,15
04136,04,9,47,35,14,0,1,0,5,1,45,35,8
53136,53,18,90,129,30,4,1,6,24,1,76,126,38
46136,46,6,23,31,5,0,4,0,13,1,26,28,10
40136,40,7,12,14,3,5,6,0,0,3,5,13,5
2B136,2B,0,26,21,8,0,0,0,12,0,17,34,4
03136,03,5,24,15,6,2,3,0,4,0,20,11,0
47136,47,4,14,17,0,0,0,0,12,1,6,7,1
81136,81,2,14,18,9,0,0,5,15,0,13,12,7
07136,07,5,8,13,2,2,0,0,4,0,10,10,5
59136,59,111,786,535,144,20,24,6,34,20,565,446,152
74136,74,83,222,303,54,7,7,5,38,5,206,320,65
37136,37,19,43,53,14,0,1,5,0,0,50,53,17
83136,83,59,412,230,42,4,6,6,21,12,196,333,54
86136,86,4,36,36,16,4,0,0,10,0,35,32,12
29136,29,27,84,167,62,9,10,0,0,0,115,94,58
22136,22,194,745,1208,371,32,57,27,94,30,853,789,368
34136,34,30,181,154,50,1,5,3,1,7,161,126,40
12136,12,23,82,136,34,5,12,3,5,4,105,116,32
42136,42,18,93,84,17,6,4,0,0,5,61,70,19
85136,85,6,15,12,0,0,0,0,3,1,6,12,6
18136,18,4,37,28,10,0,1,5,6,4,33,27,8
41136,41,129,618,504,128,11,25,0,43,23,377,516,131
19136,19,53,178,296,68,7,13,8,39,7,228,191,80
43136,43,5,29,42,5,0,2,2,12,0,29,28,6
69136,69,61,201,346,81,14,7,4,17,13,247,311,87
56136,56,20,67,105,23,8,4,0,16,0,62,83,29
23136,23,11,30,35,18,5,7,1,0,0,26,32,13
36136,36,9,11,18,6,2,1,0,0,0,5,12,8
82136,82,44,195,157,45,10,10,0,29,3,138,138,43
66136,66,1623,12640,7789,2205,256,492,172,894,346,8857,7228,2165
44136,44,40,129,264,72,7,2,1,53,2,213,184,70
48136,48,6,21,21,0,5,1,5,0,0,4,22,4
05136,05,15,72,76,17,7,0,0,24,8,72,60,19
06136,06,65,524,366,66,9,11,12,30,33,245,497,68
84136,84,20,177,106,21,3,5,0,2,2,102,105,25
26136,26,1,6,5,0,0,0,4,3,0,13,11,0
62137,62,7,24,9,0,1,2,0,0,5,2,4,6
64137,64,18,55,89,26,6,10,4,11,6,68,65,28
80137,80,13,97,68,10,1,9,0,13,4,61,46,15
02137,02,5,25,15,1,0,4,0,0,0,1,4,5
14137,14,59,245,311,100,11,23,7,27,17,223,250,80
59137,59,17,93,70,20,3,8,0,0,2,76,54,22
65137,65,3,6,16,6,0,0,5,0,1,8,9,6
60137,60,13,46,30,7,1,0,0,0,0,13,23,10
31137,31,0,20,27,7,0,0,0,0,6,8,17,10
27137,27,6,47,22,7,4,6,0,0,4,14,29,4
21137,21,6,9,14,0,0,0,2,0,1,12,14,0
91137,91,12,26,49,15,0,0,0,5,0,31,31,9
70137,70,6,37,23,1,1,2,0,7,5,15,28,10
57137,57,26,122,91,22,6,10,0,0,0,55,67,26
51137,51,9,25,19,1,3,3,0,8,0,21,23,0
71137,71,134,493,444,128,6,23,11,14,12,333,402,132
52137,52,5,1,3,0,0,0,0,2,1,3,1,0
54137,54,14,66,44,9,3,5,0,0,0,43,45,16
24137,24,17,66,88,16,4,2,0,11,0,82,67,24
33137,33,2,15,31,12,2,1,0,3,0,24,16,11
77137,77,2,27,25,3,1,0,2,14,0,21,17,7
61137,61,7,15,17,6,0,0,1,2,1,8,16,9
38137,38,9,39,56,11,0,0,5,20,0,39,31,8
55137,55,2,5,5,3,0,2,0,0,3,5,3,0
08137,08,6,69,40,15,3,7,0,0,0,21,40,6
89137,89,17,73,50,15,7,0,3,0,7,31,41,9
88137,88,4,9,8,4,0,4,5,0,4,0,3,4
63137,63,0,14,31,12,4,4,0,7,0,24,18,5
28137,28,19,86,80,24,1,4,0,23,0,54,81,19
10137,10,2,0,7,0,4,5,5,0,0,0,3,5
45137,45,25,81,84,24,4,6,5,0,0,21,77,18
67137,67,174,658,588,161,23,25,3,71,34,376,603,148
16137,16,7,36,40,14,4,7,3,0,4,1,30,9
26137,26,4,26,29,2,0,0,0,0,0,23,26,4
11137,11,0,21,7,3,1,5,0,0,5,10,4,8
79137,79,26,71,105,30,0,8,3,25,6,79,74,25
74137,74,110,324,440,93,13,9,4,22,26,274,465,101
09137,09,0,23,14,9,0,0,0,2,0,20,16,12
68137,68,22,85,54,10,3,0,3,0,9,44,75,15
73137,73,76,322,332,96,4,19,7,20,18,267,291,88
35137,35,47,145,305,106,4,6,5,21,7,191,211,94
50137,50,16,64,71,23,1,9,2,0,4,47,72,19
17137,17,1,18,24,9,4,4,1,0,5,12,22,7
46137,46,30,102,162,41,0,6,0,28,8,156,110,49
40137,40,1,26,36,17,2,5,0,11,0,23,18,7
30137,30,8,21,18,7,0,3,4,0,6,8,10,5
58137,58,4,3,5,6,0,0,5,0,0,0,9,0
03137,03,7,27,28,7,0,0,0,14,2,19,24,6
2B137,2B,4,2,8,0,5,0,0,0,0,0,10,1
47137,47,29,158,144,31,6,9,1,18,5,131,124,32
81137,81,0,5,11,5,0,1,0,19,0,4,4,0
07137,07,6,7,7,0,0,3,0,0,5,4,9,0
66137,66,10,84,44,9,3,0,0,2,1,61,46,8
34137,34,4,26,16,5,5,0,5,0,0,5,17,4
29137,29,45,166,319,122,2,11,7,25,7,216,202,123
53137,53,78,212,326,65,9,12,0,31,9,177,340,73
86137,86,163,584,757,220,23,55,23,37,28,557,534,218
37137,37,2,19,17,2,4,0,0,0,0,2,19,9
12137,12,23,64,96,20,4,0,0,22,7,77,83,18
18137,18,18,71,59,16,4,6,6,0,0,41,43,11
42137,42,14,83,73,25,5,2,3,11,4,63,62,14
85137,85,11,44,61,9,6,0,3,17,0,31,67,16
22137,22,19,97,158,52,7,6,6,24,4,122,107,55
41137,41,12,69,67,21,0,3,3,6,3,53,58,13
19137,19,7,0,9,0,5,3,3,0,0,0,5,4
43137,43,282,1046,1067,250,34,76,12,55,28,765,862,251
56137,56,69,279,451,125,11,16,0,54,16,288,335,115
69137,69,7,28,43,16,0,5,0,0,0,36,33,14
23137,23,5,49,60,15,6,7,1,30,3,47,35,13
15137,15,5,33,39,4,0,7,0,16,0,24,33,11
04137,04,1,4,6,3,0,0,0,3,1,13,3,3
36137,36,7,39,37,15,4,0,0,0,4,31,34,11
82137,82,19,73,67,12,5,8,1,0,8,48,52,23
44137,44,61,204,401,116,5,15,6,13,12,309,283,114
48137,48,13,52,64,17,4,9,0,0,4,43,62,21
87137,87,0,12,15,3,3,6,0,7,0,20,7,0
39137,39,6,49,45,14,4,4,0,0,0,32,39,7
06137,06,39,201,146,24,0,3,1,12,6,119,217,29
83137,83,3148,20460,11894,2361,334,555,240,1090,661,9720,16704,2319
84137,84,143,981,573,142,23,29,6,93,15,626,621,144
72137,72,42,223,231,57,16,9,7,11,24,144,306,57
62138,62,12,108,67,17,7,9,0,23,0,57,43,16
64138,64,38,174,331,107,6,24,0,133,14,241,236,95
76138,76,6,48,31,15,6,7,0,0,0,31,34,7
80138,80,6,16,17,0,0,0,0,4,0,10,4,3
02138,02,8,37,16,2,0,2,4,0,0,9,22,0
14138,14,11,30,41,6,1,0,0,0,0,24,29,10
59138,59,18,98,56,22,6,3,0,0,8,45,57,20
65138,65,23,87,128,31,2,10,1,25,9,128,71,40
60138,60,21,134,89,22,4,10,0,0,7,75,70,17
27138,27,16,68,48,15,7,0,0,0,6,4,45,10
21138,21,13,64,67,19,4,0,3,7,0,53,66,24
78138,78,173,489,1098,281,15,29,1,24,48,609,1061,258
31138,31,8,16,31,12,4,0,3,0,0,18,12,10
70138,70,7,14,14,6,6,0,0,0,1,0,9,1
39138,39,5,39,32,10,0,1,0,0,0,35,33,11
57138,57,6,2,11,0,0,0,5,0,0,0,12,5
51138,51,0,3,5,0,0,3,0,9,0,1,1,0
46138,46,29,97,134,42,7,6,2,37,9,92,75,38
52138,52,4,15,5,2,5,3,0,0,0,0,14,0
50138,50,7,50,61,13,1,3,5,0,1,42,55,10
54138,54,65,291,248,77,1,12,9,22,11,207,179,80
24138,24,176,767,847,251,26,56,14,108,20,837,648,247
77138,77,12,64,65,16,6,4,0,0,3,45,43,19
33138,33,164,730,1081,303,25,74,13,52,36,842,697,295
61138,61,9,22,18,3,0,0,1,10,4,17,27,6
38138,38,65,295,346,90,3,17,1,29,22,279,231,91
55138,55,6,32,15,1,0,3,0,0,5,9,14,9
01138,01,72,294,271,71,8,15,2,0,20,175,252,65
17138,17,12,31,29,9,0,0,3,0,2,16,25,13
88138,88,5,12,7,4,0,6,0,1,1,12,8,0
63138,63,9,48,83,28,4,4,0,14,0,59,50,27
10138,10,0,20,17,3,4,0,1,0,3,1,18,7
45138,45,7,2,5,0,0,0,0,10,3,0,4,2
11138,11,9,71,51,18,0,0,4,0,6,37,33,13
67138,67,22,71,67,21,1,0,3,0,5,31,56,18
16138,16,90,368,456,106,17,24,8,8,19,343,294,108
72138,72,60,281,285,75,5,6,0,15,9,231,398,84
32138,32,7,12,22,10,0,6,2,0,6,0,17,1
74138,74,39,133,181,40,2,11,2,0,8,87,188,41
68138,68,82,277,196,49,13,12,2,29,9,146,226,52
73138,73,15,65,78,18,7,3,3,0,4,47,60,18
09138,09,6,23,21,6,0,4,0,2,5,22,9,11
26138,26,37,145,139,30,9,12,0,0,5,106,107,41
40138,40,10,29,34,7,6,0,3,0,6,19,24,9
35138,35,22,68,154,43,8,1,3,0,7,101,90,48
58138,58,10,42,33,14,3,1,0,0,2,27,28,15
30138,30,60,372,230,61,6,7,3,0,8,259,214,64
03138,03,65,304,297,74,7,10,4,14,6,277,259,80
47138,47,45,217,168,42,10,6,4,28,6,152,152,50
81138,81,16,53,53,16,3,5,3,0,0,34,39,15
2B138,2B,2,25,18,1,0,0,4,7,0,11,28,2
07138,07,51,220,224,63,5,4,2,35,9,210,164,64
49138,49,77,206,314,84,9,21,8,1,6,171,265,74
08138,08,4,31,27,2,2,4,0,7,0,16,23,5
25138,25,0,15,13,6,0,2,0,5,3,11,18,4
34138,34,10,41,34,15,0,2,0,3,6,35,29,9
86138,86,6,20,26,6,4,0,3,0,1,1,9,11
37138,37,20,90,103,29,2,1,0,20,3,81,97,35
12138,12,47,136,203,49,7,11,5,30,3,165,156,51
42138,42,23,70,78,17,0,8,0,0,0,56,60,20
18138,18,62,253,230,56,8,19,3,0,9,181,195,59
85138,85,36,105,140,29,1,10,6,9,5,77,132,24
22138,22,3,23,46,18,0,5,2,0,5,20,24,14
41138,41,7,29,27,13,0,4,2,0,3,21,27,7
19138,19,32,117,162,42,2,10,2,21,9,134,114,34
43138,43,15,59,63,8,5,0,5,0,1,36,51,8
69138,69,7,32,48,15,0,0,1,7,3,40,52,13
23138,23,0,18,29,13,1,1,2,3,0,17,15,13
15138,15,42,151,225,52,7,8,0,52,10,145,212,43
04138,04,10,25,27,9,0,1,3,0,5,26,17,9
36138,36,9,34,31,10,0,0,1,0,6,4,29,6
82138,82,2,16,21,5,0,0,0,3,2,13,8,5
66138,66,26,236,141,40,9,8,2,7,1,157,126,40
44138,44,20,64,117,42,6,0,1,19,4,92,79,34
87138,87,14,56,65,15,2,0,6,0,6,57,49,25
48138,48,0,9,10,4,5,3,1,0,0,2,11,2
06138,06,41,222,165,31,4,8,0,5,14,114,219,29
83138,83,59,429,243,47,8,13,3,0,23,177,358,56
84138,84,184,1196,706,162,19,34,10,33,49,708,766,172
62139,62,120,855,461,115,31,33,8,9,22,444,365,131
64139,64,14,68,122,44,4,5,6,48,3,97,85,40
76139,76,8,28,20,4,0,4,5,0,3,24,14,7
80139,80,0,9,9,0,0,0,0,1,0,7,4,0
02139,02,9,73,43,6,0,5,0,9,5,34,42,9
59139,59,317,1676,1212,365,59,46,10,34,52,1324,1029,337
65139,65,0,9,5,4,0,4,0,3,0,11,0,3
60139,60,251,1345,867,195,38,53,8,41,35,740,758,209
27139,27,6,34,20,2,0,6,1,7,0,20,14,0
21139,21,10,27,31,5,0,1,2,0,0,23,34,12
51139,51,5,48,39,10,0,0,2,0,1,26,37,8
31139,31,4,11,24,11,0,2,0,3,0,23,19,5
57139,57,7,49,35,4,1,0,5,12,0,32,24,4
39139,39,7,10,4,6,1,3,0,0,0,1,3,7
71139,71,5,19,17,4,0,0,4,0,0,15,16,0
50139,50,99,396,477,132,29,26,7,2,18,302,433,133
54139,54,6,32,37,8,5,0,0,0,0,28,22,14
24139,24,48,220,245,66,3,21,7,32,6,243,165,61
77139,77,183,674,689,177,16,33,10,35,32,600,530,169
33139,33,0,12,14,0,3,0,0,0,1,4,3,7
38139,38,36,154,184,46,0,9,10,0,11,142,122,44
61139,61,13,37,35,7,0,0,0,5,0,18,36,10
01139,01,13,45,38,7,4,5,0,10,6,27,40,14
08139,08,19,149,86,22,7,4,4,0,0,69,72,26
89139,89,31,156,100,21,9,9,5,21,9,84,103,27
17139,17,12,40,40,11,0,0,0,0,6,24,41,11
88139,88,6,14,12,7,5,4,3,3,2,7,8,0
63139,63,23,73,99,29,8,5,5,0,3,60,68,31
28139,28,0,16,16,4,0,0,4,11,0,6,15,0
10139,10,8,23,14,5,4,3,0,0,6,2,22,0
45139,45,12,60,49,7,0,0,0,13,2,38,52,8
11139,11,7,6,14,4,0,5,2,0,2,0,8,2
16139,16,8,15,17,11,6,0,2,0,4,8,19,4
67139,67,15,62,71,12,3,7,0,4,5,44,60,13
84139,84,14,97,62,17,3,8,0,2,6,70,74,11
72139,72,24,99,94,29,1,4,0,0,1,72,131,26
32139,32,4,3,15,8,0,4,5,0,1,0,4,8
26139,26,52,278,238,69,9,15,1,39,10,222,203,75
74139,74,22,85,101,21,4,5,4,20,0,67,118,21
68139,68,52,185,133,28,2,10,0,8,4,96,141,26
73139,73,12,40,47,12,3,0,0,0,6,23,45,10
09139,09,0,7,11,2,0,0,0,0,0,13,6,9
95139,95,6,26,33,12,4,4,0,0,0,21,29,6
25139,25,16,61,52,19,5,4,0,0,0,35,59,14
46139,46,1,12,27,7,2,5,5,6,6,30,14,6
40139,40,13,46,66,20,4,0,0,45,0,53,46,27
35139,35,102,335,746,229,6,26,9,40,11,479,436,235
58139,58,1,16,17,2,0,6,0,3,0,11,13,6
30139,30,9,64,40,10,0,3,0,7,0,45,30,8
03139,03,8,34,35,4,5,5,4,5,2,32,38,4
47139,47,5,13,4,4,2,1,0,0,0,5,3,6
81139,81,39,201,185,58,0,20,0,21,8,173,145,53
07139,07,7,17,19,0,0,6,4,0,4,4,10,4
05139,05,36,132,130,32,7,7,0,5,2,136,111,32
85139,85,16,41,51,6,7,1,5,2,3,38,50,14
82139,82,0,18,17,4,1,0,0,9,0,9,13,2
2A139,2A,20,250,160,32,0,10,0,27,2,109,226,31
79139,79,0,7,8,0,3,0,0,0,0,4,11,0
34139,34,23,171,132,40,8,4,4,32,4,155,110,40
29139,29,12,51,115,48,6,2,0,10,4,68,70,38
53139,53,15,32,49,13,5,8,0,0,0,28,56,11
86139,86,64,262,296,84,14,17,8,28,4,256,214,87
37139,37,141,478,594,169,19,27,18,20,23,471,532,162
22139,22,2,5,8,3,4,0,0,17,0,5,3,2
42139,42,42,157,142,36,7,3,0,0,8,106,119,40
12139,12,0,13,26,9,3,0,0,0,3,20,15,1
18139,18,14,75,73,10,4,5,0,4,0,58,51,21
41139,41,23,119,90,27,8,8,0,0,6,82,110,28
19139,19,3,10,15,0,0,6,2,0,0,5,16,8
43139,43,0,4,9,3,0,0,0,0,0,10,1,0
56139,56,6,43,58,20,0,0,0,0,3,35,49,9
69139,69,22,97,180,50,0,3,0,20,11,125,146,42
23139,23,16,48,56,19,5,2,0,17,1,57,42,27
15139,15,4,6,16,0,0,5,0,4,0,3,10,0
36139,36,14,74,76,23,7,4,0,0,1,57,69,25
04139,04,17,72,48,10,0,1,4,0,3,64,45,17
66139,66,0,7,11,6,0,5,0,0,3,0,1,0
44139,44,29,84,164,50,1,3,0,6,4,121,121,51
48139,48,4,24,30,7,6,0,0,0,5,14,26,3
87139,87,11,38,54,19,5,5,1,0,4,34,25,19
06139,06,2,19,15,8,3,0,0,0,0,1,19,5
83139,83,13,112,70,12,5,2,0,0,6,49,89,10
62140,62,12,84,50,13,3,8,0,0,5,41,31,19
64140,64,122,507,966,277,11,71,9,250,22,752,635,270
76140,76,4,24,14,4,6,0,0,2,4,17,13,3
80140,80,0,15,8,2,6,0,0,0,4,11,9,0
02140,02,12,72,30,11,0,7,2,0,0,34,39,5
14140,14,4,29,34,16,2,3,2,0,6,27,39,11
59140,59,15,73,48,8,0,0,0,0,0,54,37,10
65140,65,0,2,2,0,0,3,1,1,5,4,0,0
60140,60,10,49,34,5,5,7,0,0,3,26,37,12
27140,27,8,68,43,6,0,2,0,0,6,35,47,13
21140,21,2,10,11,0,0,0,3,0,1,9,8,0
78140,78,20,70,159,35,0,0,2,22,10,95,154,40
51140,51,15,53,30,12,0,4,0,0,5,6,41,12
31140,31,0,17,31,14,0,0,5,3,0,28,17,4
57140,57,12,84,63,16,0,3,2,0,1,32,52,17
70140,70,0,5,6,0,4,0,0,0,4,0,6,4
39140,39,0,3,6,5,0,0,2,0,0,0,8,0
71140,71,0,0,6,5,1,0,0,0,2,0,0,6
52140,52,41,78,78,32,22,17,20,0,8,24,52,26
54140,54,4,8,9,8,4,4,0,0,3,0,7,8
24140,24,30,153,150,41,9,11,2,13,3,151,129,49
77140,77,11,22,32,4,5,0,4,0,1,19,16,5
38140,38,222,930,1017,250,22,33,10,44,20,826,672,282
61140,61,24,103,105,21,2,9,0,0,8,57,120,21
33140,33,95,386,562,170,15,39,5,50,21,473,371,176
55140,55,5,0,3,0,2,1,0,0,0,0,0,0
01140,01,17,79,69,19,2,3,0,6,5,50,64,20
17140,17,105,427,471,125,22,32,3,8,17,344,419,121
08140,08,25,156,98,27,2,3,0,13,0,93,80,23
88140,88,16,54,33,11,5,5,1,4,2,30,30,5
63140,63,0,16,27,5,3,1,0,0,0,28,16,12
28140,28,156,616,518,116,18,31,8,0,33,341,530,113
10140,10,26,147,92,21,8,1,0,0,5,69,106,16
11140,11,26,185,134,40,4,6,2,22,1,141,89,38
16140,16,5,47,55,10,4,4,0,14,0,39,28,7
49140,49,31,72,126,26,0,8,0,0,5,70,116,24
67140,67,26,73,72,14,0,6,6,0,1,27,72,21
32140,32,2,6,8,5,0,0,0,0,1,0,4,2
26140,26,19,71,75,22,4,4,1,4,5,60,59,22
74140,74,42,137,164,39,3,4,0,0,11,106,172,36
68140,68,36,152,113,24,7,6,4,21,6,85,131,31
09140,09,6,20,23,12,1,1,5,1,5,25,11,8
73140,73,5,29,33,13,5,6,0,0,0,10,35,12
22140,22,10,40,79,20,6,8,0,6,0,48,47,25
85140,85,37,146,196,32,8,7,1,26,3,114,190,34
44140,44,34,83,195,46,1,10,1,0,7,146,130,47
46140,46,3,28,49,12,5,6,1,0,6,29,27,17
40140,40,3,12,29,10,4,4,5,0,0,11,18,7
35140,35,8,32,77,19,4,0,5,14,0,50,49,29
58140,58,3,29,23,5,0,0,0,10,0,30,23,12
30140,30,26,159,99,20,0,0,2,4,4,121,102,32
47140,47,10,77,55,19,0,2,0,30,5,56,49,16
03140,03,21,122,120,31,4,1,6,0,6,113,101,30
81140,81,278,1249,1222,367,47,52,20,171,35,1088,995,378
43140,43,21,82,84,13,2,5,0,0,1,60,59,20
06140,06,68,459,313,47,13,8,4,21,12,241,488,75
07140,07,16,85,90,13,8,5,0,13,5,63,72,24
2B140,2B,0,20,16,0,0,1,0,2,0,12,27,7
04140,04,9,23,11,3,0,0,0,0,0,13,19,1
34140,34,57,381,334,92,1,12,7,37,20,342,275,86
29140,29,65,230,496,199,7,25,14,39,18,317,291,177
53140,53,109,361,520,118,25,27,3,14,6,309,591,115
86140,86,50,243,278,89,9,23,0,0,12,216,219,87
37140,37,4,27,32,4,0,2,0,8,0,33,27,10
42140,42,10,55,50,13,0,3,3,5,7,49,46,8
12140,12,25,86,118,30,7,7,3,16,1,108,108,27
18140,18,30,159,142,32,1,10,0,18,9,117,120,40
41140,41,25,92,81,16,2,2,2,0,8,61,90,27
19140,19,21,57,92,20,4,4,3,26,7,70,63,24
69140,69,53,183,290,78,4,16,7,5,11,187,255,73
56140,56,79,310,465,115,12,20,10,14,14,272,365,133
23140,23,6,40,50,12,3,0,0,9,5,36,35,16
15140,15,46,192,298,61,10,15,1,18,7,180,267,62
36140,36,32,135,120,39,1,2,6,0,4,97,115,29
82140,82,13,50,43,17,6,3,1,0,0,44,33,17
66140,66,61,537,326,93,9,21,0,75,10,375,313,89
87140,87,38,147,192,65,8,6,0,24,8,160,119,59
48140,48,81,332,379,88,10,21,14,61,15,308,396,96
05140,05,7,36,37,14,0,1,4,0,0,16,34,14
83140,83,112,752,426,96,11,12,3,2,29,327,602,86
79140,79,19,65,101,28,0,7,4,4,7,67,80,31
84140,84,16,85,47,16,4,5,0,9,0,48,54,9
62141,62,21,140,75,17,7,4,5,20,4,74,52,18
64141,64,5,26,51,13,0,0,4,27,0,37,40,12
80141,80,12,48,40,7,0,5,4,0,6,14,31,4
76141,76,35,165,123,38,4,7,0,8,5,137,110,34
14141,14,1,16,14,2,2,4,0,3,0,7,18,2
59141,59,9,82,62,16,7,2,0,0,2,47,51,22
65141,65,0,9,4,8,0,3,0,4,0,5,0,5
27141,27,4,6,12,0,4,2,0,0,0,0,1,7
21141,21,0,8,11,0,0,0,0,0,3,3,0,0
60141,60,265,1485,939,218,35,42,15,54,52,802,814,226
95141,95,0,0,5,0,4,0,1,0,3,0,3,1
25141,25,7,17,9,0,0,1,0,0,6,3,14,4
39141,39,4,23,30,6,0,5,4,0,4,12,26,7
57141,57,0,19,14,0,0,0,0,0,0,7,5,6
70141,70,6,27,9,0,5,5,0,0,1,0,19,7
31141,31,5,22,32,4,1,0,2,3,0,28,17,8
71141,71,8,39,40,11,4,0,0,0,5,20,34,12
52141,52,6,53,25,9,0,7,1,0,2,20,33,1
77141,77,23,99,104,27,1,6,0,1,6,102,73,31
24141,24,7,20,18,5,6,0,0,5,0,14,9,10
54141,54,7,22,13,5,0,0,2,6,0,17,12,0
33141,33,20,61,87,23,6,10,0,0,1,66,66,29
61141,61,6,46,36,15,0,0,4,17,0,34,42,6
38141,38,18,73,76,28,6,1,0,6,1,78,59,17
01141,01,11,63,54,16,4,7,0,5,8,34,53,7
55141,55,4,9,6,0,4,6,2,1,0,10,6,0
89141,89,4,19,17,3,0,0,0,0,0,7,18,2
88141,88,4,32,22,5,3,0,5,14,0,25,16,1
08141,08,10,35,21,1,0,2,4,0,0,5,16,4
17141,17,8,49,54,18,2,4,0,0,7,37,54,17
63141,63,34,176,272,65,2,14,2,48,10,219,158,71
28141,28,13,43,34,8,2,6,0,0,1,13,29,10
10141,10,24,100,68,9,0,2,1,2,0,46,79,18
45141,45,3,12,12,6,2,2,4,1,0,17,19,3
11141,11,5,12,14,3,0,6,4,0,0,0,11,0
16141,16,8,32,41,7,0,4,0,0,4,24,31,13
67141,67,16,74,61,12,0,7,1,13,9,41,74,19
32141,32,0,8,19,0,2,0,0,0,0,11,12,10
72141,72,18,105,106,20,2,10,0,0,2,93,141,24
26141,26,5,27,20,5,6,0,3,8,0,21,14,8
74141,74,28,84,104,27,0,2,0,15,1,65,118,28
68141,68,72,284,204,50,13,17,2,9,13,146,243,56
09141,09,4,11,6,0,4,0,5,5,0,7,9,0
79141,79,5,8,31,11,3,1,4,0,6,0,23,9
02141,02,42,290,149,34,14,9,7,0,8,113,135,36
51141,51,14,88,65,22,4,5,0,10,3,53,80,17
34141,34,7,59,47,8,2,6,0,0,7,49,48,14
44141,44,20,66,163,43,0,4,6,3,4,128,101,48
40141,40,12,27,41,7,0,2,0,1,2,31,23,17
73141,73,13,80,83,14,1,3,6,2,4,66,65,21
35141,35,11,39,88,33,0,7,4,0,2,70,58,33
30141,30,119,769,492,123,17,27,10,79,26,544,454,121
47141,47,7,41,36,11,3,2,0,0,3,9,29,10
58141,58,0,11,6,2,2,3,4,4,0,12,2,0
03141,03,7,26,33,2,0,3,0,0,0,22,20,6
07141,07,7,31,22,12,0,0,0,8,0,21,22,6
2A141,2A,2,49,21,9,6,0,0,0,7,15,38,3
29141,29,6,21,57,19,6,0,0,0,0,24,35,20
53141,53,28,88,127,23,1,11,5,0,7,71,135,24
37141,37,20,79,112,35,7,7,1,0,5,70,98,34
81141,81,1,15,22,3,0,6,2,6,0,13,15,11
86141,86,21,70,94,29,8,2,3,0,4,83,60,25
22141,22,0,14,24,13,0,1,0,16,2,16,17,5
42141,42,22,64,69,10,7,8,0,0,0,33,55,20
12141,12,3,22,45,11,6,4,0,1,1,37,29,6
48141,48,2,11,16,7,2,0,2,5,1,11,24,2
18141,18,163,815,724,181,36,37,14,29,35,610,633,173
85141,85,21,52,78,14,7,0,0,13,0,36,69,12
41141,41,7,32,35,5,2,1,0,4,6,17,38,5
19141,19,0,15,22,10,0,0,4,1,4,25,15,2
43141,43,34,120,130,25,4,6,0,18,4,101,102,24
69141,69,135,527,814,201,8,16,4,29,32,573,705,199
56141,56,37,155,238,61,7,10,6,0,6,142,170,61
23141,23,11,71,84,30,7,9,0,11,0,69,57,21
15141,15,50,193,273,60,10,4,11,34,9,154,258,55
36141,36,39,200,177,43,13,15,2,0,10,152,154,50
04141,04,5,50,42,10,0,0,5,2,1,54,41,7
66141,66,167,1428,822,243,18,56,9,73,47,953,771,249
82141,82,15,85,58,11,0,5,0,23,3,48,47,11
87141,87,12,56,96,22,0,1,0,32,4,76,48,29
06141,06,8,60,32,8,0,3,0,0,0,32,54,3
83141,83,137,925,540,110,0,13,22,46,45,440,743,98
84141,84,237,1657,994,196,24,27,12,118,69,1055,1012,237
62142,62,6,18,12,7,5,0,0,1,0,15,5,1
64142,64,18,48,114,34,1,4,0,11,8,85,74,36
80142,80,4,38,34,10,0,7,0,0,0,32,26,3
76142,76,17,65,57,20,5,0,2,0,1,56,48,19
02142,02,12,52,20,2,0,1,1,0,0,26,16,4
59142,59,14,89,65,23,0,0,0,10,3,71,50,17
27142,27,1,28,27,9,4,3,2,0,5,14,17,1
21142,21,5,23,27,8,4,0,4,13,0,16,22,4
95142,95,44,142,209,54,3,5,5,14,7,202,163,63
70142,70,6,31,14,2,5,1,4,0,0,10,18,8
25142,25,3,31,34,6,0,0,5,14,1,21,23,5
51142,51,6,61,47,7,0,1,4,0,2,30,37,14
65142,65,8,16,32,3,0,0,1,0,2,24,19,12
39142,39,9,13,11,4,0,1,3,0,0,10,16,2
57142,57,14,61,49,17,6,7,3,0,7,32,36,7
31142,31,10,22,38,14,5,4,0,0,0,8,17,12
52142,52,0,20,9,0,0,0,0,6,0,2,5,7
24142,24,23,139,136,49,10,10,0,12,0,120,107,41
54142,54,7,25,24,10,0,2,1,0,0,8,9,0
77142,77,131,456,462,125,5,26,6,29,18,394,349,102
33142,33,23,129,181,55,5,5,4,0,9,145,119,44
01142,01,136,520,456,96,9,15,14,17,17,323,430,105
55142,55,3,29,17,5,5,0,0,0,3,0,14,0
61142,61,8,18,16,0,0,0,0,12,3,12,16,5
89142,89,29,136,83,18,2,10,2,13,0,72,89,17
17142,17,154,624,710,173,17,42,11,18,24,534,600,177
88142,88,8,70,36,11,2,3,0,12,0,35,39,10
08142,08,58,328,182,53,13,12,4,17,11,178,194,46
28142,28,0,26,18,1,6,0,0,7,3,9,13,8
10142,10,62,244,146,37,10,3,4,0,12,97,193,31
45142,45,88,378,372,97,19,25,0,0,9,220,340,85
11142,11,6,24,21,2,0,0,4,0,0,6,13,3
67142,67,11,26,26,8,6,2,0,0,0,4,22,7
32142,32,0,17,21,5,0,0,5,3,1,10,12,6
26142,26,0,25,22,10,3,0,5,0,0,0,22,8
72142,72,8,13,15,0,0,5,4,0,1,10,29,1
68142,68,16,55,32,11,2,1,0,5,4,21,39,6
74142,74,33,89,109,32,0,1,0,25,1,72,125,31
09142,09,0,13,19,10,0,1,5,0,6,3,7,5
79142,79,1,8,17,0,0,3,2,0,3,5,8,0
60142,60,63,401,271,59,5,11,0,5,7,235,223,56
71142,71,10,27,21,10,0,0,1,0,0,22,23,10
16142,16,10,22,20,3,5,3,0,0,1,22,15,6
85142,85,24,77,120,28,3,4,0,0,8,71,106,29
69142,69,102,352,610,148,19,21,9,37,21,426,535,156
46142,46,1,19,22,9,4,1,1,0,2,8,20,10
40142,40,23,76,107,39,0,10,5,2,6,89,72,41
73142,73,22,80,88,22,1,1,1,13,0,74,76,16
35142,35,20,88,175,46,0,7,0,0,9,114,107,57
47142,47,9,85,57,23,0,3,1,2,6,54,63,23
30142,30,27,184,121,32,5,7,3,0,13,106,101,31
81142,81,19,92,87,26,7,3,3,16,1,74,64,20
03142,03,4,37,28,5,0,0,0,15,0,24,27,11
07142,07,8,43,31,5,0,0,4,10,0,33,31,12
2A142,2A,13,122,72,22,6,5,2,28,11,48,119,19
58142,58,11,26,26,9,0,0,0,0,0,19,20,8
34142,34,133,856,688,163,13,20,11,29,25,736,578,194
29142,29,5,27,59,16,0,3,0,19,5,41,34,19
53142,53,13,32,38,14,6,2,1,0,0,7,42,5
86142,86,12,56,63,17,6,4,2,0,3,49,52,25
37142,37,14,57,84,17,0,4,3,2,4,63,66,23
12142,12,19,53,89,17,7,1,3,13,7,55,59,20
18142,18,18,73,68,22,0,3,4,0,5,52,51,12
42142,42,14,37,35,8,0,6,0,9,0,34,28,12
19142,19,9,13,26,5,6,0,0,0,0,7,12,2
43142,43,16,64,69,10,0,5,0,30,2,48,50,22
15142,15,45,181,255,49,2,8,8,42,14,144,236,51
36142,36,42,175,146,51,4,9,4,27,1,150,136,46
23142,23,8,23,32,9,0,2,0,12,0,28,20,15
04142,04,0,11,3,4,0,0,0,0,1,2,8,1
66142,66,1,5,0,4,0,2,4,2,3,5,3,0
82142,82,38,200,149,44,9,6,2,0,7,123,132,46
44142,44,32,117,235,59,2,6,0,0,3,175,152,71
87142,87,17,53,65,17,0,7,0,8,1,63,44,19
05142,05,12,63,59,22,0,0,0,22,0,54,48,12
06142,06,6,46,27,7,3,6,0,0,0,8,45,7
83142,83,5,35,17,4,3,1,2,3,6,24,35,2
41142,41,66,311,258,73,13,18,8,12,13,190,254,79
84142,84,78,562,352,77,6,15,6,19,8,349,361,94
50142,50,30,106,140,38,5,9,0,24,3,85,115,35
63142,63,1,16,28,13,3,3,5,13,0,25,18,10
62143,62,4,3,1,5,2,0,0,4,0,2,1,0
64143,64,0,14,14,6,0,4,0,3,4,11,10,2
76143,76,37,158,134,40,1,13,0,1,8,153,105,36
80143,80,8,20,11,0,0,0,5,0,2,7,10,1
14143,14,68,245,281,76,16,20,3,3,15,156,235,76
21143,21,4,15,13,0,0,0,0,0,1,5,8,0
60143,60,73,393,249,54,7,14,2,41,13,222,228,55
70143,70,1,17,16,6,0,5,0,0,0,0,5,8
25143,25,11,26,28,8,6,0,0,0,0,15,21,3
65143,65,0,7,23,3,5,3,0,0,2,7,15,8
39143,39,3,0,7,0,0,4,0,0,5,0,0,1
78143,78,31,96,225,52,7,9,0,0,3,124,221,49
31143,31,3,27,42,17,0,4,0,0,6,31,22,13
57143,57,98,453,353,84,8,29,0,23,13,303,265,89
71143,71,15,58,57,11,3,7,4,0,3,29,36,13
50143,50,25,86,116,31,9,7,4,0,4,80,87,23
24143,24,16,72,67,14,7,5,2,14,0,65,50,19
77143,77,135,477,477,123,14,19,8,18,23,415,356,120
54143,54,5,41,36,16,5,6,0,8,0,40,27,8
33143,33,50,202,289,84,11,21,0,20,16,220,198,95
61143,61,77,291,261,58,14,18,6,7,9,167,294,61
55143,55,9,18,12,6,0,3,0,0,1,7,16,4
01143,01,252,1003,920,212,20,49,2,13,47,550,844,218
89143,89,5,48,25,8,3,7,2,0,3,21,23,4
88143,88,15,53,34,5,2,0,0,0,0,17,28,13
08143,08,1,16,3,2,0,0,1,0,2,9,6,7
63143,63,16,89,149,35,1,4,0,20,0,111,86,36
28143,28,5,35,27,10,0,0,1,0,6,5,25,11
10143,10,11,31,24,4,2,4,5,0,2,0,26,5
45143,45,0,0,9,1,0,4,0,0,0,0,0,2
11143,11,0,14,8,8,1,4,4,0,0,4,7,0
67143,67,20,87,86,22,8,7,0,0,7,34,83,24
16143,16,23,71,90,25,1,7,5,0,0,49,63,18
32143,32,9,33,37,8,4,0,3,16,1,34,29,7
09143,09,1,0,4,0,0,0,1,0,0,6,4,3
59143,59,175,1081,751,219,29,36,4,48,37,799,625,224
46143,46,27,95,139,32,7,5,1,33,5,121,86,34
40143,40,10,18,26,13,4,4,0,9,0,20,18,12
35143,35,25,58,124,41,2,6,0,0,6,74,79,40
30143,30,1,31,27,2,0,6,3,0,0,25,19,7
47143,47,51,259,211,64,11,9,5,58,5,193,182,55
02143,02,7,28,13,9,1,1,0,0,0,14,10,3
51143,51,3,5,8,2,0,4,0,2,0,1,5,1
17143,17,21,83,88,21,0,7,3,0,4,76,83,24
72143,72,33,188,173,38,1,13,4,3,8,132,251,43
26143,26,15,93,93,20,7,8,3,0,3,85,75,21
83143,83,104,719,422,89,17,12,8,65,22,344,598,84
74143,74,108,294,403,80,4,8,8,10,25,207,410,91
81143,81,19,70,80,20,2,5,2,10,1,63,51,26
58143,58,6,17,16,5,4,5,3,0,0,0,15,6
07143,07,17,75,68,24,6,6,0,26,1,69,65,15
2B143,2B,19,130,91,17,2,3,0,37,0,62,115,13
34143,34,33,283,212,62,0,19,4,17,10,249,174,69
03143,03,0,9,13,4,0,1,0,3,0,14,5,8
29143,29,15,56,123,41,3,9,2,2,2,84,74,41
86143,86,3,17,31,9,3,7,3,0,0,3,21,10
53143,53,10,42,60,12,6,0,2,16,0,42,65,10
37143,37,37,129,158,43,9,10,0,12,5,138,131,39
22143,22,33,144,232,68,12,16,2,38,8,175,148,74
18143,18,13,39,36,5,0,0,0,21,2,28,29,4
85143,85,37,101,142,25,8,9,2,0,5,71,136,32
42143,42,15,47,42,12,5,0,2,0,4,28,38,7
41143,41,34,133,125,35,4,7,5,0,2,93,135,32
19143,19,16,47,73,23,0,2,3,15,0,59,46,14
43143,43,3,20,26,4,0,0,0,0,6,14,10,9
56143,56,122,451,699,183,24,36,7,29,26,415,537,177
12143,12,2,13,16,0,3,2,0,1,1,11,10,0
69143,69,137,493,780,190,23,25,19,68,22,576,682,213
15143,15,0,17,21,5,0,0,1,0,3,0,18,4
36143,36,10,55,41,8,3,0,6,17,3,44,42,14
23143,23,11,51,51,19,2,7,0,9,0,44,36,21
04143,04,144,695,602,154,17,25,9,46,21,648,541,153
66143,66,0,14,6,1,4,0,0,4,5,6,8,6
68143,68,70,256,208,50,3,15,8,15,13,140,234,40
82143,82,3,10,5,4,0,4,0,0,4,4,5,5
44143,44,873,2608,5441,1507,90,218,59,237,161,3988,3696,1524
87143,87,46,213,315,83,2,19,3,10,15,242,178,85
06143,06,9,104,73,17,3,0,3,0,6,55,92,8
84143,84,23,191,109,19,7,6,6,0,5,113,108,25
62144,62,5,65,36,9,2,3,2,8,3,41,34,15
64144,64,0,15,15,5,0,5,0,0,2,10,19,10
76144,76,1,26,12,2,4,1,0,9,2,14,11,5
80144,80,7,77,48,11,0,1,2,1,0,52,46,16
02144,02,1,26,18,8,6,0,0,0,0,8,9,0
27144,27,5,38,21,4,4,0,4,0,5,25,18,6
21144,21,0,2,4,2,4,2,3,0,0,0,0,5
70144,70,5,8,3,1,0,0,4,0,3,2,0,0
60144,60,5,23,15,7,0,4,0,0,0,13,20,7
51144,51,12,78,58,16,5,3,2,0,0,44,70,8
65144,65,0,6,15,3,0,0,0,6,0,17,4,4
59144,59,16,117,85,20,6,9,0,0,0,77,64,24
95144,95,3,10,3,0,2,0,0,8,0,6,3,0
31144,31,18,76,115,31,4,0,6,1,6,108,63,37
57144,57,91,412,305,67,15,22,6,56,5,237,244,61
71144,71,8,27,22,11,0,2,0,0,6,8,15,6
50144,50,15,60,72,13,0,2,0,0,2,37,63,23
24144,24,7,13,13,3,3,0,3,0,0,9,6,0
77144,77,13,44,49,10,4,4,0,0,1,19,35,12
54144,54,15,45,51,13,3,0,0,5,0,35,32,11
33144,33,21,72,97,24,0,6,0,0,3,66,60,30
55144,55,12,55,38,11,1,0,0,18,0,24,29,12
38144,38,77,315,350,81,4,7,0,0,5,260,238,87
89144,89,21,104,68,13,6,6,0,27,3,72,72,14
88144,88,1,0,4,6,1,0,2,0,0,0,8,6
08144,08,0,9,2,6,4,2,5,0,1,5,2,6
10144,10,9,20,9,5,0,3,3,0,0,0,20,8
56144,56,84,273,438,119,6,27,11,24,18,279,334,104
11144,11,20,128,89,33,5,2,2,25,8,96,72,28
67144,67,9,38,37,3,4,5,0,0,5,17,29,9
16144,16,9,47,51,8,2,2,3,26,0,46,34,13
45144,45,39,132,131,30,6,10,1,4,0,90,116,37
32144,32,7,0,14,6,0,4,0,0,5,0,4,5
26144,26,51,208,196,47,4,13,6,29,9,181,178,60
72144,72,4,35,39,5,5,6,0,12,0,38,53,9
68144,68,35,161,121,24,7,9,3,0,9,89,134,29
74144,74,27,66,97,22,7,0,0,0,2,58,88,22
79144,79,11,32,55,15,2,0,0,0,0,25,39,18
29144,29,10,50,91,37,2,6,0,12,0,66,65,38
22144,22,31,104,177,52,4,7,3,0,0,117,118,55
23144,23,12,32,38,7,5,7,4,0,0,26,20,6
04144,04,3,51,28,4,0,3,3,17,3,46,34,5
06144,06,11,86,62,10,1,1,4,21,9,51,97,3
83144,83,539,3324,1925,390,54,57,30,172,82,1611,2750,345
46144,46,1,23,47,12,0,6,0,10,3,40,21,6
35144,35,21,66,155,42,2,5,0,2,0,94,86,48
40144,40,6,21,34,9,3,0,0,0,5,28,16,14
47144,47,11,66,54,14,0,4,0,17,8,58,54,13
30144,30,10,53,37,5,6,5,1,11,0,40,28,9
28144,28,5,28,21,7,0,6,0,1,0,17,23,3
81144,81,104,503,490,155,8,31,13,80,31,460,393,146
03144,03,11,19,23,9,0,0,0,0,5,15,26,10
58144,58,18,80,66,24,0,8,4,0,0,41,46,21
2A144,2A,8,33,24,0,5,0,0,0,5,0,33,7
07144,07,5,0,11,5,2,0,0,0,0,0,0,6
34144,34,10,83,63,13,0,1,2,35,0,70,60,14
86144,86,11,32,42,13,0,0,0,3,0,33,23,11
53144,53,23,62,87,16,5,3,4,20,0,51,98,15
37144,37,18,52,60,19,6,8,0,0,0,21,58,14
12144,12,0,14,17,9,1,5,0,0,0,18,23,0
18144,18,14,56,49,13,6,2,0,0,7,31,49,13
85144,85,42,112,164,38,8,13,0,0,6,92,168,37
41144,41,28,102,88,21,6,1,6,0,0,40,89,25
19144,19,9,18,28,7,0,3,0,19,3,21,21,6
43144,43,1,18,10,2,2,6,4,0,0,12,13,1
36144,36,14,44,35,10,4,0,5,0,3,19,32,15
15144,15,9,38,52,15,2,7,0,0,0,13,45,12
66144,66,83,810,486,143,14,38,6,66,16,563,441,135
82144,82,20,97,76,16,5,4,0,0,7,65,58,21
44144,44,51,150,302,88,14,13,4,0,9,189,215,86
87144,87,10,52,76,17,0,7,0,0,7,44,35,26
05144,05,0,18,20,10,0,1,0,1,4,20,16,3
48144,48,10,38,34,10,0,5,0,8,5,31,37,13
84144,84,14,93,51,7,5,0,3,9,0,54,50,12
63144,63,9,44,60,16,7,0,4,0,0,47,37,19
62145,62,13,76,48,15,3,2,0,10,1,42,40,7
64145,64,11,26,62,17,4,4,0,2,6,52,43,24
80145,80,7,20,18,0,0,3,3,0,2,0,16,4
02145,02,16,104,56,9,5,0,0,0,0,44,42,8
14145,14,10,40,55,20,1,6,0,0,5,34,44,13
21145,21,6,0,1,2,0,3,0,0,3,0,3,4
91145,91,2,9,15,0,0,3,0,1,0,4,6,0
70145,70,18,79,42,6,4,0,5,7,1,32,35,11
25145,25,3,10,10,1,2,1,2,9,0,9,15,0
60145,60,12,66,47,7,6,3,5,0,0,44,49,10
59145,59,19,102,80,21,0,9,2,12,4,82,60,20
51145,51,12,33,32,11,0,1,0,0,5,8,32,9
39145,39,12,48,33,14,2,5,5,0,3,22,31,6
65145,65,1,4,5,1,5,0,0,7,0,0,0,0
31145,31,45,210,325,104,7,18,2,62,4,297,212,100
57145,57,10,45,43,12,0,6,2,0,7,30,29,7
29145,29,15,60,137,46,6,10,0,1,2,79,73,55
71145,71,12,62,56,14,2,7,1,1,3,52,47,12
52145,52,1,15,15,5,2,6,0,0,4,0,15,6
50145,50,19,59,73,20,3,7,3,0,6,39,56,21
24145,24,42,194,200,57,10,14,1,0,10,198,164,62
77145,77,16,67,71,24,6,5,3,0,8,58,60,15
54145,54,24,117,91,29,4,0,0,28,5,86,71,25
33145,33,9,57,71,21,0,4,3,11,0,69,54,16
55145,55,22,100,54,13,0,0,1,15,2,43,60,16
89145,89,16,62,42,16,4,4,0,5,0,35,42,10
88145,88,11,41,27,6,0,3,3,0,0,1,23,11
61145,61,110,487,458,117,17,21,9,28,25,297,500,98
01145,01,30,136,129,26,3,6,0,5,5,77,113,32
08145,08,43,299,162,44,8,9,9,0,11,143,150,42
17145,17,7,53,53,20,7,6,0,7,0,43,43,12
10145,10,12,32,22,2,0,3,0,5,0,13,24,6
45145,45,104,365,393,98,6,22,6,0,21,224,347,101
11145,11,85,635,465,137,17,42,11,78,12,540,353,152
16145,16,9,58,73,25,7,1,1,19,0,58,48,15
67145,67,10,35,25,2,1,1,0,14,1,21,31,4
32145,32,4,1,11,0,0,3,0,0,3,1,11,1
68145,68,215,763,565,130,35,39,11,22,32,379,622,129
74145,74,21,61,70,22,2,3,1,0,3,46,74,16
46145,46,20,65,117,35,0,3,3,0,0,95,62,26
79145,79,8,32,39,12,1,4,0,3,5,34,30,13
35145,35,25,92,195,61,8,13,1,8,7,123,127,55
40145,40,15,55,78,22,0,5,3,0,5,59,45,30
47145,47,93,470,372,105,7,21,9,81,13,360,342,120
72145,72,9,43,46,7,0,2,0,20,0,37,56,11
26145,26,10,77,63,19,5,4,0,5,2,62,58,22
09145,09,1,25,32,7,0,0,0,13,0,40,20,16
03145,03,13,78,94,26,8,3,2,0,2,67,79,24
81145,81,123,563,542,151,25,35,8,44,29,528,420,169
2B145,2B,9,50,30,5,2,6,0,0,0,18,43,4
58145,58,31,150,121,39,3,2,4,0,5,105,102,43
34145,34,399,2945,2345,632,57,103,15,217,92,2648,2007,645
07145,07,30,127,124,40,9,11,3,0,9,123,109,32
30145,30,28,217,138,33,4,3,5,43,7,176,132,31
73145,73,18,55,63,13,1,6,1,0,3,51,54,12
37145,37,3,28,25,10,4,4,0,0,0,15,30,9
53145,53,15,41,63,17,6,2,0,0,4,35,65,14
86145,86,21,95,130,32,7,6,0,37,4,99,85,34
18145,18,35,176,163,42,6,15,2,5,13,140,135,34
12145,12,513,1653,2705,671,59,145,53,367,80,2018,2182,657
85145,85,19,75,113,23,1,4,0,20,4,56,113,21
42145,42,30,124,120,26,7,1,4,0,3,79,87,28
41145,41,23,104,88,23,3,9,0,0,0,57,78,19
19145,19,8,38,62,16,0,3,5,0,5,32,32,16
22145,22,8,52,91,34,0,0,0,10,6,74,58,34
23145,23,10,28,37,8,0,8,4,0,0,30,33,9
56145,56,29,88,126,35,9,5,1,1,5,84,100,42
36145,36,6,29,30,12,0,0,5,0,0,21,29,3
69145,69,16,53,94,27,0,4,4,0,7,65,82,17
43145,43,1,6,12,7,0,0,2,0,0,0,4,7
04145,04,35,154,128,30,6,6,2,25,4,149,120,30
66145,66,51,447,265,70,8,22,10,16,19,288,252,67
82145,82,5,49,38,8,2,2,0,10,3,32,30,8
44145,44,74,209,426,123,3,13,6,8,4,302,272,104
48145,48,1,30,29,2,4,5,1,0,5,17,34,8
87145,87,8,22,30,4,0,0,1,6,0,21,21,6
05145,05,31,101,101,29,0,7,5,2,2,102,100,31
06145,06,2,30,15,4,1,0,0,22,2,13,27,0
83145,83,31,188,115,24,1,4,5,2,4,87,159,26
84145,84,22,121,77,15,0,4,0,25,4,85,74,15
63145,63,7,16,20,5,0,1,0,17,1,18,10,3
62146,62,8,46,24,11,0,2,2,5,0,22,15,6
64146,64,5,27,38,8,4,2,0,5,0,36,34,15
80146,80,5,35,21,6,0,0,1,0,3,19,12,8
76146,76,54,303,261,70,10,16,10,23,16,262,193,79
14146,14,7,17,16,6,0,5,3,3,0,10,11,8
02146,02,0,15,1,1,4,1,1,4,0,6,2,2
21146,21,0,11,11,0,4,0,0,19,0,13,15,1
78146,78,565,1646,3658,883,63,73,40,240,144,2134,3445,858
70146,70,6,20,10,9,0,5,4,0,0,0,20,6
51146,51,1,12,8,0,3,5,0,8,0,5,13,1
60146,60,10,55,42,12,2,1,1,0,4,33,35,12
39146,39,20,64,69,21,2,3,0,0,2,52,57,13
65146,65,6,29,44,8,0,4,0,9,4,41,26,10
59146,59,81,435,314,72,7,17,0,48,6,309,249,82
31146,31,3,0,0,0,3,5,0,0,2,0,0,0
57146,57,29,132,100,19,3,2,4,0,5,65,72,23
71146,71,4,37,31,11,6,2,4,0,0,9,24,7
52146,52,8,21,9,0,0,3,1,0,3,15,18,2
50146,50,1,27,24,4,5,1,5,0,3,17,25,10
24146,24,8,27,23,6,3,6,3,0,1,24,23,12
77146,77,55,234,233,53,7,8,10,28,5,207,173,57
54146,54,2,36,32,6,0,1,4,0,0,31,27,6
33146,33,33,170,253,69,9,9,2,25,5,204,148,62
55146,55,3,28,15,0,0,0,2,18,0,17,15,3
38146,38,24,78,100,24,6,1,0,0,9,68,66,30
89146,89,5,13,8,0,3,4,0,0,0,0,11,3
88146,88,4,17,21,6,0,4,2,0,4,0,20,7
61146,61,14,48,46,6,7,1,3,0,4,24,54,11
01146,01,12,42,36,12,0,7,0,9,0,31,42,9
08146,08,8,6,13,3,0,2,5,0,1,0,13,0
17146,17,116,390,443,100,21,9,5,20,16,312,384,120
28146,28,24,107,99,26,1,6,1,0,6,52,97,16
10146,10,4,13,10,5,0,0,0,0,3,0,10,0
11146,11,8,50,35,13,0,0,0,0,4,15,29,8
67146,67,19,86,83,18,0,0,0,15,2,55,77,14
16146,16,50,200,252,74,15,17,0,7,4,192,163,64
32146,32,2,25,40,10,2,0,0,26,0,26,23,10
48146,48,19,86,109,33,8,1,6,45,0,94,120,16
26146,26,35,217,198,61,16,12,6,16,1,164,162,52
72146,72,56,314,306,72,7,15,12,17,13,251,422,83
68146,68,64,269,208,51,8,14,0,4,13,156,240,45
09146,09,0,3,0,1,0,0,0,3,3,9,6,1
27146,27,9,66,44,15,0,0,0,0,2,28,37,9
45146,45,208,813,818,188,24,21,12,23,34,561,759,198
83146,83,44,255,159,35,1,9,6,1,5,142,202,31
46146,46,3,11,12,0,0,0,5,3,0,7,8,0
35146,35,12,35,68,25,0,1,0,2,3,41,48,28
74146,74,29,115,129,29,5,1,0,22,11,88,143,33
40146,40,1,12,19,2,0,6,0,19,0,14,13,6
12146,12,60,187,279,68,10,24,6,20,8,201,246,66
73146,73,18,75,81,14,3,1,2,14,2,69,79,17
03146,03,1,19,18,6,3,1,4,0,4,3,16,5
81146,81,10,24,31,9,4,2,0,0,2,22,19,6
2A146,2A,1,1,10,4,0,3,0,0,5,0,10,0
58146,58,27,107,98,32,4,7,0,13,6,83,79,32
34146,34,75,538,403,118,8,17,0,34,20,453,371,112
07146,07,14,78,66,22,0,4,0,10,5,79,55,27
47146,47,26,173,141,40,0,2,1,46,9,118,126,39
30146,30,30,203,128,41,1,7,0,19,8,157,115,36
37146,37,3,19,22,2,2,5,0,7,1,14,25,10
53146,53,49,144,215,49,12,5,0,0,1,116,203,42
29146,29,54,229,476,165,6,38,6,41,12,328,282,175
22146,22,13,36,52,18,3,6,0,4,1,44,35,13
85146,85,562,1853,2602,506,89,129,42,151,86,1447,2542,501
42146,42,0,13,9,3,5,2,0,0,3,4,12,4
41146,41,21,120,86,23,5,7,0,7,6,66,99,29
18146,18,8,37,44,7,0,7,0,0,0,32,37,12
19146,19,49,188,303,71,10,19,5,55,2,238,199,81
56146,56,42,133,210,48,10,6,1,0,4,134,155,55
23146,23,6,26,24,10,0,0,0,15,4,26,23,8
36146,36,18,98,85,22,1,0,0,0,4,70,73,23
15146,15,5,12,25,5,3,0,0,1,4,17,29,1
66146,66,3,20,10,5,3,0,0,4,5,16,9,1
82146,82,5,0,11,0,5,0,0,0,5,0,0,5
44146,44,60,146,308,87,0,7,10,37,11,234,213,87
87146,87,21,100,142,42,2,9,1,0,7,109,83,33
05146,05,3,15,20,2,0,4,0,11,0,19,17,8
06146,06,2,24,21,6,0,6,0,3,1,11,24,4
84146,84,8,82,56,10,1,0,0,14,0,58,46,13
63146,63,15,81,114,34,1,10,0,22,1,95,82,33
62147,62,6,55,37,9,0,0,5,0,5,30,25,7
64147,64,47,178,343,87,3,21,5,133,13,256,232,91
80147,80,9,54,33,5,1,2,0,11,2,30,30,7
76147,76,19,131,108,27,9,5,0,0,3,99,93,26
14147,14,4,13,14,1,2,5,3,0,5,18,17,5
21147,21,2,0,10,6,3,4,0,0,0,0,4,0
78147,78,9,24,54,12,0,6,0,0,0,31,60,15
70147,70,5,36,14,9,6,0,0,0,0,13,19,4
25147,25,48,222,209,58,5,22,0,1,8,141,198,51
60147,60,22,128,86,21,1,8,6,0,7,64,73,23
39147,39,2,16,8,6,0,3,0,0,0,0,12,1
59147,59,3,11,3,0,3,0,3,0,0,3,8,0
65147,65,11,52,83,22,7,1,1,8,4,65,51,25
31147,31,17,50,83,24,2,0,0,17,2,82,55,26
57147,57,7,58,47,10,0,0,0,2,7,30,30,10
71147,71,9,33,30,5,0,2,0,19,0,26,33,4
52147,52,1,15,10,1,0,5,0,0,1,1,11,6
50147,50,208,756,932,231,24,59,18,34,31,603,803,240
54147,54,5,13,13,0,1,1,0,2,4,10,5,2
24147,24,35,127,131,37,1,8,3,24,7,98,102,41
33147,33,10,46,68,15,0,2,0,0,6,42,47,18
38147,38,27,100,114,24,1,5,5,0,0,79,68,28
88147,88,10,58,31,11,3,0,1,2,5,32,35,6
01147,01,18,56,45,8,3,6,2,14,0,29,45,8
89147,89,9,46,32,10,0,0,4,0,1,3,28,12
08147,08,0,3,8,4,3,1,1,0,3,0,6,3
17147,17,32,133,140,38,3,9,1,4,1,121,127,38
28147,28,18,71,55,11,2,2,5,0,0,40,57,14
10147,10,2,24,13,6,0,3,0,2,0,14,12,0
45147,45,445,1818,1819,450,54,87,35,130,74,1168,1647,440
11147,11,0,2,2,1,2,0,0,0,2,3,0,0
67147,67,21,57,62,11,0,0,0,20,0,38,51,16
16147,16,8,31,24,12,5,5,2,0,0,10,23,7
32147,32,65,283,347,105,7,15,5,59,8,284,262,123
26147,26,3,2,9,0,4,0,2,0,1,0,0,2
68147,68,22,82,66,12,0,0,4,4,8,38,72,13
27147,27,13,95,56,18,2,8,0,6,5,55,63,14
51147,51,11,47,36,9,2,0,2,0,0,14,33,3
77147,77,20,68,75,21,7,4,0,5,2,65,52,24
72147,72,18,126,107,35,6,7,0,13,0,93,161,25
09147,09,7,14,11,3,2,0,5,1,0,28,6,10
46147,46,2,11,17,7,0,3,0,2,0,13,14,8
79147,79,17,61,85,20,4,1,5,5,0,66,64,28
74147,74,32,111,136,25,8,9,6,0,9,80,139,32
40147,40,11,33,51,11,6,2,0,5,3,41,29,19
41147,41,49,221,178,47,8,7,0,13,6,129,199,50
03147,03,7,16,21,8,6,2,0,0,0,4,22,10
73147,73,10,24,33,8,5,6,0,0,2,0,31,5
81147,81,29,126,123,32,6,8,4,25,10,84,92,34
2B147,2B,6,38,23,10,3,8,3,0,7,8,47,5
58147,58,9,37,28,15,1,7,0,0,0,24,30,8
47147,47,16,81,64,11,7,2,0,11,5,55,58,11
30147,30,30,220,138,30,0,4,6,0,9,146,130,41
34147,34,55,415,339,91,5,19,5,17,20,328,273,82
07147,07,9,23,32,11,4,0,4,7,8,18,19,10
37147,37,11,48,73,13,0,7,0,12,1,53,54,19
86147,86,12,47,69,23,7,5,6,0,6,24,47,21
53147,53,339,1054,1578,343,52,80,19,40,58,871,1693,352
29147,29,56,225,431,156,9,16,0,76,7,292,275,161
22147,22,54,213,368,111,10,20,10,2,11,255,241,118
12147,12,5,11,25,0,7,5,3,5,0,16,16,2
42147,42,390,1652,1536,391,38,77,27,146,43,1292,1220,396
85147,85,51,146,212,47,11,13,0,0,8,97,197,34
18147,18,8,28,30,3,2,1,0,0,0,16,27,1
19147,19,17,54,88,22,4,4,5,0,5,54,49,18
56147,56,112,401,598,181,18,30,6,24,8,398,479,174
23147,23,5,10,14,6,5,6,0,0,0,0,6,1
36147,36,3,12,11,0,5,4,0,5,0,14,16,7
15147,15,6,31,53,14,0,6,0,19,2,33,49,7
43147,43,24,88,84,22,2,7,0,0,8,50,69,25
66147,66,0,32,14,1,5,0,0,0,6,10,17,8
82147,82,3,39,26,11,0,5,0,7,2,33,24,11
48147,48,20,61,65,16,7,0,6,24,5,59,66,13
87147,87,0,2,8,7,0,0,0,7,0,8,4,0
05147,05,16,37,51,7,0,2,2,7,2,37,40,15
06147,06,98,687,463,99,5,1,9,35,18,341,677,86
84147,84,73,524,311,75,8,13,6,20,19,319,301,78
83147,83,0,1,9,0,4,1,0,0,0,0,2,5
63147,63,4,25,40,12,2,0,0,9,3,43,28,14
62148,62,26,134,81,27,7,5,0,0,6,65,66,22
64148,64,19,59,124,43,4,11,1,50,0,90,80,40
80148,80,13,68,42,6,0,1,2,0,5,34,40,11
76148,76,1,34,28,6,5,6,4,0,4,30,18,3
02148,02,3,41,26,0,0,0,5,8,0,19,12,0
21148,21,12,31,40,6,1,0,0,4,4,25,30,14
91148,91,4,5,16,4,0,0,0,5,0,14,15,5
70148,70,6,10,10,4,5,2,4,0,0,0,10,2
51148,51,5,14,17,9,3,6,4,0,3,0,22,2
60148,60,14,61,39,12,2,2,4,19,4,29,25,4
65148,65,8,16,11,10,0,4,0,0,2,10,9,2
59148,59,9,44,28,11,0,0,0,0,0,33,25,5
31148,31,4,43,70,19,0,4,5,0,4,58,41,17
57148,57,15,84,56,16,0,2,0,10,2,48,55,15
71148,71,24,92,90,27,6,0,3,7,3,70,67,20
50148,50,8,38,44,15,1,0,0,21,5,36,37,11
54148,54,15,87,76,15,4,8,0,0,4,51,48,18
77148,77,57,190,186,44,8,5,0,0,14,149,151,53
24148,24,12,32,34,12,0,0,0,0,0,40,28,12
33148,33,7,9,10,4,1,2,2,0,2,2,5,6
55148,55,9,8,12,0,5,0,0,0,5,9,16,1
38148,38,71,328,344,87,2,6,11,45,20,306,251,90
88148,88,59,283,207,40,9,15,1,26,1,145,180,52
01148,01,49,208,191,37,6,8,0,17,11,137,197,46
89148,89,7,47,32,3,1,5,0,0,3,16,25,10
61148,61,6,26,30,8,0,1,0,3,1,19,30,7
17148,17,9,52,58,9,3,6,0,0,6,38,54,19
63148,63,43,192,298,69,7,8,1,16,6,237,181,69
10148,10,14,60,32,8,3,0,5,16,4,23,43,1
11148,11,15,79,51,18,3,6,0,0,7,43,34,13
45148,45,49,159,166,48,9,2,0,4,3,115,156,47
67148,67,7,27,25,6,1,0,0,2,4,11,16,4
16148,16,25,105,119,31,4,6,3,5,4,100,84,34
32148,32,1,6,13,0,1,0,0,5,5,8,10,1
26148,26,43,220,192,56,11,11,10,2,12,199,171,53
68148,68,9,50,28,10,0,0,3,0,7,24,42,6
72148,72,0,8,7,4,2,0,0,0,4,0,21,8
08148,08,9,34,14,8,0,5,0,0,4,16,18,5
27148,27,10,61,36,11,5,6,3,0,7,25,42,5
25148,25,8,56,53,13,7,7,0,0,7,22,43,18
09148,09,4,11,16,5,3,2,1,0,0,13,13,4
46148,46,40,149,257,62,9,12,6,24,16,224,144,64
35148,35,1,11,14,3,3,6,0,8,0,9,7,3
40148,40,0,12,8,5,0,5,0,0,2,2,10,3
28148,28,11,45,32,11,0,6,0,0,1,29,32,13
74148,74,6,30,43,8,3,0,1,3,4,20,41,3
47148,47,4,21,15,9,0,0,3,0,5,19,19,8
79148,79,52,175,253,76,17,22,0,0,5,166,177,77
30148,30,10,50,25,7,4,2,0,0,4,20,27,4
03148,03,13,38,40,12,7,0,3,0,3,40,31,10
81148,81,4,11,9,0,4,0,0,11,0,12,6,1
2B148,2B,69,655,443,93,5,22,16,102,23,331,597,95
58148,58,21,65,61,19,6,3,1,0,1,37,54,21
07148,07,0,25,26,2,5,2,2,12,0,22,15,1
34148,34,64,535,402,134,11,9,0,45,33,478,368,111
37148,37,21,62,73,17,2,8,0,0,7,54,57,17
86148,86,20,68,99,27,2,4,0,19,0,69,61,25
29148,29,20,61,120,47,0,4,0,3,6,85,79,43
12148,12,32,109,169,50,6,11,6,16,5,133,135,33
42148,42,21,60,52,11,7,4,0,15,0,46,43,12
41148,41,39,156,141,31,5,7,3,36,5,111,136,31
85148,85,21,78,114,26,2,3,0,5,2,71,99,18
53148,53,9,19,22,11,1,1,0,0,0,5,29,6
18148,18,70,339,275,71,9,23,2,21,15,252,264,73
22148,22,6,21,27,10,0,1,4,0,6,17,23,8
19148,19,43,134,206,55,2,10,3,17,4,154,139,52
56148,56,42,123,211,42,8,5,2,23,1,124,150,47
23148,23,11,19,24,14,2,4,3,5,1,22,18,12
69148,69,58,203,309,83,8,11,1,1,12,206,285,70
36148,36,10,58,38,14,6,4,0,2,0,36,40,14
15148,15,6,45,68,7,0,0,0,5,5,36,62,12
43148,43,24,80,79,18,1,0,0,19,7,74,64,15
04148,04,12,36,27,12,0,7,5,0,0,28,26,10
66148,66,66,597,353,107,9,28,8,24,19,414,318,96
82148,82,22,92,77,18,1,0,4,0,0,54,60,25
44148,44,7,40,78,25,7,8,4,0,0,47,52,21
48148,48,14,48,60,16,1,9,0,0,2,41,66,17
87148,87,17,93,132,40,8,5,1,0,7,93,76,34
05148,05,14,66,60,22,6,0,0,6,1,66,47,12
06148,06,83,549,379,68,0,6,3,80,16,297,557,66
83148,83,248,1673,936,189,15,45,26,83,50,780,1344,176
84148,84,28,204,124,35,4,9,0,0,10,121,131,29
62149,62,3,48,28,9,0,6,0,0,0,12,20,5
64149,64,6,9,23,6,5,4,0,20,4,21,15,6
80149,80,16,81,57,8,5,6,0,0,5,45,46,16
76149,76,10,35,36,7,0,3,0,13,0,29,21,12
02149,02,7,7,3,0,5,0,0,0,5,0,0,6
14149,14,12,39,48,8,5,0,0,0,3,25,34,14
21149,21,8,15,22,6,0,0,5,0,0,7,15,5
95149,95,80,292,426,111,8,17,0,0,31,370,306,109
70149,70,30,129,84,23,0,11,4,0,0,42,79,21
25149,25,12,63,49,12,1,6,0,0,3,50,49,20
51149,51,16,57,50,13,5,0,0,0,5,25,52,7
60149,60,43,263,172,37,9,12,3,45,6,151,160,46
39149,39,4,40,33,5,0,2,0,13,2,26,27,9
65149,65,3,21,24,5,0,3,0,5,0,17,18,2
59149,59,29,144,106,28,6,2,0,0,0,90,90,29
57149,57,5,24,23,9,5,3,2,0,0,0,15,5
31149,31,561,2348,3651,1200,69,131,53,348,97,3347,2281,1168
71149,71,40,131,137,32,0,8,2,6,4,107,113,36
52149,52,1,16,10,5,0,6,0,0,0,1,13,5
50149,50,33,98,112,34,7,11,6,3,0,81,101,27
54149,54,30,178,152,39,4,6,2,6,6,137,120,48
33149,33,6,16,16,2,0,0,2,0,0,21,7,8
55149,55,3,5,13,4,5,4,5,0,5,0,6,4
38149,38,48,178,207,51,0,11,0,0,8,160,143,49
88149,88,3,12,8,1,0,1,0,0,0,0,2,3
01149,01,31,129,110,25,7,7,2,0,6,82,120,25
89149,89,7,31,17,4,5,6,0,0,0,10,13,7
61149,61,10,53,41,9,0,1,0,15,0,24,43,12
63149,63,15,52,89,26,3,1,4,5,1,70,49,24
10149,10,13,43,28,8,2,5,1,0,0,16,33,5
11149,11,0,9,13,4,2,0,1,0,0,3,6,7
45149,45,11,29,37,8,3,1,2,3,2,22,33,8
67149,67,18,51,54,12,7,2,0,0,7,17,40,12
32149,32,29,118,138,46,5,3,0,19,0,108,106,51
26149,26,25,100,98,32,7,2,0,0,6,95,87,33
68149,68,174,623,486,114,21,34,4,1,22,333,536,110
72149,72,11,65,65,14,0,1,4,0,2,40,82,21
08149,08,4,23,15,6,0,1,0,0,5,7,15,1
27149,27,1,21,7,0,0,0,1,3,0,6,13,2
28149,28,15,79,65,19,2,0,1,26,1,52,75,14
06149,06,215,1268,888,166,16,27,23,38,36,602,1274,188
09149,09,0,18,27,12,4,3,4,0,5,26,7,5
46149,46,22,75,107,36,4,10,2,0,1,94,73,27
35149,35,34,97,221,65,0,5,5,30,1,157,140,63
40149,40,7,35,43,10,3,3,0,18,0,45,27,12
17149,17,2,0,7,5,0,4,0,0,5,0,0,4
79149,79,2,10,19,9,5,0,0,2,2,8,12,3
30149,30,22,134,83,15,0,9,5,0,6,77,65,26
03149,03,9,63,62,17,0,3,0,0,7,46,50,8
81149,81,15,58,60,14,5,1,1,0,2,46,46,16
73149,73,7,42,37,8,5,0,4,6,1,29,33,10
2B149,2B,2,17,17,4,0,1,2,0,0,11,20,2
58149,58,61,246,233,68,9,7,10,0,15,133,169,70
07149,07,3,19,19,10,0,0,0,7,0,27,13,11
34149,34,12,98,68,22,0,2,0,8,3,89,58,15
37149,37,11,33,42,12,3,0,2,13,0,31,45,10
86149,86,12,43,43,11,0,7,1,3,0,39,32,8
22149,22,6,40,69,16,6,0,2,0,6,41,37,23
12149,12,8,17,21,1,2,5,2,0,3,16,19,3
41149,41,114,482,381,98,13,28,13,1,12,314,428,103
42149,42,162,600,582,139,16,36,10,24,20,437,460,151
85149,85,13,42,50,11,0,7,5,0,1,13,51,15
18149,18,9,69,62,11,4,0,0,10,2,54,48,12
19149,19,3,16,27,4,0,3,0,22,0,28,23,4
56149,56,57,237,368,92,11,18,0,13,9,233,260,94
69149,69,455,1708,2782,706,69,99,35,96,111,1883,2439,706
36149,36,27,90,88,27,5,6,3,0,1,68,68,21
23149,23,14,74,83,34,6,5,4,0,3,71,67,28
15149,15,9,13,24,5,0,0,1,2,0,22,22,5
04149,04,68,325,277,68,9,14,3,1,16,325,249,73
66149,66,102,849,529,147,20,31,6,43,18,596,492,140
43149,43,5,17,17,0,0,4,5,0,1,2,18,9
82149,82,40,240,184,54,9,4,1,13,7,176,147,56
44149,44,88,246,492,124,3,29,2,64,5,376,337,145
87149,87,3,28,48,14,0,0,2,15,0,36,33,8
05149,05,12,40,44,11,3,5,0,0,5,38,38,14
48149,48,1,0,11,0,0,2,0,0,5,0,10,2
83149,83,30,193,108,20,0,10,0,37,8,94,160,22
84149,84,34,256,165,41,2,12,2,15,4,164,165,36
62150,62,10,89,49,14,0,7,3,0,3,55,40,10
80150,80,3,31,19,6,1,4,0,6,0,23,13,3
64150,64,0,7,19,10,0,5,0,8,0,9,10,6
02150,02,5,4,0,6,0,4,2,0,0,0,10,0
14150,14,28,107,135,36,9,4,3,22,6,81,106,42
21150,21,6,38,39,9,5,7,0,0,0,12,38,9
95150,95,10,51,77,26,0,0,3,0,3,79,49,23
70150,70,12,46,29,12,4,6,0,0,2,8,20,11
51150,51,0,16,5,2,5,0,0,0,0,1,15,1
25150,25,5,31,29,4,0,7,0,0,3,23,25,8
60150,60,35,171,110,22,3,5,5,29,8,93,100,25
39150,39,23,104,93,24,0,6,2,9,2,84,90,18
65150,65,16,46,75,20,5,0,4,12,0,60,34,20
59150,59,19,83,61,12,3,6,4,0,0,34,44,19
57150,57,13,91,70,14,0,5,5,0,0,46,58,22
31150,31,109,500,797,229,22,40,12,28,33,675,499,249
50150,50,6,17,33,9,2,3,0,0,3,10,27,5
71150,71,97,349,313,94,8,23,4,10,20,253,280,101
77150,77,17,47,43,7,0,6,5,0,6,16,40,16
54150,54,67,358,287,75,17,10,3,26,10,253,219,81
24150,24,13,58,70,17,5,2,6,0,1,54,55,23
55150,55,14,105,50,23,6,5,1,0,7,25,59,16
33150,33,10,21,29,7,0,1,0,14,0,20,18,8
88150,88,2,38,19,9,0,3,3,0,4,7,21,8
38150,38,167,688,760,212,9,34,12,38,34,579,515,211
01150,01,4,24,25,2,0,0,0,0,0,22,27,8
61150,61,22,80,70,14,0,4,0,36,0,53,87,15
08150,08,0,29,18,8,5,2,0,1,2,15,12,9
89150,89,14,49,31,3,0,1,2,12,0,25,41,7
63150,63,26,121,166,40,5,10,4,16,5,153,101,46
10150,10,5,44,27,3,0,1,0,13,1,22,31,1
11150,11,10,66,39,19,0,7,0,5,2,43,28,12
45150,45,0,18,14,1,2,0,0,16,0,14,17,2
67150,67,39,176,146,32,0,9,3,34,5,100,144,42
16150,16,42,195,224,56,10,9,0,0,5,168,156,59
32150,32,7,16,20,9,6,1,0,9,0,19,24,7
68150,68,14,63,57,17,0,0,0,16,2,31,60,11
26150,26,2,0,5,0,0,0,0,0,0,0,0,0
72150,72,23,140,126,32,8,10,4,21,4,116,195,30
73150,73,130,461,524,133,20,18,8,55,25,384,478,124
06150,06,75,464,323,54,4,21,1,11,14,206,447,60
09150,09,7,26,21,9,6,0,5,0,0,18,13,13
22150,22,15,81,127,31,6,3,3,0,1,86,85,41
43150,43,23,68,65,20,0,2,0,0,0,56,48,10
17150,17,13,45,53,10,1,5,0,11,0,50,51,10
79150,79,22,60,102,23,5,11,4,0,4,64,58,21
30150,30,3,38,21,6,4,2,0,1,1,26,15,11
74150,74,40,132,166,34,0,8,0,29,5,109,170,40
47150,47,14,49,34,8,4,0,4,5,5,31,36,6
03150,03,7,23,30,6,5,0,4,0,5,17,29,5
81150,81,15,49,54,12,0,6,0,0,0,42,39,11
2B150,2B,17,168,132,26,0,7,2,31,4,89,179,27
58150,58,0,16,16,9,6,1,0,0,0,6,7,7
35150,35,71,238,528,171,14,33,3,28,23,348,329,162
40150,40,57,222,297,107,8,15,0,23,6,242,209,109
07150,07,15,80,64,24,0,8,0,0,0,66,53,21
34150,34,163,1059,845,231,7,29,3,115,25,958,740,247
86150,86,2,20,37,6,1,7,5,1,0,23,22,10
37150,37,36,136,182,55,8,5,0,0,7,117,155,52
41150,41,118,452,368,101,16,35,0,1,13,257,400,83
12150,12,9,43,74,12,0,0,0,20,1,57,56,13
42150,42,37,129,116,33,4,3,0,14,9,100,94,36
29150,29,157,546,1096,426,24,59,9,55,34,725,687,414
53150,53,19,73,111,29,2,8,0,0,0,59,117,26
18150,18,15,88,68,18,6,4,4,0,1,68,74,18
19150,19,8,29,50,18,0,7,0,17,1,35,32,19
36150,36,9,62,53,11,3,7,1,0,6,42,49,11
23150,23,2,13,14,9,5,0,4,0,0,9,19,0
04150,04,0,18,19,5,0,2,5,0,1,22,15,0
66150,66,19,135,94,27,6,2,6,0,6,89,82,23
82150,82,21,126,87,20,0,7,0,26,1,83,79,30
44150,44,91,273,584,182,13,28,12,16,17,363,415,174
48150,48,0,19,32,9,5,2,0,0,1,21,31,4
87150,87,13,68,105,28,6,4,4,22,2,84,55,27
83150,83,100,600,370,73,11,9,7,23,21,300,491,84
84150,84,46,288,183,49,10,8,11,14,17,170,193,44
62151,62,16,90,43,10,0,5,0,18,0,49,43,12
80151,80,8,48,38,8,0,3,5,0,0,26,29,4
64151,64,4,5,10,0,5,0,0,5,0,7,9,6
76151,76,11,37,28,10,3,5,0,0,2,23,30,4
02151,02,2,15,13,0,0,0,3,0,0,8,12,6
27151,27,56,269,188,49,4,12,0,14,4,159,178,47
21151,21,8,10,15,0,1,0,0,0,0,0,12,6
95151,95,10,24,31,15,2,0,0,4,0,36,22,6
70151,70,0,4,7,6,3,0,1,0,3,0,5,3
25151,25,3,11,14,7,6,0,4,0,0,6,21,6
51151,51,1,29,22,4,0,0,0,0,4,9,22,0
60151,60,82,440,295,67,9,20,11,22,21,259,259,79
39151,39,3,12,11,6,1,0,0,0,0,15,18,8
59151,59,41,215,159,48,8,11,1,0,7,146,132,48
65151,65,0,15,20,7,0,4,0,0,4,14,9,6
57151,57,5,36,17,8,4,0,4,0,0,10,24,4
31151,31,16,69,119,37,0,5,3,11,2,113,76,34
52151,52,2,32,17,2,0,0,0,0,2,15,15,0
50151,50,51,218,245,63,8,14,2,10,0,162,226,72
71151,71,0,3,10,0,0,1,0,6,2,11,3,1
54151,54,30,113,107,30,8,6,1,0,1,96,76,32
77151,77,4,24,36,9,0,0,0,0,7,31,19,7
24151,24,0,15,9,0,0,2,0,6,0,15,8,6
88151,88,34,164,112,30,9,11,0,0,4,67,104,27
33151,33,15,80,130,35,0,9,0,18,3,100,80,42
01151,01,31,138,118,32,4,6,6,0,3,69,123,33
38151,38,647,2919,3207,880,90,121,41,160,136,2535,2213,868
61151,61,15,32,33,8,5,0,0,0,0,23,43,14
08151,08,12,40,30,2,0,0,5,0,2,24,30,3
89151,89,42,169,120,21,1,2,1,15,1,91,109,21
63151,63,29,119,191,57,6,7,0,30,6,164,111,55
28151,28,4,25,20,1,4,2,2,0,0,1,18,2
10151,10,29,103,71,19,0,1,1,5,2,54,85,16
11151,11,11,75,58,22,5,5,0,0,0,41,44,13
67151,67,168,588,563,128,18,26,5,45,27,353,543,121
45151,45,12,26,25,5,0,0,0,0,0,22,28,5
16151,16,27,109,115,29,9,10,5,0,8,65,86,34
32151,32,4,0,3,7,3,5,2,0,5,0,3,4
68151,68,39,120,90,22,8,11,5,0,1,68,105,23
72151,72,29,131,120,31,5,3,3,0,0,86,173,36
17151,17,19,104,106,34,7,4,6,0,8,98,96,25
58151,58,92,415,380,103,13,22,3,14,16,291,292,111
37151,37,84,298,382,92,10,19,10,6,17,275,302,94
46151,46,0,6,20,9,4,0,0,0,0,8,14,6
09151,09,3,0,7,2,4,1,5,0,3,0,4,0
69151,69,31,113,178,43,2,7,0,13,4,127,166,49
40151,40,5,37,46,11,2,3,0,7,7,37,33,23
35151,35,11,42,97,30,0,0,0,16,4,73,63,35
74151,74,19,49,59,13,0,4,0,0,4,7,63,15
47151,47,7,43,38,5,0,4,0,1,3,31,32,7
03151,03,8,21,22,5,0,0,0,0,0,18,20,6
30151,30,15,83,56,15,0,0,4,6,0,55,47,18
81151,81,8,16,18,7,0,3,2,0,5,1,12,9
07151,07,4,43,35,11,1,2,0,0,6,31,27,10
34151,34,112,784,616,176,13,27,12,36,18,660,521,165
86151,86,1,22,28,5,1,0,4,1,0,13,19,2
18151,18,12,38,40,5,0,7,0,11,2,31,37,14
41151,41,97,412,367,94,9,9,9,23,15,287,376,93
12151,12,3,16,38,7,6,7,0,0,6,19,32,9
29151,29,257,852,1721,660,36,102,10,107,51,1135,1086,665
42151,42,10,44,51,8,2,4,0,4,0,44,40,15
85151,85,165,557,798,156,37,33,4,57,16,458,784,159
53151,53,31,92,138,34,4,2,5,0,1,64,136,26
19151,19,24,66,104,19,3,4,4,14,7,77,72,22
56151,56,88,333,513,136,12,25,8,26,15,310,382,137
23151,23,16,51,47,17,3,3,0,0,6,46,39,21
15151,15,8,17,28,9,4,0,0,0,5,1,19,2
04151,04,17,78,51,13,0,7,5,8,7,60,47,12
43151,43,8,27,32,12,5,6,0,0,4,17,28,6
73151,73,86,394,388,102,13,7,0,42,27,324,357,114
66151,66,0,17,14,6,0,3,1,0,1,7,4,1
82151,82,5,44,30,14,0,7,4,7,5,28,34,5
44151,44,145,450,933,269,20,55,12,21,18,678,670,269
48151,48,1,6,6,3,4,6,0,0,0,3,4,5
87151,87,9,48,62,20,4,1,5,0,4,43,34,13
05151,05,35,140,133,42,8,7,0,0,11,114,126,30
06151,06,24,142,113,16,12,9,1,5,4,33,140,23
83151,83,25,139,75,19,2,3,2,0,5,58,101,10
84151,84,1,31,22,10,0,3,0,6,2,14,19,1
62152,62,11,48,16,8,0,5,0,0,2,9,23,2
64152,64,46,137,265,74,3,14,9,57,2,209,191,79
80152,80,1,15,18,5,1,1,2,0,6,7,16,1
76152,76,19,95,85,24,8,1,0,6,0,79,65,27
02152,02,0,14,5,1,0,2,2,10,5,3,7,0
78152,78,40,115,233,66,1,11,9,10,9,128,236,61
51152,51,22,81,56,18,0,0,0,3,3,49,69,13
60152,60,0,34,21,4,3,5,2,0,2,3,18,10
70152,70,8,58,34,5,0,8,3,14,0,29,37,5
27152,27,16,98,59,16,4,2,3,0,3,49,54,15
21152,21,6,16,7,5,0,1,1,1,1,10,8,0
59152,59,289,1676,1202,349,51,53,22,57,47,1210,994,343
57152,57,13,58,50,11,4,5,5,0,0,33,35,15
31152,31,5,4,10,0,0,3,1,6,1,12,10,0
71152,71,5,25,27,10,0,5,0,0,0,8,22,4
54152,54,79,387,350,88,10,16,4,59,0,336,269,82
77152,77,455,1735,1765,372,48,66,39,123,76,1573,1380,440
24152,24,26,95,99,34,1,2,6,2,0,100,77,30
88152,88,11,32,29,7,1,0,0,14,2,16,24,4
33152,33,0,15,16,3,1,4,0,6,2,13,8,5
01152,01,18,96,83,21,0,5,0,16,0,62,82,16
38152,38,26,147,176,49,0,15,4,4,2,119,114,37
61152,61,2,8,8,3,0,0,0,7,5,6,19,4
17152,17,26,79,104,19,6,1,0,6,0,75,75,28
89152,89,25,94,58,10,2,7,0,0,8,48,71,21
63152,63,2,29,48,11,3,0,0,1,0,40,28,8
11152,11,4,17,16,7,2,0,5,0,4,14,7,4
67152,67,248,876,790,184,21,39,15,78,34,493,751,200
16152,16,11,60,72,21,3,1,0,22,0,70,57,22
45152,45,12,26,20,6,1,0,0,14,3,13,17,4
32152,32,8,31,37,15,6,0,0,12,3,33,39,13
68152,68,84,346,245,63,11,15,6,38,21,188,278,63
26152,26,0,1,10,0,0,1,0,0,0,0,8,5
72152,72,13,53,50,15,0,1,0,0,0,43,62,17
25152,25,2,11,10,6,0,0,0,19,0,10,8,3
46152,46,5,23,36,10,0,0,0,16,0,30,30,10
09152,09,0,3,4,1,0,0,0,0,4,8,5,1
56152,56,60,216,356,81,5,16,4,38,6,182,261,87
85152,85,135,444,664,125,17,27,18,33,13,362,626,131
50152,50,5,22,32,5,2,4,0,0,0,13,22,8
30152,30,35,295,185,60,7,15,0,19,11,225,197,53
40152,40,19,89,132,49,0,1,3,32,9,100,81,41
35152,35,174,516,1131,344,28,43,27,12,34,651,731,333
79152,79,7,21,26,6,5,4,0,10,0,21,17,9
47152,47,11,55,36,15,4,6,4,0,0,38,35,10
03152,03,8,29,30,8,0,0,0,0,1,18,28,5
74152,74,36,122,143,35,7,2,5,0,6,93,156,33
2B152,2B,15,136,94,16,1,7,0,21,8,68,139,25
58152,58,35,166,156,41,5,4,0,12,1,142,124,48
81152,81,5,36,31,13,5,5,2,0,2,9,29,5
73152,73,6,25,29,5,5,0,0,0,3,19,18,9
34152,34,8,63,53,15,0,0,3,3,6,54,53,19
86152,86,11,56,85,24,2,2,5,11,6,59,55,16
07152,07,37,138,127,36,9,13,0,17,2,140,104,32
53152,53,67,250,372,80,16,7,7,28,5,200,379,68
37152,37,56,212,283,74,9,14,4,6,11,219,228,75
22152,22,28,92,141,52,3,8,0,0,0,92,95,50
12152,12,1,9,23,8,5,0,1,0,0,13,19,3
18152,18,7,14,8,8,4,2,0,0,0,0,10,7
41152,41,22,72,64,19,1,0,0,16,0,44,64,24
29152,29,9,45,84,35,1,0,0,4,7,54,56,36
42152,42,9,71,63,9,5,3,3,0,0,54,49,10
19152,19,8,33,63,14,0,5,2,24,2,44,34,15
36152,36,15,60,52,12,6,7,6,0,1,35,43,10
69152,69,170,651,1107,268,17,29,14,67,34,771,935,272
23152,23,0,12,10,0,3,3,4,0,1,0,7,4
15152,15,23,74,102,21,6,0,1,8,0,68,97,20
04152,04,95,486,402,109,5,21,5,48,24,471,373,106
43152,43,87,364,338,77,9,14,8,16,9,284,276,81
66152,66,2,16,11,2,0,3,0,0,5,5,5,0
83152,83,29,174,95,23,0,2,0,7,11,81,156,24
82152,82,14,55,45,18,0,0,0,0,6,38,33,19
87152,87,31,138,223,61,6,14,6,12,1,169,133,56
05152,05,7,12,14,3,3,0,0,0,2,17,21,9
44152,44,60,204,424,115,10,17,7,11,8,300,279,103
06152,06,246,1592,1119,191,32,29,19,5,57,819,1586,234
48152,48,3,31,40,12,0,5,0,0,6,20,33,12
62153,62,11,121,66,23,2,4,0,0,7,45,45,21
64153,64,1,7,14,7,0,0,0,0,0,0,8,7
80153,80,3,24,21,6,4,0,4,0,0,3,7,4
76153,76,11,45,41,15,2,2,0,0,3,25,30,7
02153,02,23,117,60,13,6,10,0,5,7,48,63,16
27153,27,12,48,34,5,4,0,4,6,4,30,32,11
25153,25,9,18,20,5,5,0,0,0,0,0,22,5
60153,60,5,15,15,0,0,2,0,0,3,0,11,8
51153,51,38,155,109,26,0,5,0,17,10,88,120,33
21153,21,1,14,23,1,3,5,0,5,0,19,12,1
70153,70,5,11,8,0,6,0,0,5,0,4,14,5
39153,39,24,86,88,20,4,10,1,6,7,71,65,24
59153,59,189,1068,760,214,30,37,12,43,32,760,639,229
57153,57,63,325,236,60,9,17,4,50,8,212,193,59
31153,31,7,32,48,22,3,2,5,0,0,36,34,20
65153,65,0,16,19,1,5,5,0,1,0,8,8,4
77153,77,218,874,891,212,21,37,5,79,32,770,676,229
54153,54,5,5,2,4,0,0,4,0,2,0,6,5
55153,55,3,26,11,3,0,0,2,9,0,8,22,7
88153,88,16,46,32,6,0,0,0,7,5,27,31,6
33153,33,1,21,35,13,6,7,1,1,3,33,23,9
01153,01,54,185,188,39,7,3,5,0,9,119,172,45
61153,61,49,165,144,38,16,9,5,16,6,106,175,41
38153,38,10,48,52,16,5,2,4,0,1,27,42,20
89153,89,16,79,55,11,0,0,0,41,0,47,67,9
08153,08,7,49,32,3,2,3,2,12,0,36,26,3
17153,17,45,201,235,54,4,19,4,31,8,177,196,54
63153,63,0,19,16,8,0,0,0,0,0,9,19,11
28153,28,2,26,21,7,6,0,0,8,0,20,21,4
10153,10,21,98,56,10,3,6,6,0,0,21,74,17
67153,67,15,47,45,8,1,6,0,12,0,36,38,9
45153,45,12,81,73,20,1,0,6,2,4,47,58,24
32153,32,2,9,19,1,1,3,1,10,5,10,16,1
68153,68,26,93,70,23,1,1,1,17,8,51,73,16
72153,72,15,75,74,23,0,0,2,0,5,41,98,18
24153,24,9,52,58,20,0,8,4,0,0,45,43,20
11153,11,1,37,28,9,0,4,5,0,5,5,16,11
26153,26,6,7,14,0,2,0,0,4,2,10,8,1
46153,46,15,42,95,24,3,6,6,17,0,58,54,20
09153,09,6,13,9,8,3,0,0,3,0,16,3,3
71153,71,512,2041,1869,524,56,99,25,139,83,1459,1641,523
40153,40,7,19,26,16,0,0,4,3,5,27,18,13
34153,34,37,264,215,70,1,7,0,22,6,244,201,52
35153,35,5,16,52,10,5,2,4,6,0,25,32,10
79153,79,5,17,28,8,0,2,0,5,2,10,11,1
74153,74,39,153,187,34,5,13,6,12,8,118,193,37
58153,58,2,12,8,4,0,0,2,0,1,1,9,7
16153,16,21,115,142,31,5,3,0,21,5,103,90,31
30153,30,0,30,20,0,0,0,0,0,2,20,10,6
2B153,2B,2,29,15,4,3,3,0,4,6,14,27,1
73153,73,37,143,148,32,8,8,5,36,7,133,136,33
07153,07,4,31,32,5,3,1,5,0,0,31,23,8
86153,86,21,87,95,33,4,9,0,0,4,78,80,24
22153,22,13,41,59,17,5,0,5,11,0,46,44,20
37153,37,101,379,487,135,16,30,6,0,13,355,416,140
12153,12,15,38,69,13,7,4,3,6,2,41,45,19
41153,41,3,27,17,3,3,2,0,0,5,7,15,9
18153,18,6,35,32,5,0,0,0,15,0,25,26,7
85153,85,75,273,372,80,15,10,2,22,12,208,335,66
53153,53,21,56,84,20,0,0,2,24,0,44,84,18
42153,42,12,57,54,13,1,0,0,6,2,49,45,9
29153,29,73,222,467,166,16,24,3,0,6,282,285,173
19153,19,94,303,501,119,21,24,1,34,14,374,314,127
36153,36,10,47,36,7,0,1,0,10,0,27,27,15
15153,15,44,151,235,43,11,25,9,27,16,139,206,49
69153,69,22,85,142,35,2,0,4,0,2,100,116,38
43153,43,47,186,191,42,2,17,0,44,10,153,156,48
66153,66,0,9,4,0,0,1,5,3,1,0,1,0
56153,56,62,250,380,104,8,19,6,0,13,227,286,105
82153,82,3,34,19,1,0,4,0,5,0,22,13,9
44153,44,37,103,213,65,2,14,0,8,4,161,160,66
48153,48,1,5,9,0,0,0,5,7,1,7,12,7
87153,87,10,31,42,8,0,0,2,0,0,40,26,14
83153,83,107,810,464,102,5,21,5,72,27,412,690,90
05153,05,15,36,42,6,0,0,3,0,6,46,42,8
06153,06,31,186,113,24,4,4,3,0,6,94,169,26
62154,62,17,121,64,14,3,9,0,15,6,62,50,20
80154,80,3,38,25,10,4,3,3,0,1,20,24,4
64154,64,0,14,21,12,0,0,1,20,6,16,18,3
76154,76,8,63,61,21,2,0,0,0,3,55,43,14
02154,02,10,63,29,7,0,7,5,0,0,5,32,6
27154,27,13,86,62,9,6,2,5,0,7,36,60,21
95154,95,2,20,34,13,6,0,0,0,6,20,22,7
25154,25,12,30,36,11,2,0,4,0,7,13,27,8
21154,21,117,500,530,120,19,17,8,8,23,370,473,142
60154,60,45,255,182,33,10,4,0,13,14,160,144,39
70154,70,5,47,32,4,3,0,0,19,5,22,26,12
39154,39,29,157,123,26,8,13,0,13,8,115,117,32
51154,51,11,39,20,4,4,1,5,0,4,0,26,11
57154,57,19,100,62,19,5,0,0,18,3,57,54,12
71154,71,73,282,264,70,9,13,0,3,9,190,211,75
65154,65,0,3,10,0,0,0,0,0,5,0,4,3
77154,77,27,92,95,23,1,4,0,9,2,82,80,19
54154,54,11,70,58,18,3,6,4,0,6,40,39,10
55154,55,41,250,144,36,9,14,0,0,9,97,140,32
88154,88,4,20,8,0,3,1,0,7,0,15,9,0
24154,24,13,33,41,11,0,0,4,10,0,33,24,6
38154,38,10,22,35,7,0,4,1,0,0,13,22,12
89154,89,31,129,77,26,0,5,6,0,4,68,84,19
63154,63,7,31,61,13,4,0,0,16,2,48,32,16
08154,08,7,9,8,0,0,3,0,0,0,0,6,4
28154,28,40,187,145,38,3,3,6,27,13,96,151,32
10154,10,8,1,14,0,0,5,0,0,4,0,8,7
11154,11,1,0,9,1,3,5,0,0,3,0,0,3
67154,67,108,424,362,76,24,19,0,22,23,221,374,87
45154,45,60,187,194,51,2,15,6,18,12,137,177,46
16154,16,119,500,593,144,17,34,11,38,18,463,390,147
32154,32,2,16,10,9,0,6,0,0,5,1,10,0
68154,68,443,1620,1139,274,50,64,29,100,64,768,1323,255
72154,72,322,1476,1381,384,52,68,38,65,40,1143,2016,343
58154,58,0,11,12,4,5,4,0,0,0,3,14,9
26154,26,6,33,26,7,4,2,4,0,0,17,25,5
46154,46,2,27,39,7,4,5,0,15,0,45,22,14
09154,09,1,5,8,0,1,0,0,0,2,5,5,7
36154,36,60,220,201,50,15,14,5,0,11,168,196,63
33154,33,40,159,234,73,7,20,6,0,12,160,164,62
17154,17,19,73,82,21,7,0,3,0,0,58,57,15
35154,35,30,108,215,62,12,7,9,27,0,132,133,58
79154,79,6,22,38,11,0,0,1,12,0,31,27,11
74154,74,67,230,297,60,1,15,0,0,18,175,299,67
03154,03,9,27,27,8,2,4,2,4,1,21,31,9
47154,47,11,52,32,12,0,5,3,0,4,26,36,7
40154,40,8,30,44,16,3,2,0,0,1,24,34,14
30154,30,8,69,48,9,2,7,4,11,0,47,39,11
2A154,2A,9,39,17,6,5,6,0,0,2,1,35,0
81154,81,0,4,6,3,0,3,5,0,0,10,4,3
34154,34,357,2359,1897,550,54,117,25,168,100,2130,1649,560
07154,07,2,27,18,1,0,2,4,11,2,19,12,8
86154,86,8,16,29,10,3,2,0,3,2,18,25,3
73154,73,97,360,378,96,18,10,1,59,18,327,351,105
53154,53,16,65,97,23,2,0,4,36,2,51,102,16
37154,37,122,402,492,146,27,27,6,26,9,399,428,133
12154,12,21,62,93,26,1,5,0,0,8,51,78,28
18154,18,6,21,17,9,0,0,5,12,2,14,20,0
41154,41,36,144,116,25,4,8,6,0,5,80,114,35
85154,85,42,145,211,40,10,10,7,30,0,111,193,39
42154,42,11,46,45,16,4,0,0,0,3,38,39,8
19154,19,5,35,54,13,0,2,0,6,5,41,29,9
56154,56,49,174,265,64,7,11,2,12,1,140,189,72
23154,23,12,70,73,28,5,4,0,0,6,64,64,20
69154,69,32,168,265,62,3,4,4,16,10,204,227,67
15154,15,20,107,168,25,9,3,1,23,6,87,147,26
04154,04,1,21,8,5,0,0,5,0,0,12,15,0
43154,43,20,63,60,14,7,1,0,0,5,23,52,9
66154,66,0,17,13,7,0,6,0,5,0,23,10,1
82154,82,2,28,21,2,0,3,2,13,0,26,27,6
83154,83,23,142,77,19,5,6,4,0,0,50,104,19
44154,44,315,958,2000,574,50,87,28,128,59,1508,1437,564
87154,87,226,910,1364,398,29,80,27,89,43,1107,789,401
05154,05,11,21,25,4,5,0,3,0,3,22,20,9
06154,06,14,74,52,9,4,5,3,0,0,17,65,10
62155,62,18,110,60,17,0,0,5,2,7,65,39,16
80155,80,8,52,33,10,0,0,0,0,3,15,24,8
64155,64,6,4,17,1,3,4,0,0,0,0,10,9
76155,76,12,47,35,13,0,0,2,0,1,35,22,5
02155,02,6,21,15,1,4,0,0,7,0,10,13,1
21155,21,3,0,11,7,0,0,3,0,0,0,1,2
27155,27,0,14,11,1,1,0,0,0,0,10,14,0
60155,60,83,450,268,58,21,21,9,27,9,259,246,63
70155,70,20,120,72,14,0,8,0,15,1,59,70,24
51155,51,18,89,56,9,0,1,5,0,2,47,67,10
39155,39,0,13,3,3,5,0,1,0,0,4,12,0
25155,25,11,27,28,5,1,0,4,1,4,19,32,9
59155,59,480,2819,2002,552,94,105,42,137,93,2053,1698,550
57155,57,78,386,298,77,8,16,5,41,25,232,222,68
31155,31,7,12,23,13,5,0,1,0,0,19,21,10
50155,50,5,29,36,14,0,7,0,0,0,14,35,4
71155,71,12,51,44,11,4,6,5,3,3,45,39,18
52155,52,14,95,51,11,0,0,0,5,1,44,47,15
77155,77,94,338,327,79,16,11,8,4,19,272,259,78
54155,54,11,47,45,13,6,1,0,0,3,22,27,16
65155,65,6,6,7,8,0,0,4,1,0,3,0,3
55155,55,13,57,39,8,5,3,2,1,3,22,29,4
88155,88,4,17,14,1,5,5,0,0,5,1,8,6
24155,24,11,44,46,10,0,6,2,1,6,49,38,14
38155,38,35,167,204,51,1,9,1,0,9,166,138,58
33155,33,4,13,18,12,0,1,5,0,0,16,15,10
89155,89,28,101,74,22,0,7,6,0,5,53,67,11
63155,63,14,42,53,13,1,7,1,0,5,45,31,11
08155,08,0,15,14,3,0,0,3,5,0,13,9,0
17155,17,73,259,306,87,15,16,0,15,4,229,268,80
01155,01,7,16,14,3,0,0,5,0,5,6,21,5
12155,12,12,34,44,12,0,0,0,5,0,37,37,8
28155,28,11,31,28,5,4,3,0,0,0,1,27,9
10155,10,9,29,24,4,0,0,0,0,6,11,27,3
11155,11,0,5,5,2,0,0,0,12,0,4,5,0
67155,67,36,155,141,29,8,8,0,0,9,95,124,37
45155,45,331,1240,1245,294,23,45,8,91,51,826,1099,286
49155,49,39,123,190,47,2,4,5,0,10,117,179,39
68155,68,145,570,418,91,26,15,8,44,38,316,456,102
58155,58,18,68,58,20,4,9,4,5,0,50,46,17
22155,22,36,161,268,78,17,15,8,0,13,149,168,73
72155,72,47,250,243,66,8,8,8,8,3,196,318,64
26155,26,23,127,113,33,0,10,0,8,9,102,107,33
09155,09,0,8,6,5,1,5,3,0,0,0,5,0
46155,46,7,12,14,4,0,2,4,0,1,16,10,3
32155,32,28,88,116,39,2,4,6,28,0,89,92,41
16155,16,1,15,17,4,3,5,0,0,0,4,12,2
40155,40,27,121,162,51,5,7,3,73,4,139,117,61
35155,35,19,51,102,27,7,2,0,0,0,54,55,25
74155,74,25,83,94,21,0,3,0,35,2,61,101,21
03155,03,45,200,219,53,0,17,7,13,5,164,165,55
47155,47,21,71,67,14,0,6,2,5,0,61,61,14
30155,30,151,989,615,162,12,25,10,76,34,724,569,158
2B155,2B,7,12,8,7,4,0,0,0,3,0,13,6
34155,34,40,290,219,66,0,17,0,13,14,220,200,68
07155,07,27,148,142,40,7,13,6,0,10,130,119,39
53155,53,41,112,177,45,6,13,0,5,5,98,193,33
37155,37,21,50,64,14,0,5,1,15,4,49,54,20
18155,18,10,56,50,10,0,0,3,0,0,27,42,16
85155,85,146,516,695,130,25,39,16,27,13,399,664,135
41155,41,33,156,126,34,7,3,1,39,0,101,133,30
73155,73,58,206,226,60,7,5,3,8,10,171,196,58
42155,42,25,100,108,29,0,8,2,3,0,90,89,22
19155,19,10,18,39,6,2,6,1,6,2,26,26,7
29155,29,14,60,136,52,7,6,4,11,8,90,95,58
36155,36,16,98,72,23,0,7,3,2,3,68,73,20
69155,69,25,89,143,46,3,7,4,11,4,113,126,39
23155,23,9,26,40,14,3,6,4,8,0,30,24,9
43155,43,3,9,21,2,0,5,5,0,0,10,12,2
15155,15,5,14,13,0,0,0,1,0,0,0,17,5
04155,04,8,38,25,3,5,4,4,0,0,25,22,4
66155,66,0,16,11,2,0,4,0,10,0,9,12,5
56155,56,69,218,362,100,13,9,8,47,5,242,267,89
82155,82,43,236,181,53,9,13,4,31,3,181,157,51
44155,44,67,202,412,109,12,13,4,0,13,301,283,116
48155,48,9,44,52,12,0,0,4,5,5,43,48,9
87155,87,2,24,31,7,4,0,0,0,0,17,16,3
05155,05,0,7,7,1,0,0,0,2,0,0,2,1
06155,06,518,3238,2194,451,55,106,38,131,114,1615,3246,422
46156,46,14,96,165,33,4,12,7,27,5,125,93,34
62156,62,10,108,54,18,0,0,0,15,0,66,43,18
80156,80,10,68,44,11,2,1,3,0,2,31,33,9
64156,64,5,36,66,16,4,1,5,25,7,47,37,14
76156,76,4,43,29,5,0,0,2,10,2,35,34,8
02156,02,9,42,19,7,0,0,5,0,3,8,12,4
21156,21,0,0,8,0,0,0,0,2,0,0,9,1
91156,91,59,140,222,64,0,13,0,0,10,181,157,55
27156,27,13,60,51,6,5,4,2,5,2,38,40,12
70156,70,1,14,8,2,5,0,0,2,4,5,4,6
60156,60,54,293,197,45,9,2,2,3,17,176,162,54
51156,51,1,24,9,0,4,3,4,0,2,5,17,8
39156,39,4,28,27,10,2,7,1,3,6,26,24,7
44156,44,56,171,355,92,3,19,8,44,9,301,250,110
57156,57,39,164,124,26,4,10,0,0,11,99,100,35
59156,59,68,346,240,70,8,12,4,0,15,270,225,74
31156,31,3,28,40,15,3,1,5,9,0,40,33,11
50156,50,4,8,4,5,5,0,0,0,2,0,3,7
71156,71,4,35,28,8,0,6,2,0,0,17,29,6
52156,52,8,76,38,13,7,2,0,13,0,28,39,6
77156,77,25,94,89,20,1,0,0,0,10,78,67,21
54156,54,8,65,56,19,0,0,0,13,0,45,37,13
55156,55,1,30,10,8,6,0,4,0,2,7,9,2
88156,88,9,25,16,0,0,0,0,3,0,11,19,2
65156,65,0,18,37,9,6,4,0,5,2,23,16,12
33156,33,6,28,45,8,0,6,0,14,1,33,26,7
89156,89,16,55,31,13,0,0,4,0,0,23,34,8
61156,61,19,61,52,16,0,2,0,0,5,25,66,12
63156,63,6,1,9,5,0,5,5,0,0,0,1,6
08156,08,7,55,40,9,3,0,0,12,0,28,38,10
17156,17,0,14,13,4,0,6,2,0,4,6,18,1
01156,01,26,111,101,19,3,1,4,0,7,47,84,26
28156,28,22,101,84,25,4,10,6,0,7,66,101,25
10156,10,14,104,67,15,0,0,5,0,6,33,74,15
11156,11,5,15,7,1,1,0,2,3,0,7,3,1
67156,67,90,334,301,71,3,7,0,21,15,181,290,81
45156,45,18,61,71,19,6,7,4,0,4,28,59,10
32156,32,0,18,23,3,0,0,0,15,0,22,22,4
68156,68,121,426,315,72,10,7,1,4,14,210,358,75
24156,24,27,119,132,35,6,3,0,0,7,120,93,35
72156,72,18,84,75,18,8,7,2,0,5,57,124,27
26156,26,30,125,117,38,9,7,0,0,3,114,109,28
09156,09,6,0,9,0,0,5,0,0,0,0,0,4
38156,38,24,91,106,29,0,0,0,16,3,93,82,30
40156,40,7,39,58,23,0,0,0,16,0,39,33,24
35156,35,7,40,80,23,2,0,1,0,5,49,56,28
79156,79,15,57,94,21,8,11,0,0,3,66,64,29
74156,74,27,60,90,21,5,1,0,0,7,38,93,22
03156,03,41,159,165,40,8,10,4,0,8,142,124,39
47156,47,20,103,94,28,7,5,2,3,5,90,71,27
58156,58,1,19,21,4,6,0,0,0,1,13,15,3
30156,30,188,1317,841,218,22,32,16,66,46,918,789,211
81156,81,78,345,341,106,8,18,6,36,13,311,264,97
2B156,2B,0,5,1,0,0,1,4,3,0,2,9,4
86156,86,2,22,27,13,0,0,0,12,5,21,19,3
07156,07,24,105,97,24,8,6,0,18,8,97,73,24
73156,73,11,36,40,7,0,0,0,2,7,37,36,12
53156,53,10,26,28,5,0,6,0,1,1,12,30,5
37156,37,270,1023,1291,356,42,57,24,65,63,954,1126,360
12156,12,12,55,81,25,0,3,0,9,3,57,58,19
18156,18,9,40,39,14,5,1,2,8,1,40,42,5
22156,22,13,50,84,28,5,6,1,17,0,59,55,22
85156,85,49,190,267,57,14,13,9,24,0,152,283,52
41156,41,16,58,45,16,7,4,0,1,2,39,49,20
34156,34,6,11,8,0,4,0,1,0,3,0,9,0
42156,42,30,132,128,30,7,3,1,35,10,107,106,34
19156,19,3,8,19,1,6,5,0,8,4,10,7,9
25156,25,24,135,127,29,4,3,5,20,8,93,121,36
29156,29,36,130,254,94,6,12,0,26,8,178,174,95
56156,56,2,29,45,13,5,0,5,0,2,17,34,15
69156,69,52,188,324,79,5,18,5,8,15,219,273,75
23156,23,4,10,6,0,0,5,0,0,3,6,9,7
15156,15,10,56,94,15,1,9,4,0,2,53,86,17
43156,43,1,21,20,3,0,2,0,2,5,15,16,3
04156,04,2,40,25,11,3,7,5,0,0,24,29,11
36156,36,15,55,34,12,7,4,3,0,5,21,42,10
66156,66,0,20,12,8,0,0,0,0,3,0,15,8
82156,82,9,21,11,5,5,1,1,0,4,0,20,6
48156,48,16,70,80,23,5,10,4,0,1,61,71,26
87156,87,57,251,333,104,9,11,4,69,1,273,196,105
05156,05,11,54,46,8,6,0,3,0,3,51,46,15
06156,06,11,41,25,7,0,0,4,0,6,0,44,6
62157,62,2,22,8,0,1,3,3,0,0,2,3,5
80157,80,2,17,13,7,6,0,0,0,5,0,5,6
64157,64,22,79,143,36,8,9,6,7,6,109,100,45
76157,76,278,1349,1133,320,50,89,32,33,46,1140,940,329
02157,02,17,131,69,16,0,3,0,22,7,67,58,18
21157,21,0,0,0,0,3,0,0,0,5,0,3,0
95157,95,6,22,29,2,3,0,1,0,2,6,23,3
70157,70,8,65,39,6,5,0,0,3,5,33,31,9
60157,60,189,1198,767,189,19,37,30,46,46,666,699,180
39157,39,6,5,6,1,0,0,0,0,0,0,3,1
51157,51,5,7,10,2,0,0,4,2,0,5,4,0
59157,59,41,253,188,56,14,8,11,11,5,180,158,61
31157,31,307,1318,2072,678,25,71,16,144,59,1757,1254,617
71157,71,43,184,175,52,6,8,0,0,10,130,149,54
52157,52,0,2,7,0,0,0,1,0,0,0,0,3
77157,77,14,32,30,11,0,0,5,0,7,11,32,10
54157,54,113,564,481,139,16,28,5,18,27,435,358,136
55157,55,0,5,6,0,3,0,0,0,2,5,6,0
88157,88,32,120,82,26,9,6,0,0,0,73,72,14
24157,24,21,76,86,21,4,8,3,0,2,69,55,28
65157,65,0,0,7,1,0,0,2,0,0,0,4,0
33157,33,7,51,84,30,1,0,0,30,3,64,57,18
38157,38,70,353,403,104,2,15,7,39,13,304,275,103
01157,01,68,263,238,55,5,8,0,35,3,177,218,60
63157,63,7,36,58,13,0,3,5,0,3,41,26,8
17157,17,9,8,20,9,2,4,0,0,1,0,11,7
28157,28,9,10,20,5,1,6,3,0,3,0,19,9
11157,11,3,36,18,10,0,0,4,0,0,25,20,8
45157,45,16,55,48,8,4,4,1,0,6,24,37,13
68157,68,54,182,126,35,5,4,7,9,8,89,147,29
32157,32,0,7,13,7,0,1,0,9,0,10,12,9
25157,25,24,115,103,27,0,6,2,21,10,79,106,25
10157,10,4,37,18,8,0,5,3,0,0,13,26,6
26157,26,22,77,72,15,6,0,4,7,0,73,55,14
23157,23,1,5,7,7,1,4,0,0,4,0,6,5
36157,36,11,40,36,8,0,4,0,5,1,42,41,15
09157,09,52,250,251,93,12,19,8,32,19,317,155,97
46157,46,8,15,25,1,0,4,5,0,2,0,14,3
72157,72,15,83,77,21,3,7,0,0,0,54,114,16
16157,16,7,13,14,3,0,4,0,1,0,21,15,7
35157,35,14,36,81,17,0,2,0,19,0,49,45,22
22157,22,18,46,84,21,0,6,0,0,1,58,60,29
43157,43,446,1782,1849,401,46,114,29,143,62,1352,1444,403
40157,40,39,148,219,80,4,4,6,11,9,170,139,69
79157,79,28,105,167,48,0,14,1,14,0,110,118,50
74157,74,44,165,193,45,0,13,3,11,13,135,199,47
03157,03,18,108,114,29,4,5,0,1,7,83,86,24
27157,27,26,178,119,37,6,11,8,3,5,92,114,31
58157,58,10,44,36,10,5,5,0,6,0,36,27,13
47157,47,423,1929,1572,407,61,80,27,287,70,1439,1446,451
81157,81,12,34,38,6,4,0,0,7,1,31,32,14
2B157,2B,1,5,2,0,0,0,5,4,1,5,1,2
07157,07,39,156,146,42,2,9,0,0,12,113,117,46
86157,86,113,416,524,162,20,39,3,46,20,456,388,142
73157,73,61,265,257,71,10,12,3,8,11,202,253,70
53157,53,42,114,183,46,10,7,2,0,4,84,195,42
12157,12,32,124,218,59,8,17,6,48,5,166,160,49
37157,37,12,28,43,13,5,1,5,0,0,30,40,13
18157,18,18,77,75,14,8,7,4,0,5,59,59,24
85157,85,27,71,96,16,8,8,0,0,1,46,84,18
41157,41,31,158,140,37,5,8,0,16,3,92,139,29
34157,34,211,1574,1212,353,34,82,17,41,61,1359,1061,350
42157,42,17,93,83,21,0,5,0,0,8,54,66,25
19157,19,2,14,36,11,1,0,2,0,1,20,20,10
56157,56,46,158,250,79,3,20,8,21,7,142,187,63
04157,04,22,90,73,15,3,1,0,10,5,90,71,15
15157,15,11,30,41,12,0,4,0,0,0,20,41,11
66157,66,0,14,2,0,2,1,2,0,3,3,8,0
82157,82,0,17,15,1,0,0,1,4,0,5,13,0
44157,44,36,100,205,51,6,10,0,0,2,145,140,59
87157,87,19,82,125,34,0,10,0,1,4,101,61,40
05157,05,4,32,26,11,4,5,0,0,4,19,31,8
48157,48,0,10,15,2,2,0,0,0,0,0,13,7
06157,06,374,2485,1689,336,49,52,31,111,115,1249,2455,302
69157,69,96,407,646,176,20,18,7,33,20,452,563,166
36158,36,16,76,59,21,8,6,6,0,0,53,56,16
62158,62,20,115,64,15,5,7,4,0,6,49,43,12
80158,80,6,3,4,3,4,0,0,0,1,2,2,0
64158,64,6,17,28,11,2,1,5,0,0,26,15,4
76158,76,11,38,24,10,5,1,0,0,4,18,27,9
02158,02,5,45,25,1,0,0,1,2,5,15,23,1
21158,21,7,15,18,10,4,4,1,0,0,12,18,8
27158,27,27,103,69,21,7,8,2,14,7,61,65,19
70158,70,2,19,11,5,3,0,0,0,0,1,5,7
60158,60,8,34,26,2,3,0,1,11,3,17,21,9
59158,59,67,389,278,80,16,18,4,0,14,260,248,77
57158,57,8,30,29,2,0,0,4,0,4,21,13,2
31158,31,5,15,30,13,0,2,0,0,5,18,15,11
71158,71,49,177,148,50,1,4,1,2,3,132,129,47
52158,52,4,48,18,7,6,6,0,0,3,18,21,1
50158,50,7,32,32,5,5,2,3,0,0,17,36,12
77158,77,2,19,27,2,0,2,0,14,0,27,17,4
54158,54,7,11,12,0,0,2,0,2,0,17,12,8
55158,55,26,104,74,18,7,0,0,10,0,45,57,14
24158,24,12,35,44,18,0,0,0,9,0,49,35,13
88158,88,91,416,278,66,18,18,6,10,21,234,242,63
65158,65,2,15,14,2,0,4,2,0,1,10,11,3
89158,89,19,89,59,11,0,6,4,16,0,49,65,14
08158,08,5,52,29,6,3,4,0,0,0,23,22,4
38158,38,223,958,1074,310,23,45,14,65,45,851,755,276
01158,01,21,77,77,20,7,2,3,9,0,48,77,11
61158,61,2,18,11,4,0,0,0,12,0,5,10,1
63158,63,4,10,21,10,0,6,3,0,0,2,16,1
17158,17,23,103,105,31,6,9,0,0,7,73,89,32
28158,28,32,142,126,27,1,9,6,6,7,95,117,27
10158,10,7,70,47,14,2,0,3,0,4,16,42,13
11158,11,4,35,31,6,3,4,0,1,1,23,19,10
45158,45,15,40,35,6,0,3,0,6,5,29,29,7
16158,16,8,31,38,6,4,1,1,0,0,32,32,14
22158,22,35,196,327,93,6,19,5,33,7,207,200,96
03158,03,26,101,85,20,7,5,5,0,9,68,80,27
68158,68,25,79,56,15,6,7,0,0,6,32,55,9
32158,32,2,30,24,15,4,2,5,0,2,22,17,14
09158,09,8,26,31,13,0,0,5,0,0,27,16,10
72158,72,17,78,76,18,2,8,6,0,4,32,104,16
78158,78,598,1870,4179,1004,73,87,29,214,145,2323,3859,999
81158,81,8,39,40,15,0,4,1,0,0,26,26,6
05158,05,0,11,20,0,0,0,0,5,0,20,12,0
33158,33,4,22,33,10,0,2,0,11,0,34,17,11
42158,42,6,20,23,7,2,2,0,2,0,25,19,7
40158,40,4,19,35,10,0,2,2,10,6,22,29,7
79158,79,3,17,16,4,0,1,0,0,2,10,9,9
74158,74,25,74,107,19,6,9,0,22,4,65,101,21
47158,47,0,17,14,0,3,3,3,23,0,13,12,7
58158,58,11,39,34,12,4,6,1,0,2,16,20,6
30158,30,13,62,42,7,0,0,0,10,5,57,41,8
2A158,2A,3,7,9,5,2,5,1,0,2,0,9,0
86158,86,144,590,729,194,20,47,18,101,16,606,514,209
34158,34,2,19,11,0,0,3,0,0,0,19,12,9
53158,53,31,83,129,20,5,5,4,0,4,48,135,28
37158,37,19,62,94,26,3,2,0,0,0,71,75,24
12158,12,6,19,35,5,3,3,0,15,6,25,37,7
18158,18,24,90,86,22,2,0,2,0,4,63,61,24
85158,85,37,112,146,30,4,1,6,20,0,82,136,26
07158,07,6,15,13,0,3,0,0,8,2,11,13,0
41158,41,75,272,224,60,15,10,0,29,10,189,232,73
19158,19,7,13,19,7,2,2,0,10,0,18,15,7
29158,29,103,407,850,334,29,32,8,37,27,524,497,328
56158,56,146,498,786,202,32,33,8,33,12,452,596,195
23158,23,4,10,20,4,1,5,4,0,5,13,8,3
43158,43,12,41,49,6,6,2,0,6,0,38,37,8
04158,04,15,59,56,13,1,5,5,0,0,44,41,17
15158,15,0,8,15,0,4,3,0,4,0,11,14,3
66158,66,1,27,22,2,0,0,0,8,0,17,19,4
82158,82,0,16,10,6,2,0,2,14,0,9,14,5
44158,44,176,495,1045,287,38,51,18,19,28,734,695,298
48158,48,5,6,9,1,0,0,5,4,2,6,12,5
87158,87,28,117,176,49,7,9,6,6,1,154,107,51
51158,51,19,78,58,9,6,0,4,0,5,29,66,17
06158,06,16,122,80,16,5,8,1,27,2,65,122,15
80159,80,3,34,27,8,0,1,0,18,0,24,21,4
64159,64,3,14,22,0,5,6,0,0,0,10,8,1
76159,76,60,305,260,83,5,16,2,17,15,239,224,76
02159,02,5,60,29,11,0,0,3,0,3,30,28,10
91159,91,53,124,191,59,2,9,0,0,11,171,142,55
14159,14,7,25,39,4,2,0,0,4,4,28,24,11
70159,70,3,17,10,0,0,0,0,0,4,12,6,0
25159,25,29,139,134,32,0,13,0,14,2,118,138,38
39159,39,3,27,22,11,2,0,2,0,5,22,25,8
60159,60,876,4886,3113,723,142,158,26,262,155,2695,2774,728
59159,59,16,83,65,15,2,4,0,0,6,63,45,13
57159,57,122,569,433,107,8,23,11,37,25,355,347,119
71159,71,9,27,34,4,0,0,0,10,0,20,24,6
52159,52,0,3,6,3,0,0,5,0,0,0,0,3
50159,50,18,58,63,11,0,7,0,14,2,48,55,14
54159,54,232,1076,921,268,46,39,18,60,28,846,688,267
55159,55,15,63,38,8,0,5,0,0,6,5,29,11
77159,77,78,280,279,69,13,12,4,34,11,269,206,61
24159,24,5,47,38,11,1,1,2,2,2,48,37,16
88159,88,11,72,46,14,5,8,6,0,4,20,44,16
65159,65,11,42,53,17,1,0,4,0,3,21,34,20
89159,89,20,59,44,14,1,3,2,1,0,22,38,16
33159,33,30,128,179,51,5,8,0,3,4,138,122,52
08159,08,7,12,12,8,0,2,0,0,0,7,7,1
38159,38,8,53,61,14,0,7,3,0,0,44,33,18
61159,61,6,0,6,4,5,5,0,0,0,0,10,5
01159,01,90,394,331,79,13,19,4,24,18,222,348,78
63159,63,2,16,26,11,3,3,0,0,0,9,16,2
17159,17,8,36,53,15,0,0,2,2,0,42,46,12
10159,10,1,16,6,3,0,0,0,3,0,1,8,0
11159,11,7,14,9,0,3,4,3,9,1,11,13,1
67159,67,12,31,28,1,0,0,0,0,0,14,32,9
45159,45,7,24,21,1,0,5,0,0,4,15,19,1
68159,68,32,143,105,25,7,11,4,0,3,66,109,21
32159,32,13,54,68,23,5,3,5,0,7,39,54,24
21159,21,8,16,11,0,1,0,3,0,3,1,16,0
28159,28,11,38,46,7,6,0,4,0,0,23,40,15
09159,09,6,10,14,9,0,0,4,0,0,10,2,6
46159,46,4,15,28,12,2,4,0,7,0,26,14,12
26159,26,0,13,11,8,0,5,0,0,4,6,8,1
31159,31,5,30,55,21,6,1,0,0,2,35,29,16
30159,30,11,91,67,12,0,0,2,21,0,72,51,14
47159,47,32,161,131,34,0,11,0,32,1,115,106,42
36159,36,177,770,654,184,29,42,6,49,23,581,611,202
73159,73,19,80,81,21,0,0,5,11,4,66,68,18
40159,40,3,25,44,15,3,7,0,0,0,31,28,13
35159,35,3,22,44,12,0,0,1,27,0,38,26,11
79159,79,17,35,55,14,6,9,0,0,2,42,42,20
74159,74,79,280,348,75,9,20,0,6,15,198,357,72
03159,03,21,83,83,26,1,8,0,0,5,76,72,18
58159,58,11,23,31,5,0,0,0,8,0,21,14,4
81159,81,10,43,56,20,4,7,4,6,1,42,35,11
2B159,2B,0,24,9,1,0,0,0,10,0,12,11,4
86159,86,18,43,62,13,0,4,0,19,5,46,45,14
07159,07,21,77,62,13,0,0,2,10,1,68,59,24
34159,34,68,439,374,110,15,3,4,34,16,389,300,87
37159,37,222,716,992,271,19,47,16,70,37,699,868,265
12159,12,20,58,78,16,0,3,6,26,0,61,63,14
85159,85,60,208,283,54,1,21,3,28,11,160,256,58
18159,18,28,112,90,25,4,10,1,0,9,69,85,27
41159,41,44,161,136,35,5,11,0,1,4,100,140,41
42159,42,45,185,177,43,3,10,0,44,3,154,144,44
29159,29,14,62,133,49,0,9,0,18,2,92,76,55
56159,56,42,157,246,72,1,13,7,32,5,161,191,65
69159,69,84,306,490,121,6,11,4,37,26,319,422,130
23159,23,5,11,19,6,0,0,0,3,0,17,16,7
19159,19,0,10,9,6,0,3,3,9,4,6,6,0
43159,43,27,95,99,24,0,7,1,21,6,86,77,23
15159,15,9,19,34,8,4,7,3,10,0,21,29,3
04159,04,0,17,13,7,2,6,1,0,0,3,8,5
66159,66,5,13,13,3,0,4,2,0,1,0,2,1
82159,82,12,76,65,19,0,7,0,0,2,55,57,17
44159,44,20,84,177,48,0,9,6,0,3,128,109,41
87159,87,8,32,46,20,2,4,0,18,4,41,27,9
05159,05,0,8,7,8,2,0,3,0,1,11,4,4
06159,06,92,710,463,97,9,14,1,33,24,357,682,99
63160,63,14,81,136,35,3,8,4,22,8,100,81,33
62160,62,801,5617,2978,795,176,181,69,205,86,2949,2331,876
80160,80,36,191,131,23,2,2,0,3,5,125,103,32
64160,64,112,426,809,240,21,53,12,180,18,597,552,227
76160,76,12,47,34,11,0,0,0,0,0,43,28,16
02160,02,11,78,40,12,4,1,1,1,5,43,33,9
21160,21,5,8,6,0,0,0,1,0,2,0,13,3
78160,78,120,333,781,184,6,17,6,17,34,438,702,186
14160,14,1,16,22,7,0,6,2,0,2,4,21,9
70160,70,8,61,39,10,5,0,1,0,6,28,33,7
39160,39,30,93,75,25,4,0,6,16,2,61,67,12
51160,51,30,174,126,36,4,4,0,10,5,95,151,31
60160,60,11,93,62,9,6,6,4,3,3,58,60,9
59160,59,80,511,380,104,20,16,6,64,15,375,297,106
57160,57,302,1433,1042,263,26,73,21,44,54,855,849,265
71160,71,6,39,46,13,0,0,0,5,0,39,33,16
52160,52,4,17,4,1,3,0,0,0,3,0,13,4
31160,31,45,180,295,95,9,15,0,14,10,240,176,84
55160,55,0,3,5,0,0,2,2,14,0,1,0,0
54160,54,13,45,47,17,3,5,0,0,4,26,31,8
24160,24,16,49,49,21,2,1,0,0,0,50,45,13
88160,88,920,3975,2688,664,116,200,57,252,148,2207,2425,704
65160,65,0,10,15,2,1,0,0,1,0,14,11,8
89160,89,21,106,79,23,7,6,3,0,5,36,73,20
08160,08,7,29,16,9,0,6,0,0,4,11,17,2
33160,33,12,45,66,15,0,6,4,0,0,52,42,19
38160,38,60,248,277,79,1,14,3,1,11,221,190,64
61160,61,11,22,28,9,5,3,1,0,0,0,33,2
01160,01,132,542,514,115,10,26,9,49,19,360,495,104
17160,17,14,36,43,7,0,7,0,0,0,32,41,7
28160,28,29,115,98,22,1,0,2,0,9,55,94,26
10160,10,4,4,10,2,0,1,2,0,0,0,1,5
11160,11,6,0,0,0,0,3,1,0,1,0,4,3
67160,67,43,137,111,29,4,2,8,1,7,59,114,29
45160,45,21,66,68,25,5,2,0,8,5,53,67,14
16160,16,9,53,72,16,6,0,0,14,0,53,39,20
49160,49,70,221,346,89,12,10,8,15,12,222,314,91
68160,68,26,82,63,13,7,3,0,0,7,37,79,14
32160,32,184,792,933,308,44,34,10,269,29,769,720,309
46160,46,13,30,57,12,1,0,0,15,6,50,38,10
09160,09,118,627,616,232,9,38,15,88,34,786,372,224
72160,72,16,59,64,17,1,8,0,3,2,50,78,17
26160,26,23,116,112,24,0,1,0,9,9,103,88,32
25160,25,22,81,80,26,0,2,1,0,0,67,78,15
40160,40,3,23,23,12,0,0,2,6,1,27,13,6
35160,35,3,14,31,12,0,0,3,0,0,18,18,13
79160,79,5,22,22,12,5,4,5,0,0,9,16,3
74160,74,36,95,126,25,0,1,0,12,2,88,136,22
03160,03,9,47,45,12,6,0,4,0,2,21,31,11
30160,30,10,29,26,8,3,3,5,0,3,0,25,9
58160,58,109,478,430,123,12,19,6,2,16,364,339,124
47160,47,4,17,12,9,0,0,0,0,3,8,19,5
81160,81,15,53,43,19,1,0,0,0,6,22,40,19
86160,86,52,195,229,67,11,11,0,4,11,184,172,65
2A160,2A,10,65,44,5,3,7,0,0,5,24,52,8
07160,07,0,6,12,3,0,4,0,0,4,0,11,5
34160,34,8,75,73,19,3,3,0,8,2,79,54,18
73160,73,33,110,120,30,7,8,2,2,10,98,109,25
53160,53,13,26,49,9,5,0,0,0,3,17,51,9
37160,37,13,35,34,11,2,0,0,0,4,30,33,10
12160,12,8,39,53,7,1,5,5,10,0,41,36,9
85160,85,86,278,386,73,9,11,9,12,18,211,391,69
41160,41,6,44,37,12,0,4,3,0,2,29,35,7
42160,42,7,16,21,8,5,0,0,0,6,11,21,3
22160,22,20,75,118,38,6,4,1,0,6,81,84,33
18160,18,37,145,149,28,4,13,0,0,8,127,119,30
29160,29,153,511,1069,379,25,43,11,30,20,668,641,410
56160,56,33,97,157,35,4,10,0,11,0,105,112,36
36160,36,12,31,29,4,5,7,1,0,0,11,22,10
69160,69,19,82,146,39,7,6,2,9,8,100,116,38
19160,19,7,17,28,9,3,2,0,4,2,25,24,2
43160,43,5,33,33,6,1,3,0,0,3,15,20,4
15160,15,29,101,146,30,2,6,0,23,6,80,131,24
04160,04,40,216,174,43,5,10,3,15,7,193,165,36
23160,23,2,27,33,9,0,0,2,5,2,35,23,16
66160,66,37,204,131,32,3,6,9,6,4,144,130,26
82160,82,4,36,25,4,5,0,2,11,6,25,18,10
48160,48,5,14,25,8,3,0,1,8,0,17,16,0
87160,87,12,38,57,22,4,8,0,0,7,41,39,16
05160,05,8,5,6,0,0,3,1,7,0,5,13,3
06160,06,1,16,17,4,5,4,0,0,5,0,15,4
62161,62,19,126,67,18,0,3,5,0,3,60,51,12
80161,80,1,30,25,2,0,5,5,0,0,9,15,5
64161,64,13,50,102,35,2,5,2,34,8,88,67,32
76161,76,3,11,13,6,6,3,3,0,0,5,15,3
21161,21,6,13,8,5,0,0,1,0,0,0,14,2
91161,91,455,1035,1650,424,14,66,20,132,83,1372,1154,421
14161,14,7,35,50,16,0,0,0,16,2,34,44,9
27161,27,34,154,105,21,1,1,5,0,5,91,88,27
51161,51,26,97,74,19,0,4,0,0,6,44,81,23
25161,25,5,0,1,2,0,1,0,0,0,0,3,0
60161,60,2,8,4,6,0,2,0,4,0,3,3,7
59161,59,18,105,71,17,6,3,1,0,0,75,64,25
71161,71,17,52,44,11,4,0,1,0,2,27,34,8
57161,57,0,17,11,0,4,5,0,4,6,9,12,0
52161,52,2,10,10,0,4,0,1,0,0,0,7,4
31161,31,28,109,159,56,0,5,5,11,2,142,113,51
54161,54,4,40,37,9,4,0,0,0,0,31,27,7
77161,77,30,100,95,30,4,2,0,0,2,75,76,27
24161,24,0,13,18,8,0,3,0,3,1,9,8,3
88161,88,10,65,45,8,6,0,0,4,0,33,44,9
65161,65,5,31,33,9,0,3,0,12,0,32,22,6
89161,89,13,41,18,3,1,0,5,0,6,9,30,2
08161,08,0,0,0,0,5,4,0,0,3,0,0,4
33161,33,18,63,97,30,0,2,0,12,4,73,60,27
38161,38,18,115,117,30,7,2,4,0,5,90,85,37
28161,28,18,55,49,9,1,4,0,9,0,37,50,15
10161,10,0,0,8,5,2,0,4,0,5,0,5,0
11161,11,5,10,15,2,0,2,0,0,5,0,12,0
67161,67,12,54,40,10,0,5,0,9,0,33,46,10
45161,45,22,100,92,17,4,0,0,11,3,68,78,20
16161,16,0,21,25,4,0,4,2,6,0,15,9,3
32161,32,8,12,17,0,0,0,4,0,0,2,15,2
68161,68,19,82,58,11,0,2,2,15,6,45,63,9
17161,17,88,353,429,114,15,26,10,44,20,316,351,117
63161,63,8,24,48,8,0,6,2,8,0,36,24,10
49161,49,4,29,40,14,4,0,0,0,0,29,45,5
05161,05,35,114,120,27,3,3,2,0,3,107,92,34
46161,46,4,29,43,6,3,0,3,7,0,33,24,14
50161,50,14,61,58,13,3,6,1,6,0,48,55,15
36161,36,18,99,83,23,3,2,2,7,0,64,66,23
26161,26,0,9,7,0,0,5,0,0,0,3,1,2
72161,72,21,95,90,24,0,4,3,9,0,87,128,31
35161,35,30,116,242,75,7,11,4,0,2,161,146,75
40161,40,5,14,17,5,4,0,2,0,0,7,7,4
79161,79,9,48,83,17,0,10,0,13,0,63,48,19
09161,09,13,51,57,17,0,3,0,13,0,72,37,21
74161,74,56,186,225,42,5,8,4,32,10,151,232,51
03161,03,18,104,99,19,9,10,0,20,2,81,81,25
81161,81,2,22,10,6,3,0,1,0,5,7,18,5
30161,30,4,25,14,7,0,0,0,26,0,17,13,3
47161,47,0,12,6,4,1,1,0,14,0,5,7,0
58161,58,2,17,24,2,0,4,5,5,1,13,21,1
86161,86,15,91,102,27,10,11,5,19,6,54,72,24
34161,34,79,522,412,125,0,6,4,52,12,448,353,108
73161,73,12,70,80,21,0,0,5,0,2,45,74,24
07161,07,13,92,80,27,4,4,1,1,0,83,65,26
53161,53,78,251,398,100,16,21,5,44,5,228,373,63
37161,37,16,75,94,28,7,8,0,0,2,71,90,31
12161,12,17,42,70,11,0,2,4,16,3,49,49,18
2B161,2B,7,11,15,0,0,0,2,0,0,0,16,7
04161,04,8,49,34,7,3,7,0,6,2,52,35,10
18161,18,11,28,30,10,0,0,0,1,0,21,31,11
85161,85,67,215,318,66,17,11,4,0,8,168,319,61
42161,42,15,73,60,18,0,0,6,0,0,49,51,16
41161,41,61,247,212,49,3,15,0,13,9,165,230,56
22161,22,64,196,353,101,9,11,0,10,9,242,228,92
19161,19,16,36,58,17,0,0,5,10,6,40,37,12
29161,29,58,208,475,166,10,16,6,24,6,302,278,160
56161,56,68,263,427,105,16,27,5,31,17,269,300,105
69161,69,12,38,63,20,2,3,0,0,7,25,54,21
66161,66,26,188,116,28,9,11,2,20,3,140,114,36
15161,15,3,7,12,9,6,0,5,0,2,0,18,9
82161,82,102,490,393,123,13,16,0,31,16,346,340,103
44161,44,71,203,466,125,7,18,2,32,15,347,306,118
48161,48,7,0,12,3,0,0,5,0,0,0,9,0
87161,87,96,378,542,154,12,30,9,66,7,414,310,141
06161,06,292,2200,1461,300,21,45,38,123,70,1060,2089,279
62162,62,9,87,48,12,4,3,0,23,0,45,44,10
80162,80,13,96,71,8,2,5,1,9,1,55,58,17
64162,64,1,6,14,5,4,6,3,0,4,1,15,5
21162,21,11,59,60,8,2,7,3,0,7,30,52,10
78162,78,7,35,96,25,4,1,0,6,4,53,81,16
14162,14,30,122,156,40,6,6,0,3,3,126,136,47
27162,27,12,33,27,11,3,0,3,0,0,11,25,4
70162,70,11,78,50,17,4,4,0,0,4,41,54,10
39162,39,3,31,24,9,6,0,0,0,0,20,22,5
51162,51,17,89,64,14,4,0,0,0,6,25,67,19
60162,60,7,49,25,5,3,5,1,0,5,9,31,11
25162,25,8,19,19,5,3,1,0,4,0,25,23,3
59162,59,20,88,59,13,6,4,3,0,2,63,60,15
71162,71,38,141,143,38,4,8,0,0,8,91,125,34
57162,57,21,114,83,21,0,1,0,14,1,78,76,17
52162,52,9,34,25,0,0,3,0,0,0,9,26,2
50162,50,48,180,243,61,1,7,9,12,12,142,192,54
54162,54,37,152,124,33,3,6,0,12,6,116,108,43
55162,55,0,0,5,6,3,0,0,0,5,0,0,2
31162,31,25,87,142,48,1,5,4,17,0,130,95,42
77162,77,28,95,103,25,5,0,0,20,1,90,79,28
24162,24,15,53,48,19,0,0,0,6,1,56,45,11
65162,65,2,2,4,5,1,0,4,0,0,0,4,4
88162,88,7,30,16,4,0,6,0,0,0,23,21,8
89162,89,11,54,37,5,4,7,1,20,2,30,48,6
33162,33,412,1683,2441,710,56,140,24,243,90,1971,1591,712
08162,08,13,56,28,5,4,6,2,1,4,34,29,9
38162,38,35,157,167,41,0,2,4,29,4,137,122,42
01162,01,7,18,8,6,4,0,0,0,4,0,13,1
17162,17,3,24,17,7,1,5,0,0,0,7,24,5
63162,63,12,31,47,15,0,5,5,0,0,28,30,19
28162,28,7,47,28,10,2,1,4,0,6,19,33,9
10162,10,11,38,24,5,6,6,3,9,0,17,32,5
11162,11,0,13,10,0,0,3,0,5,0,2,0,4
67162,67,7,43,40,10,0,5,3,0,7,18,39,4
45162,45,15,57,53,9,5,2,4,0,1,31,50,18
16162,16,3,19,22,5,0,0,0,4,0,17,20,3
32162,32,23,109,139,44,6,10,0,23,6,109,94,44
68162,68,171,645,441,101,25,28,8,22,26,305,541,119
06162,06,19,135,90,12,4,0,4,35,1,68,129,24
02162,02,8,43,21,3,5,0,4,0,3,15,27,10
61162,61,3,22,26,0,3,2,0,0,0,8,24,8
05162,05,39,131,142,31,1,7,0,0,10,123,120,39
46162,46,7,22,31,11,0,0,0,0,0,9,22,10
76162,76,6,34,24,7,0,1,0,2,3,23,21,2
26162,26,29,108,103,23,2,4,2,13,6,88,80,24
09162,09,0,10,15,0,0,0,0,5,4,11,7,5
35162,35,82,235,494,138,16,25,8,6,8,300,326,145
40162,40,11,43,70,18,5,6,0,18,0,57,49,18
79162,79,77,255,412,106,9,18,2,16,5,269,284,109
74162,74,27,94,110,23,1,3,0,0,10,70,125,21
03162,03,5,18,25,1,1,4,0,6,6,23,13,0
30162,30,15,116,69,16,7,4,0,0,4,63,70,20
47162,47,9,21,21,5,1,0,3,3,6,12,16,4
81162,81,7,18,18,8,0,4,0,0,4,7,15,5
58162,58,0,19,10,0,0,1,3,13,0,9,9,0
2B162,2B,8,115,88,15,3,1,4,11,2,67,113,23
86162,86,6,14,12,5,6,0,5,0,4,0,7,2
34162,34,73,479,380,109,12,30,5,14,17,400,340,108
73162,73,25,83,83,25,0,6,0,0,4,60,66,20
07162,07,19,52,50,10,0,0,0,29,0,50,43,18
53162,53,27,89,134,23,0,2,6,12,8,74,132,23
37162,37,14,45,50,14,6,0,0,1,6,37,40,18
12162,12,27,96,151,42,7,10,5,21,0,117,117,42
18162,18,9,26,29,2,0,1,5,6,0,21,17,6
42162,42,28,150,130,39,2,4,3,2,4,112,117,31
22162,22,156,656,1099,329,32,62,21,42,23,806,703,349
19162,19,23,83,140,37,6,4,6,6,4,100,90,36
29162,29,67,221,483,170,17,20,3,38,7,313,274,159
56162,56,475,1762,2765,733,63,127,37,103,66,1599,2064,740
36162,36,28,107,83,21,4,8,2,14,9,89,78,23
69162,69,31,103,176,50,0,7,0,0,11,134,152,45
43162,43,92,359,351,80,7,23,4,4,11,266,287,69
04162,04,4,45,37,12,5,6,0,0,0,19,28,12
66162,66,12,88,56,21,0,2,0,9,3,59,44,11
15162,15,57,230,335,62,4,12,5,61,9,190,303,56
85162,85,52,180,240,44,13,15,4,33,0,150,239,46
23162,23,10,28,42,11,0,8,1,0,2,31,29,17
82162,82,8,36,26,7,0,0,3,11,1,21,21,9
44162,44,896,2708,5652,1610,155,242,82,221,168,4064,3891,1532
87162,87,3,20,28,6,1,7,0,0,0,22,22,9
62163,62,2,48,27,7,2,0,4,0,0,19,19,7
80163,80,26,126,93,20,3,3,0,6,0,71,69,21
76163,76,12,92,79,15,5,8,1,10,7,71,61,16
02163,02,58,376,186,45,17,5,0,48,13,174,175,53
21163,21,10,17,20,8,0,0,0,2,0,24,21,5
78163,78,10,18,57,17,6,0,0,0,5,10,52,10
14163,14,9,33,46,16,4,0,0,0,0,29,37,10
27163,27,5,23,13,8,0,0,0,12,0,10,14,3
70163,70,13,55,44,13,0,3,0,0,0,34,37,8
39163,39,7,8,9,8,3,0,5,0,6,0,15,2
51163,51,10,34,28,5,1,0,1,1,0,11,25,2
25163,25,0,6,14,8,0,5,1,0,0,0,11,6
60163,60,6,61,37,5,3,0,1,0,5,30,38,7
59163,59,404,2413,1715,481,69,83,17,100,71,1730,1434,501
71163,71,0,11,13,7,0,6,0,1,3,6,8,2
57163,57,91,380,274,82,17,28,0,4,18,236,243,72
52163,52,8,76,34,8,4,0,2,10,7,25,32,6
54163,54,3,38,21,8,0,2,0,0,4,21,27,8
55163,55,0,19,12,1,0,0,0,0,0,2,3,4
77163,77,6,39,40,6,1,2,0,0,0,31,28,10
31163,31,52,202,359,105,1,9,9,32,11,298,227,117
65163,65,3,0,3,1,2,0,0,7,0,0,3,1
88163,88,16,99,70,11,0,3,1,18,4,55,68,17
24163,24,2,16,17,4,0,5,0,2,1,23,7,6
08163,08,8,42,20,6,0,1,0,8,6,19,17,1
33163,33,14,43,62,12,0,3,4,0,6,42,44,15
01163,01,55,248,236,57,7,9,12,8,15,133,214,58
17163,17,20,62,67,19,3,4,0,0,4,20,60,17
28163,28,5,32,25,8,2,0,3,0,2,17,17,1
10163,10,7,11,3,3,3,1,5,0,0,0,4,0
63163,63,17,81,134,43,10,5,3,0,4,100,87,39
11163,11,1,9,4,4,0,0,4,0,2,0,7,0
67163,67,15,69,53,14,5,4,0,0,6,35,62,18
16163,16,19,109,137,34,7,4,2,0,2,97,92,36
49163,49,60,193,332,86,17,13,7,21,13,199,293,69
32163,32,1,22,28,9,1,1,0,26,0,33,20,11
68163,68,157,654,497,107,23,31,5,54,35,347,552,105
61163,61,32,158,140,38,5,10,0,2,1,103,166,33
89163,89,19,82,61,10,6,6,0,0,8,27,63,15
42163,42,35,140,116,32,3,3,3,0,3,102,98,34
46163,46,1,28,39,7,5,4,2,0,0,32,31,11
38163,38,15,52,68,13,6,6,0,11,4,54,38,24
19163,19,6,27,41,16,5,6,2,0,3,31,28,16
05163,05,6,15,21,5,4,5,4,0,0,0,23,10
09163,09,0,10,7,0,0,0,3,5,0,13,7,1
72163,72,9,43,38,5,4,4,0,0,1,39,54,10
35163,35,34,114,252,62,11,13,6,8,3,151,140,75
26163,26,0,7,3,0,0,2,5,0,0,3,9,2
40163,40,14,45,63,25,0,4,2,0,6,44,52,28
79163,79,8,45,67,24,6,9,0,5,0,52,54,18
74163,74,55,195,235,59,6,8,3,11,18,167,263,60
03163,03,21,84,91,26,3,9,1,2,0,71,71,16
30163,30,9,24,10,1,1,5,4,0,3,5,21,6
47163,47,21,75,63,23,4,6,4,0,1,59,56,11
81163,81,207,960,961,295,40,54,14,108,52,836,770,299
58163,58,9,22,26,9,4,1,4,7,3,17,16,3
2A163,2A,14,98,61,19,0,5,4,28,0,63,104,13
86163,86,88,334,431,117,8,23,7,30,10,334,317,117
34163,34,70,489,387,110,10,14,8,39,18,407,325,110
07163,07,3,11,11,2,0,2,0,7,4,8,11,0
12163,12,0,13,31,2,1,1,0,13,5,26,23,4
37163,37,107,373,494,132,4,18,4,49,17,350,397,146
53163,53,24,62,85,17,4,4,4,15,0,48,92,18
18163,18,13,28,35,8,0,7,0,0,5,16,28,10
85163,85,166,507,725,141,36,46,8,40,14,377,719,129
41163,41,6,17,15,0,0,0,0,3,3,8,7,4
22163,22,19,54,87,30,0,2,1,11,1,61,57,33
29163,29,49,194,446,156,11,25,5,14,17,267,251,155
56163,56,29,111,173,51,0,5,1,16,4,98,119,41
36163,36,13,74,55,17,0,3,3,15,3,52,63,12
69163,69,68,266,398,105,10,17,2,16,11,299,380,98
04163,04,10,63,59,13,4,7,5,1,0,67,45,16
43163,43,37,138,142,34,2,12,0,7,7,100,108,29
15163,15,24,107,170,27,3,13,0,13,5,96,141,30
82163,82,0,9,2,4,0,0,2,0,0,0,10,3
48163,48,7,13,15,0,0,0,4,1,3,13,12,1
87163,87,1,4,17,1,2,0,0,1,4,8,4,9
06163,06,53,238,175,33,4,6,7,0,17,115,239,40
44163,44,99,300,625,179,20,28,11,6,18,431,421,182
62164,62,34,187,111,31,11,1,6,3,8,104,77,24
80164,80,107,639,449,100,29,13,8,28,12,391,337,88
21164,21,6,18,16,0,0,1,0,0,0,7,22,8
78164,78,22,52,105,29,0,0,0,0,4,53,107,32
70164,70,5,6,6,0,0,1,5,0,0,4,1,4
27164,27,19,115,70,20,0,8,0,18,5,68,72,19
39164,39,18,80,78,20,4,3,0,0,6,68,55,17
51164,51,3,29,13,0,1,2,5,9,1,8,18,0
25164,25,5,23,22,9,4,0,0,0,0,7,11,1
59164,59,3,32,20,9,6,1,1,0,4,23,28,10
71164,71,7,14,23,1,2,4,0,0,2,18,11,0
52164,52,3,36,21,6,0,1,0,11,4,11,16,6
50164,50,28,93,115,27,8,6,2,25,1,83,115,28
54164,54,0,9,12,8,0,0,0,0,1,7,13,0
31164,31,5,19,20,7,1,0,0,0,6,16,21,9
77164,77,16,65,64,13,3,6,4,0,6,32,42,20
65164,65,7,14,10,4,0,4,0,0,0,9,5,5
88164,88,0,17,16,6,0,4,4,0,0,0,7,3
24164,24,22,102,97,23,3,7,0,16,2,115,79,25
08164,08,8,57,32,8,5,0,5,0,6,9,35,13
33164,33,36,145,194,65,8,7,0,16,7,169,139,63
89164,89,4,2,10,0,5,4,4,0,5,0,6,7
17164,17,70,275,280,71,2,9,2,35,11,231,252,76
28164,28,14,75,62,17,0,1,3,2,3,43,68,16
63164,63,188,788,1190,338,29,52,12,98,34,951,742,327
11164,11,24,186,137,53,0,10,0,29,14,142,99,47
67164,67,34,108,92,27,7,9,2,0,9,45,93,28
45164,45,22,68,64,18,0,3,2,0,0,51,73,20
10164,10,19,104,56,17,0,3,0,4,2,43,71,15
16164,16,11,26,31,8,0,7,1,0,2,18,13,4
32164,32,0,15,20,10,3,0,5,0,0,7,13,4
61164,61,6,25,26,9,6,7,0,0,6,8,35,5
46164,46,0,13,27,13,4,3,0,2,2,32,23,8
02164,02,3,64,33,6,0,1,0,6,0,30,24,7
60164,60,24,120,84,20,8,0,0,0,9,59,61,15
03164,03,7,33,33,8,3,0,0,0,0,28,29,4
26164,26,1,11,7,8,2,0,5,0,6,0,5,8
09164,09,9,53,61,20,3,3,0,25,0,65,29,17
72164,72,5,8,12,6,0,0,1,0,0,0,8,0
79164,79,2,20,26,7,2,2,1,8,4,17,20,5
35164,35,21,41,97,32,0,4,2,20,0,61,57,31
74164,74,163,521,683,157,12,13,17,34,24,432,702,144
47164,47,0,22,9,6,0,5,0,0,4,7,12,5
58164,58,13,95,79,29,0,10,0,13,0,62,57,20
2B164,2B,0,4,7,0,0,0,4,0,0,6,2,5
34164,34,16,130,107,30,7,10,1,0,10,109,81,29
73164,73,32,133,131,38,0,10,4,0,6,98,114,34
86164,86,14,56,81,16,5,3,0,0,2,65,60,16
12164,12,15,46,89,18,6,1,0,7,6,68,60,17
30164,30,18,112,73,19,0,0,6,0,9,66,55,18
81164,81,8,52,59,11,4,4,5,21,7,49,42,13
53164,53,7,27,47,6,5,0,2,8,0,23,56,11
18164,18,2,19,18,9,2,2,4,0,0,9,14,1
85164,85,75,262,350,78,1,20,0,0,5,162,344,77
41164,41,66,298,244,65,13,12,2,39,10,198,253,73
42164,42,0,14,10,0,0,2,0,10,1,3,5,0
19164,19,16,64,91,21,0,4,5,0,1,62,64,27
56164,56,150,596,923,259,29,44,6,52,31,591,685,219
36164,36,3,23,25,11,2,4,4,0,0,21,17,12
22164,22,40,130,229,82,7,10,0,20,10,159,153,72
69164,69,5,27,47,9,0,0,0,10,4,39,34,7
40164,40,11,32,46,19,2,6,0,0,0,13,29,17
04164,04,5,12,15,3,2,0,0,0,1,1,14,1
76164,76,101,471,407,110,19,17,11,5,29,381,331,110
66164,66,169,1280,793,226,27,50,14,62,36,910,753,218
43164,43,24,63,72,13,3,0,1,20,4,51,50,12
15164,15,21,68,84,19,0,7,0,6,0,56,78,13
23164,23,17,49,56,15,0,1,1,0,4,49,45,17
44164,44,38,150,300,85,8,10,4,0,6,195,212,81
87164,87,12,60,90,30,2,5,0,0,0,68,46,25
82164,82,2,21,17,2,5,0,0,0,6,1,7,0
05164,05,35,119,122,31,8,8,0,31,2,127,103,34
07165,07,17,62,64,24,5,4,2,14,0,51,50,20
62165,62,3,38,19,3,0,0,0,20,0,17,14,7
80165,80,3,36,23,10,2,3,3,0,0,13,17,8
64165,64,7,12,28,11,0,2,0,29,1,20,20,7
76165,76,191,1013,835,246,22,53,12,70,31,913,709,242
02165,02,44,276,151,39,5,5,4,0,6,129,140,35
21165,21,7,0,10,6,3,0,0,0,5,0,4,3
14165,14,7,23,19,2,1,0,5,0,0,8,24,7
70165,70,20,85,59,12,5,2,4,0,1,32,47,14
27165,27,119,602,411,101,10,22,2,54,20,331,376,95
51165,51,22,128,104,21,5,0,0,25,0,67,116,24
39165,39,3,13,5,0,2,5,0,0,0,5,2,0
59165,59,147,817,610,166,16,31,9,96,20,638,507,163
71165,71,7,36,32,16,6,6,0,9,1,32,30,10
57165,57,21,81,57,11,5,3,1,0,6,23,50,12
52165,52,9,47,20,5,3,6,2,0,1,16,26,4
54165,54,17,87,64,15,1,7,1,12,4,57,59,17
50165,50,91,357,414,102,15,19,11,49,19,300,386,107
55165,55,7,69,35,5,3,6,0,25,1,26,31,5
31165,31,134,495,757,235,17,23,6,2,31,653,511,250
65165,65,5,14,25,5,3,3,0,0,2,21,19,12
88165,88,89,382,255,70,9,23,14,40,13,211,247,56
24165,24,10,44,40,12,2,7,0,3,3,48,27,10
33165,33,53,227,324,102,7,23,7,51,3,270,222,97
08165,08,0,9,9,0,0,0,5,5,0,4,3,0
89165,89,2,16,9,4,3,3,0,13,0,10,9,2
17165,17,12,45,45,13,0,7,4,0,3,25,43,6
01165,01,29,157,160,31,0,6,2,21,0,101,144,31
63165,63,20,72,104,26,7,4,1,16,5,91,60,36
11165,11,7,41,33,6,0,0,0,17,0,32,21,7
67165,67,20,55,46,7,0,1,5,0,4,27,45,9
45165,45,17,68,75,23,0,0,0,0,2,38,69,19
10165,10,11,51,36,7,2,4,3,8,7,23,45,3
16165,16,10,32,32,15,2,0,0,12,0,31,21,7
32165,32,9,22,25,8,0,2,0,13,0,19,25,6
68165,68,11,39,22,4,0,5,3,3,2,13,23,6
61165,61,27,93,76,24,0,1,2,0,1,57,89,13
46165,46,8,38,72,16,3,0,1,7,4,51,40,23
60165,60,19,68,41,13,3,0,4,8,0,38,46,7
03165,03,32,155,159,33,8,4,0,0,0,128,127,42
78165,78,294,910,2060,501,34,57,28,77,87,1130,1935,488
77165,77,23,74,76,19,0,0,2,0,8,49,61,16
09165,09,2,32,26,9,0,5,0,0,2,31,21,10
26165,26,219,1036,951,273,38,35,15,126,39,845,783,256
72165,72,44,202,197,47,13,12,5,0,2,132,250,47
40165,40,9,33,37,21,1,3,1,1,0,37,31,18
79165,79,2,20,19,2,3,0,0,8,0,11,16,2
35165,35,15,55,121,37,1,2,0,0,5,76,82,38
74165,74,15,60,84,23,3,0,0,0,3,59,85,13
47165,47,28,141,122,37,8,4,1,0,6,109,103,34
58165,58,4,16,16,3,5,5,0,0,6,9,19,6
81165,81,12,27,29,10,0,0,0,14,2,25,22,9
2B165,2B,9,50,37,12,4,3,0,0,0,21,47,10
34165,34,58,383,310,93,11,14,6,8,16,343,261,77
86165,86,139,531,679,190,26,44,15,55,25,563,492,189
12165,12,15,37,48,10,0,4,2,0,2,41,47,8
30165,30,21,163,102,25,0,3,0,25,3,112,99,33
37165,37,12,44,52,20,3,0,3,0,1,33,38,18
18165,18,34,148,151,38,4,6,0,0,9,129,132,41
53165,53,9,28,44,14,0,6,0,5,0,24,46,10
42165,42,80,341,313,74,11,24,3,0,12,264,245,79
22165,22,8,41,66,26,2,4,5,15,4,53,41,20
19165,19,8,12,25,6,0,3,0,0,0,17,10,2
29165,29,90,244,559,224,18,23,15,30,17,383,325,221
56165,56,207,739,1181,320,30,53,16,103,33,735,886,318
36165,36,29,130,103,34,2,11,3,7,3,91,102,34
66165,66,15,122,62,15,7,3,0,5,4,77,69,22
43165,43,42,171,167,43,2,13,0,0,5,137,136,34
15165,15,8,14,28,2,4,0,0,4,0,22,29,4
23165,23,7,52,60,20,2,0,0,22,0,52,44,14
69165,69,26,84,129,30,8,0,0,19,1,109,122,31
44165,44,46,153,325,102,12,12,0,0,9,231,217,99
48165,48,4,21,32,5,0,5,0,0,4,11,30,12
82165,82,14,73,50,19,4,1,0,0,0,38,50,20
87165,87,0,10,11,0,0,3,5,0,2,17,8,8
05165,05,5,27,29,7,5,0,0,0,0,22,26,10
62166,62,16,115,57,18,0,6,0,0,6,54,49,19
80166,80,20,103,69,19,8,6,2,0,5,36,50,11
48166,48,9,27,34,5,4,0,1,19,6,34,38,10
64166,64,4,10,23,5,0,3,0,14,0,20,25,13
02166,02,12,54,21,6,4,6,2,0,1,15,27,11
21166,21,268,1055,1132,300,23,72,21,51,33,817,1013,283
95166,95,10,35,51,15,0,2,3,0,7,28,43,20
14166,14,53,278,320,91,10,15,4,12,14,229,256,82
70166,70,8,22,16,5,0,4,0,0,5,3,21,9
51166,51,4,10,7,3,0,3,4,0,1,0,11,1
39166,39,2,26,32,7,4,2,2,7,0,28,21,5
60166,60,22,141,92,20,5,10,0,18,6,84,91,18
59166,59,35,200,130,37,4,4,1,0,3,149,118,33
71166,71,3,17,10,0,2,0,3,7,2,6,5,1
25166,25,3,3,8,2,5,5,2,0,0,0,13,2
57166,57,0,18,9,0,0,0,2,13,2,7,5,7
54166,54,1,0,3,3,2,0,2,0,0,0,6,6
50166,50,8,32,31,6,0,0,0,23,0,21,27,8
55166,55,43,234,136,29,9,10,6,1,10,112,125,37
31166,31,4,25,36,6,3,4,0,0,5,19,15,11
65166,65,0,0,4,7,5,0,0,0,3,0,7,0
88166,88,10,40,32,12,5,3,0,2,7,20,29,6
61166,61,7,16,26,3,5,0,0,1,0,8,22,8
17166,17,30,124,125,27,0,13,3,11,2,99,115,27
01166,01,64,281,253,66,4,18,8,0,16,168,228,53
28166,28,9,34,28,8,0,6,1,0,6,9,25,7
08166,08,5,34,22,10,3,0,0,10,0,18,28,3
63166,63,6,22,36,8,6,0,4,0,6,23,16,5
11166,11,7,7,3,6,0,0,0,3,1,10,3,5
67166,67,10,34,24,12,6,6,0,0,0,15,24,4
45166,45,4,32,24,6,0,1,5,10,0,16,33,3
32166,32,3,12,12,6,0,5,0,6,0,7,4,1
68166,68,405,1597,1117,245,28,57,15,185,63,739,1268,275
16166,16,126,486,572,143,34,36,6,68,15,460,376,140
38166,38,16,44,53,8,3,4,3,0,6,41,36,18
76166,76,7,58,53,9,3,7,4,8,0,53,40,20
33166,33,8,35,66,15,3,0,1,0,0,50,46,19
10166,10,13,54,35,10,3,4,0,0,0,24,37,6
09166,09,6,16,13,7,0,4,0,0,0,2,8,7
72166,72,6,31,36,6,0,0,0,1,6,36,48,13
26166,26,133,635,601,176,27,28,4,16,27,548,528,162
40166,40,1,6,5,4,0,0,0,17,0,11,2,0
79166,79,25,79,118,24,7,6,1,0,5,73,78,31
74166,74,45,160,183,36,2,5,0,24,5,131,202,47
35166,35,29,75,159,39,7,9,0,0,6,77,105,53
03166,03,13,35,41,6,2,0,0,5,0,27,23,4
30166,30,49,348,205,44,4,13,0,22,15,239,186,55
58166,58,5,33,33,9,4,0,3,0,0,23,17,7
81166,81,0,6,15,0,2,5,5,0,0,7,13,0
34166,34,46,333,283,72,8,12,3,19,16,297,229,73
2B166,2B,12,101,71,14,0,5,0,16,5,56,86,8
73166,73,4,2,12,4,0,0,0,0,0,0,5,6
12166,12,3,9,12,5,5,3,2,0,0,6,16,7
37166,37,14,69,83,23,4,6,2,8,8,60,66,23
18166,18,10,58,56,7,0,0,2,9,0,50,44,12
07166,07,1,23,33,6,0,5,0,18,0,27,16,4
41166,41,8,45,40,10,7,3,2,1,5,29,37,13
42166,42,22,67,67,18,2,1,0,15,0,48,46,21
22166,22,60,219,350,115,9,19,5,24,10,243,234,104
19166,19,7,13,15,6,1,6,0,0,2,0,16,2
56166,56,140,479,730,194,19,40,9,12,21,424,560,210
29166,29,9,33,64,24,1,0,3,5,4,44,35,28
36166,36,10,24,18,2,0,0,2,7,5,21,27,2
04166,04,49,242,192,40,7,12,7,0,9,212,181,45
69166,69,6,12,25,13,0,4,0,9,0,20,20,10
15166,15,5,24,41,13,3,1,0,0,1,25,38,11
23166,23,2,19,28,4,4,0,0,7,1,20,21,9
66166,66,10,64,40,10,5,0,0,0,0,35,29,11
43166,43,12,49,41,6,3,7,0,0,5,27,43,14
44166,44,131,369,771,207,13,35,11,13,26,577,523,221
87166,87,23,77,113,38,9,1,0,8,3,99,65,28
82166,82,9,34,26,5,4,0,5,1,1,19,20,6
05166,05,29,125,123,34,6,7,0,31,2,122,103,40
62167,62,12,50,26,9,2,0,2,0,0,3,25,10
80167,80,5,50,41,7,0,2,2,7,1,27,27,7
64167,64,1,9,32,9,0,5,2,18,5,17,15,3
76167,76,29,172,135,46,9,11,4,21,8,143,109,40
02167,02,16,158,73,25,9,5,1,14,7,68,63,13
21167,21,7,10,15,9,3,5,0,0,0,1,18,2
14167,14,143,551,682,200,33,38,8,27,23,509,568,200
27167,27,20,79,62,11,0,2,6,18,5,45,50,9
70167,70,10,51,32,11,0,5,0,5,7,23,35,3
19167,19,0,6,5,0,0,6,4,0,0,6,2,6
51167,51,4,23,10,8,0,0,0,2,3,8,18,1
39167,39,8,47,33,5,3,5,1,0,6,20,38,12
60167,60,9,73,53,9,2,7,1,1,3,51,44,15
59167,59,0,30,23,8,0,3,0,0,6,8,22,6
57167,57,9,56,40,11,0,1,0,4,5,28,31,7
71167,71,17,63,58,16,2,7,0,19,0,42,49,12
52167,52,3,39,22,3,0,3,3,3,0,19,24,1
54167,54,36,232,206,52,12,10,4,43,9,199,144,55
50167,50,28,87,119,18,6,6,0,0,9,61,98,24
55167,55,20,84,50,10,0,1,1,15,2,35,51,10
77167,77,11,22,25,5,3,0,0,0,4,30,28,3
31167,31,9,48,94,30,3,0,0,0,5,78,55,31
65167,65,1,3,4,0,0,2,5,0,2,1,4,4
24167,24,52,235,255,76,5,21,2,25,5,255,191,79
88167,88,8,38,28,10,4,4,2,0,0,17,20,12
38167,38,16,66,68,17,3,4,0,0,3,45,54,20
89167,89,36,171,104,24,9,4,0,0,8,87,119,30
33167,33,313,1373,1879,570,45,108,19,146,46,1544,1230,558
28167,28,7,42,42,8,1,0,1,16,0,27,40,11
01167,01,23,73,65,23,4,8,1,15,1,45,61,22
63167,63,13,34,56,16,0,0,0,0,0,38,37,18
11167,11,3,10,10,5,2,0,2,0,5,6,6,8
10167,10,5,1,3,0,4,4,4,0,5,0,13,4
67167,67,50,160,154,31,10,5,1,16,6,95,145,35
45167,45,48,189,210,48,13,5,5,0,12,101,189,53
16167,16,98,424,507,117,21,36,1,49,26,401,337,122
68167,68,32,124,89,20,7,7,0,3,2,60,100,14
85167,85,24,87,120,22,2,3,0,43,7,67,115,26
61167,61,88,339,320,54,31,20,20,33,14,166,339,74
08167,08,4,10,7,0,3,1,0,0,5,4,7,0
04167,04,8,54,35,13,2,3,0,0,4,43,37,8
32167,32,6,29,38,8,6,1,0,7,0,26,22,15
17167,17,17,80,86,20,2,6,2,10,0,81,80,22
46167,46,6,14,17,0,0,0,0,0,3,17,6,0
49167,49,149,413,640,152,16,31,6,23,18,413,572,170
72167,72,17,71,58,22,7,1,0,0,0,46,94,18
26167,26,22,66,74,15,7,6,6,0,3,55,54,15
40167,40,11,63,71,23,0,0,3,25,6,68,49,22
09167,09,39,248,227,94,0,11,0,26,11,292,139,94
79167,79,7,21,28,13,6,1,0,0,6,19,21,12
35167,35,54,162,345,103,1,17,2,9,14,225,227,101
03167,03,10,34,39,12,5,4,0,2,0,26,28,6
30167,30,20,111,80,23,0,4,1,10,7,88,70,25
81167,81,3,15,20,6,5,4,0,0,2,0,11,1
2B167,2B,12,67,58,10,4,7,0,1,6,24,58,18
34167,34,6,37,32,8,0,3,4,0,1,23,21,2
86167,86,16,63,82,19,8,4,3,0,3,50,60,27
47167,47,38,160,126,42,5,7,0,27,2,124,112,35
12167,12,14,65,103,24,0,8,3,9,3,63,73,21
37167,37,56,182,236,68,13,8,1,0,12,184,209,74
18167,18,10,42,37,13,3,4,0,0,4,8,29,5
07167,07,28,118,111,31,6,5,6,0,5,101,77,35
42167,42,8,37,39,8,0,0,4,0,0,30,29,8
29167,29,34,119,258,89,10,20,0,26,4,176,147,105
56167,56,56,217,344,86,13,18,5,59,12,233,270,97
36167,36,0,22,11,2,5,0,0,10,0,16,10,5
69167,69,7,49,69,19,3,0,4,15,0,56,62,20
15167,15,8,19,22,0,0,1,3,0,0,2,10,8
66167,66,16,142,86,25,4,8,0,11,1,113,93,20
43167,43,12,31,28,9,3,5,0,0,0,4,28,2
48167,48,4,0,10,0,0,0,0,0,4,0,3,5
87167,87,7,45,68,21,0,6,5,13,4,52,41,15
82167,82,51,246,169,51,2,14,4,29,6,164,163,48
23167,23,11,35,29,16,0,0,0,9,0,29,28,8
05167,05,0,13,20,4,0,2,2,0,0,5,11,9
74167,74,36,134,156,36,2,14,2,0,8,75,178,40
41167,41,101,454,362,96,14,24,7,40,10,282,394,97
62168,62,15,122,66,24,3,5,4,13,2,71,57,15
80168,80,27,164,110,23,7,3,5,0,0,77,88,24
64168,64,10,38,68,20,3,12,4,31,5,55,53,24
21168,21,4,3,7,0,4,0,5,0,0,0,3,4
02168,02,312,2154,1091,255,62,63,23,51,43,931,1003,262
78168,78,71,188,455,106,10,3,5,21,9,251,439,97
14168,14,0,21,29,12,5,1,0,2,0,19,19,3
70168,70,24,99,65,16,8,3,6,0,4,35,66,14
27168,27,6,33,24,3,0,0,0,9,0,13,16,9
51168,51,4,41,22,9,6,0,0,0,1,14,27,10
39168,39,0,4,5,0,1,0,1,4,3,5,1,0
60168,60,9,27,22,0,6,5,0,0,3,4,15,3
59168,59,114,718,513,143,21,31,2,23,25,553,434,140
71168,71,4,19,11,7,0,0,5,3,0,7,13,9
57168,57,23,95,62,23,5,4,0,10,3,55,50,15
52168,52,0,11,8,6,0,0,0,0,0,0,11,0
54168,54,7,43,37,13,0,0,0,0,0,40,29,9
50168,50,76,245,304,87,16,18,7,14,7,196,268,79
55168,55,4,0,9,1,2,0,0,0,3,0,2,1
77168,77,55,227,223,57,9,12,0,1,15,200,182,57
31168,31,6,15,12,9,0,5,0,0,4,11,9,0
65168,65,5,40,49,19,0,4,2,0,3,52,29,10
88168,88,0,11,15,0,5,4,0,0,3,6,11,8
33168,33,10,42,73,20,0,9,0,0,0,45,48,21
89168,89,8,23,19,0,0,4,0,0,0,0,22,7
17168,17,126,523,587,146,17,41,11,28,22,457,504,139
28168,28,92,381,352,80,6,19,7,39,20,251,339,80
63168,63,17,49,84,23,0,0,3,5,0,60,51,27
11168,11,0,21,16,3,5,0,0,0,6,8,7,1
67168,67,56,204,168,36,2,7,4,0,14,120,159,46
45168,45,12,60,67,9,3,4,0,0,0,34,60,21
16168,16,18,74,88,15,8,7,2,0,3,66,54,25
68168,68,7,49,40,5,0,1,0,8,5,28,32,9
61168,61,147,585,551,115,27,47,2,28,11,339,611,133
08168,08,1,33,10,4,0,5,4,0,0,10,18,5
18168,18,9,24,33,4,0,4,0,4,4,18,26,6
46168,46,8,15,31,7,0,0,0,0,1,10,21,11
76168,76,2,0,6,7,0,3,0,0,4,0,5,3
10168,10,0,11,3,5,4,0,0,6,0,1,13,0
09168,09,6,23,19,11,0,0,0,0,4,13,16,6
72168,72,39,204,184,55,0,12,6,18,4,159,277,52
26168,26,12,66,66,24,0,2,2,0,8,64,56,21
40168,40,43,188,250,92,2,20,2,52,2,219,177,85
74168,74,29,87,111,27,7,7,1,1,4,69,115,20
03168,03,27,97,115,26,6,13,8,0,1,90,96,28
30168,30,15,116,78,18,6,6,5,0,2,55,69,23
58168,58,13,49,52,15,3,0,3,0,4,19,39,15
47168,47,70,319,269,75,10,18,7,52,15,227,229,73
81168,81,34,138,126,44,7,2,4,0,0,108,106,45
34168,34,2,4,14,3,4,0,4,0,0,0,8,6
73168,73,9,6,19,6,4,5,3,0,3,0,12,7
2B168,2B,27,249,170,36,0,13,0,76,2,135,250,32
12168,12,18,80,119,25,8,3,0,40,9,94,94,36
37168,37,13,28,31,8,0,4,0,9,0,27,30,12
53168,53,33,104,150,35,8,2,0,0,4,84,150,27
07168,07,18,66,64,17,1,6,2,15,0,73,49,13
41168,41,8,26,18,1,0,2,0,6,0,18,29,7
22168,22,178,708,1240,381,23,57,28,71,45,947,827,375
24168,24,13,46,50,10,5,8,4,0,1,31,29,17
29168,29,20,107,201,70,0,16,4,30,3,119,128,76
56168,56,53,220,349,89,7,22,7,35,4,224,265,88
19168,19,6,11,9,0,0,4,0,0,5,11,8,3
36168,36,12,85,74,14,3,4,0,10,3,66,62,16
42168,42,99,438,444,118,8,30,0,21,18,311,314,99
69168,69,29,95,159,36,0,6,0,48,3,115,138,46
15168,15,15,69,101,22,0,5,0,16,2,49,75,13
66168,66,67,514,322,86,8,19,5,51,9,371,299,82
43168,43,0,13,14,3,3,3,0,15,0,12,10,2
44168,44,85,252,556,143,17,27,4,1,16,411,393,144
48168,48,3,16,23,3,4,4,0,9,0,21,21,6
87168,87,18,87,123,35,4,4,0,0,6,101,79,40
82168,82,4,46,32,11,0,0,3,1,0,36,29,13
23168,23,15,73,86,24,3,2,0,25,4,76,65,23
05168,05,21,70,69,24,3,6,5,0,3,63,55,14
35168,35,94,251,538,171,14,20,7,40,15,355,365,147
62169,62,7,41,23,4,0,0,0,0,5,21,15,1
80169,80,5,20,7,4,0,0,1,0,0,2,3,6
21169,21,5,11,19,7,0,1,3,0,0,10,15,10
02169,02,0,19,10,0,4,3,0,0,0,5,4,0
14169,14,9,18,20,9,0,0,1,0,3,0,24,8
95169,95,15,37,57,10,6,0,0,2,0,51,39,17
70169,70,6,29,18,0,2,0,2,19,4,15,13,0
27169,27,21,127,83,26,4,1,1,16,0,86,92,20
51169,51,4,11,9,0,0,4,0,9,2,3,16,0
39169,39,16,85,67,13,0,0,6,5,5,73,57,16
60169,60,19,120,80,15,1,9,0,0,4,61,62,22
59169,59,2,22,25,5,6,0,4,0,0,19,19,4
57169,57,9,69,49,17,3,7,0,2,7,47,51,14
71169,71,26,90,85,21,0,1,0,14,3,62,67,20
52169,52,4,22,6,3,1,0,0,0,2,3,10,3
54169,54,0,11,6,0,0,2,2,4,3,6,10,4
50169,50,1,5,9,8,0,0,0,14,0,6,7,3
55169,55,12,53,31,6,0,0,0,3,4,24,30,12
77169,77,193,667,682,166,4,23,10,63,42,588,521,177
31169,31,111,554,901,292,17,40,8,81,12,814,550,278
65169,65,7,13,15,1,0,0,0,0,1,11,5,5
88169,88,13,36,21,9,6,7,4,0,5,1,28,5
08169,08,0,20,17,0,0,4,3,0,5,9,11,1
61169,61,373,1460,1285,336,54,88,16,64,35,857,1495,308
89169,89,34,154,103,31,4,2,0,5,3,95,109,30
33169,33,7,8,8,6,5,4,4,0,0,0,9,4
38169,38,414,1755,1953,534,52,56,13,122,89,1548,1361,516
28169,28,11,35,27,7,0,0,0,0,5,6,22,10
01169,01,14,75,58,21,7,0,0,0,5,36,64,16
11169,11,6,11,9,5,0,4,0,0,0,4,12,9
67169,67,107,377,338,81,16,15,5,17,25,222,328,83
10169,10,6,36,19,3,0,6,0,0,0,19,20,1
45169,45,261,1015,973,253,51,56,17,35,42,661,900,241
16169,16,7,51,75,18,0,5,5,0,0,49,51,23
68169,68,13,63,39,6,0,8,2,9,1,27,42,14
76169,76,32,151,139,42,2,3,0,27,10,133,102,38
63169,63,0,1,3,3,5,1,0,0,5,6,5,2
04169,04,4,16,6,6,1,0,0,0,0,12,9,6
23169,23,17,52,74,18,7,0,3,2,6,63,55,18
32169,32,6,15,20,6,5,0,0,0,0,0,16,2
09169,09,0,17,8,6,1,0,0,0,0,14,12,5
72169,72,38,173,163,37,10,10,0,0,10,149,226,44
46169,46,0,15,33,9,3,0,0,9,3,23,26,5
40169,40,0,11,8,2,0,0,0,22,0,9,9,2
26169,26,53,225,206,60,11,10,3,2,6,210,189,58
74169,74,131,396,537,116,7,12,2,53,28,342,535,127
35169,35,33,96,193,52,4,12,6,0,4,115,121,59
03169,03,5,38,33,4,2,2,0,7,0,34,23,4
30169,30,109,809,523,133,16,30,7,54,33,583,502,139
81169,81,3,7,13,0,0,4,1,0,1,8,7,7
47169,47,25,141,119,33,8,3,4,14,10,124,119,37
58169,58,3,0,1,0,1,4,0,0,4,0,2,0
34169,34,85,508,406,120,5,14,0,42,18,476,365,128
2B169,2B,23,156,110,16,5,6,9,15,6,76,156,18
86169,86,10,31,43,16,0,8,0,0,2,23,32,14
12169,12,48,163,255,68,3,11,6,10,14,199,214,55
37169,37,18,75,95,24,0,9,0,27,4,88,92,24
18169,18,11,32,26,10,0,6,0,0,0,14,17,1
53169,53,8,29,47,14,6,4,3,4,4,29,49,9
07169,07,7,39,44,13,6,3,3,5,0,38,27,8
85169,85,30,93,121,23,2,1,5,1,0,71,118,20
22169,22,0,12,17,11,0,0,0,0,3,16,13,6
29169,29,49,180,389,144,10,28,12,20,2,254,261,135
56169,56,148,522,847,232,14,34,19,85,12,538,631,225
36169,36,13,53,48,11,3,0,0,18,0,47,47,19
19169,19,5,26,40,13,0,3,0,0,2,28,32,9
42169,42,34,163,171,48,0,8,4,32,4,131,122,42
69169,69,11,55,83,26,5,3,0,17,1,61,74,28
15169,15,16,72,108,21,2,0,6,19,3,75,107,21
66169,66,7,17,5,8,0,3,5,0,1,3,5,4
43169,43,0,13,12,0,0,1,0,0,0,10,4,3
44169,44,181,488,1017,287,20,44,10,29,30,778,727,281
48169,48,7,29,33,7,4,0,0,0,0,21,28,3
87169,87,24,77,120,36,2,10,0,26,0,101,72,36
82169,82,54,316,225,57,7,6,3,34,11,200,205,64
05169,05,0,11,11,2,0,0,0,0,4,1,3,0
01170,01,23,108,104,29,5,9,2,0,9,67,107,23
62170,62,64,436,241,70,14,12,0,19,7,228,186,72
80170,80,6,14,9,0,3,0,0,3,0,5,12,1
64170,64,4,19,21,9,0,5,0,7,0,16,25,4
21170,21,6,46,46,13,6,2,0,0,6,4,43,12
02170,02,5,22,8,0,1,4,5,0,3,0,9,4
95170,95,10,45,60,20,5,3,3,0,8,40,43,12
70170,70,6,19,6,0,2,2,0,9,0,4,5,0
51170,51,5,9,10,6,3,5,1,0,3,0,12,7
27170,27,31,143,96,28,0,9,6,0,0,87,96,21
25170,25,24,140,135,27,0,9,0,0,4,84,128,38
39170,39,32,123,101,19,4,8,1,18,4,106,90,21
60170,60,17,93,66,13,0,0,1,3,6,55,60,21
59170,59,113,600,457,131,14,18,6,25,11,463,357,123
71170,71,52,219,194,60,11,9,7,4,16,140,166,52
52170,52,6,27,12,0,0,1,3,12,0,20,11,3
54170,54,0,6,3,6,0,0,3,0,4,10,3,2
55170,55,9,6,17,4,3,4,4,0,0,0,14,4
31170,31,5,10,28,6,4,2,0,8,0,16,20,3
65170,65,7,5,15,0,0,2,0,0,3,5,4,4
88170,88,22,126,81,16,0,4,1,0,9,68,78,20
08170,08,4,28,20,4,3,6,0,11,0,19,14,1
61170,61,9,32,27,9,0,6,0,0,4,3,37,3
89170,89,5,25,16,5,0,0,0,1,0,16,14,8
38170,38,76,327,345,95,6,14,0,11,13,309,235,92
33170,33,11,69,105,29,2,4,0,0,0,82,70,23
28170,28,6,40,32,6,3,0,0,0,0,17,26,12
11170,11,128,904,621,210,23,19,1,75,30,670,474,225
10170,10,9,73,43,4,0,2,1,1,3,36,48,4
45170,45,6,4,13,6,5,5,1,0,6,0,15,0
16170,16,7,35,40,9,0,3,0,12,0,31,32,15
49170,49,21,80,105,33,1,1,0,0,4,78,92,33
68170,68,21,72,48,11,1,8,0,5,6,44,66,7
76170,76,3,20,9,0,2,0,5,0,3,15,11,5
63170,63,20,57,87,22,0,5,2,0,7,66,52,29
04170,04,2,0,11,5,5,0,3,0,2,0,4,5
32170,32,5,21,16,12,4,0,0,0,3,5,14,9
46170,46,21,51,99,30,1,7,5,0,7,70,66,29
09170,09,0,29,20,10,5,0,0,0,6,19,17,14
72170,72,7,18,10,0,5,0,1,0,0,8,29,6
40170,40,2,25,19,12,0,0,5,0,5,16,14,13
26170,26,78,396,369,115,15,20,6,19,25,300,312,103
74170,74,30,74,91,25,0,1,5,5,9,65,93,16
79170,79,73,207,346,89,19,17,4,40,3,246,230,79
35170,35,14,42,76,26,2,8,2,7,6,49,50,19
03170,03,0,20,18,7,3,5,0,0,3,0,16,0
30170,30,22,140,83,25,0,4,0,0,5,92,75,19
47170,47,15,68,66,20,5,6,2,0,2,48,61,16
58170,58,2,20,11,0,1,6,5,0,0,3,14,4
81170,81,27,143,137,50,7,2,7,33,0,141,112,52
73170,73,17,64,67,21,0,0,6,0,5,47,55,19
34170,34,4,23,26,3,3,3,0,3,0,30,14,12
2B170,2B,0,18,22,0,3,6,0,0,0,13,21,8
86170,86,12,31,39,13,0,3,0,5,3,28,33,6
12170,12,14,34,53,15,0,0,0,0,0,36,40,14
37170,37,29,104,119,36,5,3,5,0,0,104,119,41
53170,53,27,91,143,30,8,8,0,8,1,81,162,33
18170,18,24,84,67,18,0,6,4,0,7,46,61,20
07170,07,8,42,31,14,0,3,2,4,4,30,29,5
42170,42,52,251,245,56,4,19,10,2,5,165,177,62
22170,22,29,108,179,66,5,11,4,1,0,132,120,53
29170,29,83,295,613,233,12,30,6,31,6,413,374,219
56170,56,24,88,139,40,0,8,0,0,1,75,104,36
19170,19,7,18,29,4,5,7,0,0,4,9,22,7
36170,36,3,12,7,6,5,0,0,0,0,0,12,2
69170,69,25,96,144,37,3,5,4,0,1,110,134,31
15170,15,11,20,45,11,0,0,0,0,6,14,38,7
43170,43,11,50,42,9,0,8,0,7,2,41,32,7
44170,44,23,45,100,34,4,6,0,0,8,73,81,33
48170,48,8,25,25,4,2,0,0,0,4,22,28,2
87170,87,13,31,44,11,4,8,0,5,4,41,24,9
82170,82,19,66,54,13,6,7,4,0,3,50,56,14
66170,66,3,21,15,8,0,0,0,6,0,21,17,1
23170,23,5,19,25,14,2,3,0,0,3,18,24,14
05170,05,70,239,244,70,5,15,0,0,15,239,202,70
62171,62,2,14,9,0,0,5,2,2,0,14,8,0
80171,80,22,104,69,8,0,0,0,7,0,64,49,14
64171,64,8,9,26,10,0,2,0,10,4,17,19,12
02171,02,4,2,10,2,0,2,5,0,1,0,7,4
21171,21,263,1071,1139,295,29,57,14,49,46,759,1047,301
14171,14,2,20,23,1,0,2,0,9,0,13,19,8
78171,78,18,77,161,32,0,8,6,3,10,85,147,43
70171,70,44,209,138,34,3,13,2,0,4,99,126,30
51171,51,41,218,157,27,13,7,7,0,2,99,164,36
25171,25,0,5,12,6,3,1,0,0,0,0,11,7
39171,39,25,130,116,21,8,6,0,0,0,111,99,26
60171,60,9,31,17,1,0,0,0,0,0,23,17,9
59171,59,5,0,9,0,4,1,0,0,0,0,3,0
57171,57,22,127,99,28,4,2,0,12,9,85,74,28
71171,71,7,38,31,4,0,7,0,0,0,21,32,12
52171,52,11,34,17,3,0,1,0,0,6,13,26,8
54171,54,24,149,122,39,9,6,6,0,5,99,86,40
55171,55,6,42,19,4,6,2,3,2,2,22,16,6
77171,77,214,761,721,194,30,27,11,0,37,642,597,183
31171,31,8,31,44,13,0,1,0,0,3,34,21,12
65171,65,0,4,2,2,0,0,0,6,0,7,0,4
24171,24,9,63,62,19,6,8,0,12,0,74,49,15
88171,88,5,10,4,1,0,6,0,0,0,0,7,5
08171,08,0,19,11,3,4,0,0,0,0,7,7,0
89171,89,9,38,27,7,0,0,1,0,1,15,29,8
61171,61,6,13,13,8,0,0,0,0,0,0,17,0
33171,33,3,24,25,8,0,4,1,0,0,12,22,7
28171,28,21,106,87,21,8,0,6,10,6,68,89,21
17171,17,17,71,88,23,3,2,0,13,0,62,66,15
63171,63,6,40,49,16,1,3,3,0,0,43,33,12
01171,01,25,100,93,22,1,1,2,13,0,66,81,26
10171,10,4,43,30,11,0,4,0,0,1,11,26,11
45171,45,16,60,51,12,2,6,0,7,7,40,46,13
16171,16,10,60,72,19,3,1,0,0,2,54,47,18
68171,68,45,157,112,23,5,3,3,0,4,64,121,30
76171,76,0,10,10,3,0,3,3,0,3,1,13,6
38171,38,7,34,48,12,3,5,2,0,0,26,28,14
49171,49,4,15,10,7,0,3,0,0,1,5,11,5
32171,32,4,20,19,10,0,0,0,5,0,12,16,11
27171,27,6,54,33,12,0,4,0,13,5,34,30,4
46171,46,1,19,22,6,6,2,0,0,3,19,22,11
09171,09,0,3,3,4,0,0,0,7,0,12,8,3
72171,72,2,11,15,8,3,0,0,0,0,8,16,7
26171,26,10,18,25,4,0,0,0,0,2,19,14,1
40171,40,0,8,10,2,0,0,4,13,5,16,6,1
74171,74,48,135,176,32,3,9,0,0,5,108,175,30
03171,03,8,20,27,1,0,1,4,0,4,23,18,3
30171,30,19,153,97,32,1,0,5,15,4,121,99,27
47171,47,5,51,50,7,0,5,1,14,0,33,39,12
81171,81,28,165,173,49,15,4,0,31,14,150,136,49
58171,58,8,38,29,11,6,5,5,0,2,0,25,8
73171,73,74,300,327,96,6,17,2,64,13,263,302,76
34171,34,7,16,23,1,0,0,0,5,0,24,9,6
86171,86,9,52,63,22,0,8,0,0,7,37,40,10
2B171,2B,0,14,1,0,0,0,0,2,0,6,8,4
35171,35,32,108,228,68,9,11,5,0,9,138,154,75
12171,12,12,53,76,18,0,2,2,12,0,56,65,18
37171,37,34,123,146,44,0,5,2,0,7,124,144,49
18171,18,4,24,25,2,1,0,0,17,0,28,24,5
41171,41,37,177,160,52,11,14,3,4,11,108,154,44
07171,07,14,63,67,23,0,3,0,0,7,57,45,15
42171,42,5,36,32,9,2,2,3,0,2,22,31,9
22171,22,88,349,551,183,23,37,6,13,16,383,381,189
29171,29,76,291,599,232,9,26,4,48,8,387,367,223
56171,56,41,130,203,56,2,15,2,0,1,119,165,61
85171,85,16,62,76,10,7,6,4,0,0,37,78,18
36171,36,51,220,196,58,15,14,2,14,13,178,186,60
19171,19,5,21,25,9,2,0,0,14,0,16,14,2
04171,04,7,17,10,7,5,5,0,0,0,0,16,6
69171,69,49,181,279,78,4,10,9,5,16,199,247,72
43171,43,7,12,11,7,0,0,0,0,0,9,12,4
66171,66,233,1956,1179,315,39,73,22,143,47,1314,1092,320
44171,44,45,125,254,66,6,5,6,43,8,190,167,67
48171,48,8,21,16,0,0,3,0,6,0,13,27,8
82171,82,23,153,113,29,8,7,6,41,3,115,99,34
23171,23,8,11,16,7,1,2,4,0,0,0,8,9
05171,05,11,28,26,5,6,0,2,12,1,22,18,4
62172,62,13,49,25,6,6,3,2,11,0,24,18,6
80172,80,7,79,52,14,7,0,0,17,0,48,42,13
64172,64,2,20,34,11,3,5,0,0,3,22,15,10
02172,02,7,39,19,7,1,1,0,13,0,19,19,1
21172,21,11,31,35,7,0,0,0,0,3,32,37,7
14172,14,17,56,65,12,6,4,5,0,2,16,56,18
78172,78,648,1877,4241,1008,60,116,42,211,150,2301,4030,998
51172,51,182,914,674,131,36,34,12,25,31,442,713,164
25172,25,11,27,28,6,0,0,0,0,0,20,20,4
39172,39,8,21,27,2,0,4,5,5,4,18,15,7
60172,60,99,634,384,94,17,19,6,0,13,326,350,104
59172,59,332,2081,1439,402,59,77,15,78,61,1494,1236,430
57172,57,4,36,34,12,2,3,1,0,6,17,30,10
71172,71,1,9,12,2,3,0,0,10,1,6,13,0
52172,52,4,48,31,9,1,2,0,0,0,20,21,8
54172,54,6,29,31,10,3,7,2,0,0,17,17,12
50172,50,12,38,46,12,0,1,0,0,0,19,40,6
77172,77,26,99,88,21,0,0,5,0,10,84,79,22
31172,31,4,0,8,3,0,0,4,0,5,0,0,0
65172,65,2,4,2,0,1,0,0,0,4,0,6,0
88172,88,5,42,29,4,0,2,0,0,5,17,27,2
08172,08,1,20,14,8,0,1,3,0,5,7,16,0
89172,89,16,68,52,11,0,0,1,4,0,44,52,16
38172,38,39,144,161,42,8,5,5,4,10,127,106,46
33172,33,11,21,34,12,0,2,0,2,2,37,26,13
28172,28,19,101,76,25,0,0,2,1,8,68,86,20
63172,63,5,0,9,0,2,0,3,0,0,0,7,5
67172,67,80,256,241,57,5,8,5,12,14,149,244,67
17172,17,65,254,286,62,9,12,0,14,16,205,256,68
10172,10,10,29,13,2,0,0,3,0,2,13,19,1
11172,11,10,76,52,16,0,1,0,28,0,61,46,16
68172,68,45,197,155,31,3,13,0,32,13,103,156,30
76172,76,6,28,19,8,0,0,0,0,2,19,16,11
70172,70,1,23,8,3,0,0,0,0,2,6,14,0
23172,23,0,8,16,0,3,6,4,0,0,0,12,5
32172,32,3,24,38,16,3,4,0,0,5,19,33,16
72172,72,30,136,146,41,0,5,2,13,2,131,185,39
12172,12,8,54,79,23,5,9,1,0,1,55,56,22
85172,85,63,205,280,53,9,10,6,0,2,154,262,57
55172,55,0,13,8,1,4,4,2,0,2,1,10,2
24172,24,40,109,109,42,12,14,0,6,6,118,110,28
46172,46,14,41,58,15,3,0,1,10,7,56,45,17
09172,09,4,3,8,5,0,0,0,0,0,0,0,0
40172,40,7,21,37,16,0,0,0,1,6,33,21,9
26172,26,19,74,68,19,6,0,6,0,7,30,55,21
74172,74,52,140,184,41,6,7,2,2,12,126,194,47
79172,79,31,79,125,36,1,4,3,10,2,103,99,28
35172,35,41,111,221,68,3,8,6,2,12,150,144,67
03172,03,0,15,22,0,0,3,5,0,0,7,17,0
47172,47,18,76,58,13,3,0,0,10,0,58,57,13
30172,30,19,99,63,15,1,0,5,6,4,74,59,22
58172,58,8,10,10,7,4,2,0,1,0,10,8,1
81172,81,1,4,5,0,0,4,4,0,5,0,8,0
34172,34,3624,25490,20303,5644,419,937,277,1746,929,22286,17335,5726
86172,86,4,10,15,0,5,1,3,0,3,14,7,1
2B172,2B,11,89,66,18,1,5,0,15,3,47,93,12
37172,37,115,394,504,144,8,13,8,89,12,386,434,140
53172,53,10,37,47,9,1,6,0,0,0,27,44,14
18172,18,54,208,192,51,4,14,4,2,0,169,167,48
41172,41,7,18,20,5,5,0,5,8,0,15,19,0
07172,07,59,234,207,63,7,19,0,34,4,219,173,61
22172,22,56,246,434,131,14,12,2,1,18,291,274,121
42172,42,31,124,120,26,7,4,4,0,0,88,83,30
29172,29,47,179,353,136,11,26,0,10,5,217,204,143
56172,56,63,226,351,80,12,20,10,13,21,213,258,103
19172,19,5,7,12,3,0,2,4,0,3,12,16,6
36172,36,20,70,60,18,0,1,0,12,0,63,56,18
04172,04,11,84,71,12,1,0,2,19,3,71,70,15
15172,15,4,11,19,0,5,0,0,0,0,0,15,0
43172,43,7,25,25,7,5,0,0,5,3,18,28,12
66172,66,198,1586,976,264,41,46,21,144,30,1073,901,265
87172,87,0,26,37,12,1,0,3,0,5,8,20,13
82172,82,12,43,33,5,2,1,0,0,2,24,22,9
44172,44,306,922,1949,522,26,75,21,133,45,1416,1335,523
69172,69,9,59,89,27,7,6,0,0,8,45,83,22
05172,05,8,46,42,10,0,1,0,0,7,38,33,9
41173,41,86,367,329,88,6,8,18,24,4,210,360,90
62173,62,132,901,484,141,32,22,7,31,23,448,374,137
80173,80,7,73,61,16,0,0,0,16,5,48,40,10
64173,64,0,7,12,4,1,0,3,19,0,13,8,4
02173,02,239,1762,873,233,30,66,16,87,42,818,806,199
21173,21,17,66,61,22,5,1,6,0,2,43,64,15
14173,14,8,47,51,12,1,0,4,20,4,37,55,10
51173,51,1,15,17,7,0,0,5,0,4,1,15,7
27173,27,7,16,7,0,1,2,0,0,4,0,14,8
25173,25,8,24,23,5,3,0,3,0,1,0,15,9
39173,39,32,138,114,24,5,7,3,19,9,110,114,25
60173,60,7,76,54,6,0,1,1,13,6,45,37,9
57173,57,6,14,14,0,0,0,4,0,3,6,6,0
71173,71,11,26,25,11,2,0,0,0,0,24,27,13
59173,59,43,266,172,44,7,13,2,40,13,191,159,44
52173,52,2,12,5,3,3,2,4,12,0,7,9,0
54173,54,4,16,15,5,0,1,3,5,0,13,12,6
55173,55,6,6,0,0,3,0,3,0,0,0,7,0
31173,31,8,23,46,12,5,1,0,3,5,36,22,10
65173,65,4,12,28,9,1,0,3,5,0,22,11,9
77173,77,26,82,94,23,3,5,0,0,9,72,65,17
08173,08,41,243,146,28,5,10,1,20,9,130,119,43
88173,88,14,62,42,8,0,2,0,33,1,38,36,17
89173,89,14,66,42,16,1,6,2,0,2,39,41,9
33173,33,2,22,29,8,0,5,0,0,1,23,16,4
28173,28,40,176,137,39,3,7,4,0,10,113,135,38
01173,01,254,1050,980,218,23,51,20,39,51,619,910,219
63173,63,8,17,30,8,3,6,0,11,0,25,18,11
67173,67,45,173,146,31,9,6,0,0,5,103,139,32
11173,11,2,12,13,4,0,0,0,5,6,13,6,5
10173,10,17,77,45,7,0,1,2,6,0,34,67,14
45173,45,99,465,437,110,18,28,8,6,11,280,412,117
16173,16,1,28,22,4,0,2,0,14,6,17,13,2
76173,76,10,60,45,12,0,0,3,5,5,60,40,19
17173,17,3,29,31,4,3,0,0,7,6,27,24,8
53173,53,8,13,25,1,0,6,0,0,0,12,16,6
68173,68,85,331,229,53,8,12,6,17,12,163,243,51
32173,32,1,25,31,12,5,3,3,0,6,11,15,7
38173,38,2,23,37,7,0,0,0,9,0,22,26,10
46173,46,21,61,105,36,0,2,0,9,8,104,70,24
09173,09,4,26,27,11,0,6,4,7,0,28,14,11
72173,72,30,147,141,37,9,2,5,0,6,106,180,31
26173,26,23,89,89,27,7,4,0,5,5,86,75,23
40173,40,1,9,15,7,0,0,3,4,0,20,8,10
74173,74,107,312,409,80,16,22,16,36,16,242,434,103
35173,35,137,429,949,272,20,25,18,66,16,594,574,278
03173,03,31,108,111,25,0,8,0,26,8,91,87,34
47173,47,23,91,72,24,3,0,1,0,2,58,60,23
30173,30,38,237,156,45,3,3,0,36,3,171,136,39
58173,58,7,24,16,4,4,0,5,0,1,3,13,4
81173,81,1,24,23,9,2,5,0,19,0,20,26,8
34173,34,33,196,150,36,8,5,0,18,11,158,119,44
73173,73,13,67,70,15,0,6,3,14,4,48,58,11
86173,86,16,53,71,20,3,2,0,8,4,62,53,14
2B173,2B,7,49,27,9,0,0,1,8,2,28,37,2
37173,37,20,79,101,32,5,9,0,0,1,72,82,27
18173,18,5,30,30,2,5,0,3,0,2,23,21,9
29173,29,31,137,290,106,1,10,3,37,8,188,186,97
56173,56,111,356,575,155,23,30,5,71,11,359,434,152
42173,42,15,34,44,9,4,0,0,0,4,32,30,9
07173,07,0,8,8,0,3,0,0,0,0,5,11,2
19173,19,13,28,38,8,4,0,0,11,0,36,29,7
36173,36,9,61,58,21,0,1,0,0,7,44,46,19
04173,04,27,121,107,29,1,7,5,0,6,89,100,31
15173,15,6,15,17,8,0,3,3,0,6,8,23,2
43173,43,8,19,15,6,0,0,1,0,6,1,10,6
66173,66,19,162,105,30,4,6,0,0,0,118,90,31
44173,44,42,116,253,62,7,12,4,13,6,209,178,68
48173,48,6,19,27,5,1,7,0,7,0,26,36,3
82173,82,19,114,94,20,0,5,0,28,2,79,82,29
69173,69,19,69,123,28,0,2,0,0,7,89,94,27
23173,23,5,11,14,5,0,0,0,13,0,9,8,5
05173,05,11,49,51,17,4,6,0,0,4,45,48,13
62174,62,36,218,126,37,2,3,0,0,4,105,99,30
64174,64,2,4,4,5,3,1,1,0,5,0,4,8
02174,02,22,129,56,17,1,0,4,1,6,51,51,16
76174,76,6,42,33,11,0,0,0,22,6,40,30,9
14174,14,127,572,718,179,42,28,14,46,22,504,567,190
91174,91,1013,2283,3706,953,80,140,60,152,168,2924,2501,938
70174,70,1,28,14,7,2,3,0,2,0,7,10,4
27174,27,38,160,118,28,7,10,0,0,7,105,112,30
51174,51,0,6,10,0,0,0,2,9,0,1,3,0
25174,25,8,27,28,9,2,4,0,0,1,18,19,10
39174,39,3,7,7,5,0,4,0,0,3,3,4,2
60174,60,6,24,21,1,3,0,0,8,0,18,11,1
57174,57,2,22,11,5,0,0,0,0,0,4,6,8
71174,71,11,29,26,2,0,5,1,0,3,4,23,4
59174,59,11,42,26,9,4,0,0,4,0,28,25,12
52174,52,4,0,3,2,5,3,0,0,5,0,0,2
54174,54,81,468,385,120,11,24,2,40,14,364,285,115
55174,55,0,5,1,4,3,0,4,0,5,0,8,5
50174,50,10,21,26,5,2,6,0,0,0,8,15,10
31174,31,17,44,68,18,8,3,3,4,3,53,38,20
65174,65,3,14,21,9,2,6,0,0,1,0,15,0
77174,77,11,62,60,16,0,2,0,20,0,52,53,12
24174,24,0,14,15,6,3,0,3,23,0,14,10,4
08174,08,51,325,185,47,14,11,6,33,7,173,170,56
88174,88,4,25,16,3,0,6,0,0,3,10,13,5
33174,33,24,102,130,34,4,5,3,17,1,104,83,40
17174,17,16,90,93,18,0,2,0,23,8,71,89,23
01174,01,0,25,23,4,1,0,0,2,2,9,15,8
63174,63,2,10,24,9,0,4,0,0,2,6,14,6
67174,67,35,159,137,27,5,9,0,4,12,90,124,31
49174,49,35,119,170,34,10,5,5,0,0,94,152,41
10174,10,11,24,14,9,0,4,0,0,6,1,23,0
45174,45,2,29,34,3,5,0,0,0,6,15,32,7
16174,16,10,47,56,22,0,5,6,11,5,49,35,15
38174,38,22,108,132,31,3,0,0,27,2,104,78,28
19174,19,6,11,25,0,1,0,0,0,6,13,13,5
32174,32,6,18,28,8,2,4,0,13,0,22,18,12
68174,68,67,219,173,35,10,6,0,29,6,112,192,44
80174,80,0,16,6,5,1,0,0,3,0,6,6,5
11174,11,5,7,12,7,0,3,0,0,0,2,1,0
69174,69,16,47,70,16,0,3,0,3,6,59,67,18
46174,46,7,19,25,9,4,0,5,0,2,20,24,6
09174,09,7,34,24,15,4,0,0,0,5,32,12,13
72174,72,1,4,8,7,0,4,2,0,4,0,20,8
26174,26,21,121,101,29,1,6,6,0,6,90,85,30
40174,40,0,3,10,9,1,4,3,0,0,6,11,0
79174,79,158,500,739,178,9,40,14,89,21,516,519,188
35174,35,7,34,76,26,3,6,0,2,0,58,56,30
03174,03,23,109,106,21,4,4,0,6,4,84,89,29
47174,47,14,102,76,19,2,9,0,20,2,74,62,18
30174,30,32,207,123,31,7,8,1,0,10,137,127,32
81174,81,17,71,68,20,3,8,0,0,0,56,49,20
58174,58,0,21,12,1,0,5,3,13,0,10,8,6
34174,34,10,103,75,24,4,4,1,27,4,88,61,17
2A174,2A,0,19,9,8,1,0,0,5,0,14,26,0
74174,74,14,63,80,13,0,0,5,0,0,45,84,14
86174,86,146,542,692,216,30,43,11,22,32,554,488,178
37174,37,26,69,96,23,0,0,0,9,5,66,74,28
12174,12,91,264,399,91,5,23,4,76,2,319,336,95
18174,18,10,21,18,10,0,6,0,0,6,22,20,2
53174,53,24,73,99,18,0,5,0,16,4,59,111,17
85174,85,20,55,84,16,6,6,5,0,1,45,88,17
07174,07,16,54,50,17,0,5,0,0,7,32,30,12
29174,29,124,432,836,323,20,54,5,38,21,554,548,302
56174,56,65,233,362,92,21,24,5,0,18,171,287,94
22174,22,16,61,112,34,6,5,5,0,8,62,77,30
42174,42,34,128,138,26,3,1,0,25,0,107,93,34
41174,41,2,34,22,7,0,2,0,6,0,13,22,8
36174,36,9,46,33,10,0,0,0,0,6,33,30,5
04174,04,3,30,18,11,6,6,0,0,0,15,23,5
15174,15,8,32,53,6,0,7,1,3,0,31,45,5
43174,43,27,114,101,19,8,2,5,16,4,77,91,25
66174,66,49,355,206,68,12,11,0,23,8,254,202,57
44174,44,41,144,296,83,8,16,0,0,6,207,216,87
87174,87,28,110,164,40,3,12,1,14,10,129,100,50
48174,48,0,21,23,2,0,2,5,0,2,9,18,3
82174,82,6,42,22,11,2,0,2,4,0,32,19,3
23174,23,10,61,66,19,0,4,1,7,4,54,48,22
05174,05,17,61,55,10,11,11,4,0,8,39,51,9
62175,62,1,32,17,2,3,0,0,0,0,18,7,3
64175,64,8,10,32,8,4,7,4,0,2,9,17,4
02175,02,2,24,8,4,0,0,5,0,4,15,15,5
21175,21,6,18,21,0,2,5,0,3,4,8,13,6
76175,76,6,28,28,11,0,3,0,0,0,27,19,5
14175,14,5,26,33,9,3,6,1,0,6,8,25,4
91175,91,56,136,201,54,0,5,5,7,6,125,147,55
70175,70,1,25,16,4,0,1,0,0,0,4,14,7
51175,51,7,29,23,1,6,0,0,2,5,11,28,4
25175,25,3,15,5,0,0,0,1,5,5,3,8,4
39175,39,0,2,10,3,5,0,4,0,0,0,10,6
60175,60,549,2986,1982,473,104,110,39,187,108,1715,1738,441
57175,57,9,31,29,6,5,0,3,0,6,0,26,5
71175,71,7,28,32,6,0,4,0,15,0,25,27,6
59175,59,12,38,25,8,0,1,4,0,4,28,29,12
52175,52,9,65,40,10,3,0,1,3,6,26,47,13
54175,54,10,56,50,14,3,5,1,0,5,25,32,12
55175,55,11,25,22,8,0,0,4,0,0,9,17,4
50175,50,8,24,24,2,0,0,0,15,0,16,22,7
31175,31,8,48,76,27,4,5,5,0,6,71,49,29
77175,77,85,311,318,74,3,12,1,57,12,289,243,89
65175,65,1,4,14,0,5,5,3,0,0,1,4,8
08175,08,4,33,22,3,4,0,5,5,0,21,27,4
88175,88,14,79,52,12,5,1,0,0,8,52,49,17
89175,89,5,22,16,7,0,0,1,0,0,0,12,8
38175,38,84,380,404,100,14,16,0,7,25,337,294,108
33175,33,20,59,92,21,0,4,4,14,0,69,54,27
17175,17,21,66,70,19,1,9,3,0,0,38,64,12
01175,01,23,102,106,20,5,0,6,0,4,65,98,25
63175,63,8,26,30,9,0,4,0,0,4,22,17,12
11175,11,14,74,53,14,4,4,2,0,6,33,31,20
10175,10,2,25,13,6,0,3,4,7,5,8,17,0
45175,45,40,156,152,34,8,7,6,11,6,103,157,44
28175,28,4,21,23,3,2,0,4,0,0,17,16,1
32175,32,4,23,25,7,0,0,0,0,5,21,21,5
68175,68,75,244,196,50,11,20,1,20,13,112,208,42
24175,24,12,39,43,11,0,4,0,0,1,18,31,14
85175,85,16,46,67,13,7,0,5,9,5,42,68,13
46175,46,23,77,128,39,4,7,2,12,7,104,76,35
72175,72,22,168,158,43,4,13,7,0,12,140,232,42
09175,09,7,6,6,3,0,0,0,1,0,12,7,4
26175,26,0,29,27,11,0,0,0,0,5,7,19,3
40175,40,7,31,49,22,3,0,1,21,0,37,34,16
74175,74,3,27,25,11,4,0,0,3,0,18,22,5
79175,79,8,33,67,19,0,0,0,9,7,38,39,17
35175,35,18,61,123,41,5,9,0,12,8,85,84,34
03175,03,5,29,29,8,0,7,0,5,2,32,33,3
47175,47,55,293,222,62,8,10,0,43,4,216,192,66
58175,58,7,24,24,8,0,0,0,0,4,5,18,1
30175,30,4,28,16,7,0,0,0,10,1,22,14,8
81175,81,10,49,36,12,0,0,0,2,2,39,39,16
73175,73,3,16,20,8,4,6,0,9,0,14,13,2
34175,34,9,19,24,8,4,1,2,0,4,0,22,9
86175,86,12,37,45,7,0,7,5,0,0,22,26,16
2B175,2B,0,17,10,8,2,0,0,13,0,9,23,0
37175,37,38,119,154,45,8,7,0,10,8,128,126,42
12175,12,4,16,19,1,0,0,3,18,2,11,15,0
18175,18,13,59,63,18,5,6,0,0,2,52,60,13
53175,53,33,98,158,40,5,13,4,14,0,100,177,30
41175,41,36,141,119,27,9,10,0,0,2,81,113,27
07175,07,6,7,7,8,0,5,5,0,0,0,4,5
29175,29,31,133,271,96,4,18,4,0,11,154,174,102
56175,56,93,346,546,138,16,19,5,32,14,335,400,133
22175,22,28,131,205,57,1,6,0,27,5,148,142,68
42175,42,28,145,134,40,3,1,3,0,8,108,116,28
19175,19,0,5,18,1,5,0,0,7,5,10,10,1
36175,36,15,40,35,9,0,2,0,9,1,29,30,15
15175,15,20,86,121,23,0,6,6,24,3,74,108,24
43175,43,8,18,27,1,0,6,0,0,3,10,24,4
66175,66,51,434,267,76,7,13,0,33,8,298,239,71
44175,44,86,302,611,189,11,20,10,42,14,455,426,163
48175,48,10,14,26,9,0,0,0,0,0,11,28,9
82175,82,9,40,25,8,0,4,3,0,0,19,18,8
04175,04,6,11,6,0,0,0,0,1,0,10,13,1
69175,69,42,161,262,69,7,4,5,0,13,184,224,72
23175,23,0,15,16,6,5,0,0,0,0,6,13,1
16175,16,22,125,145,41,5,11,6,24,4,99,99,25
62176,62,24,116,59,16,1,7,0,15,0,69,45,24
80176,80,7,44,30,9,2,0,0,0,6,21,18,2
64176,64,4,8,25,2,0,6,0,12,1,17,17,9
02176,02,1,38,16,0,0,0,0,12,0,14,14,2
21176,21,5,11,12,3,0,6,0,0,5,9,13,6
76176,76,10,51,37,7,5,2,0,0,0,32,36,8
95176,95,493,1742,2519,683,57,94,29,124,109,2310,1896,703
70176,70,8,32,27,10,0,6,0,0,0,5,22,5
51176,51,0,19,13,7,0,5,5,0,0,2,18,4
27176,27,5,26,17,2,0,0,5,2,5,15,18,6
25176,25,7,26,28,13,1,0,3,0,5,18,33,9
39176,39,12,50,49,12,0,1,0,10,0,48,49,10
60176,60,364,2122,1363,322,65,70,9,114,59,1143,1198,334
57176,57,43,241,180,57,11,21,6,0,11,147,136,38
71176,71,193,777,708,203,19,26,14,83,24,548,627,209
59176,59,8,51,27,9,0,6,0,0,6,23,30,9
54176,54,30,130,106,31,9,3,5,0,5,106,83,34
31176,31,5,14,28,12,0,3,2,0,0,27,11,10
77176,77,70,280,273,68,10,8,7,18,18,258,201,60
24176,24,6,2,4,0,0,5,3,0,0,0,3,0
65176,65,1,8,12,6,5,4,3,0,5,12,4,0
89176,89,10,25,15,0,2,6,1,0,0,7,17,2
88176,88,20,76,40,11,6,7,1,1,0,34,45,9
08176,08,6,11,4,2,0,4,0,0,0,1,8,0
61176,61,10,18,13,0,5,6,3,0,0,9,25,0
38176,38,51,224,263,64,13,18,5,0,11,206,178,70
33176,33,3,33,43,14,5,8,3,2,0,30,22,10
17176,17,7,7,10,6,0,0,0,0,4,0,14,0
35176,35,148,461,990,306,30,37,5,70,9,649,626,299
67176,67,137,462,418,95,24,22,16,15,27,219,445,108
63176,63,2,13,16,0,4,0,1,5,3,13,12,7
10176,10,3,28,13,6,0,4,0,0,6,0,23,1
11176,11,5,2,8,0,3,0,5,0,0,0,6,3
45176,45,12,37,39,7,0,6,1,9,6,30,31,12
50176,50,7,29,40,13,0,6,2,0,1,19,39,9
82176,82,19,115,89,24,6,0,3,0,0,80,78,22
23176,23,113,454,496,192,23,31,20,65,16,465,405,185
16176,16,3,27,31,8,3,2,0,8,5,35,28,8
32176,32,6,19,14,5,2,0,2,0,5,8,8,2
68176,68,8,44,30,8,6,2,0,0,0,18,40,3
28176,28,21,80,60,16,2,0,0,12,5,53,62,18
49176,49,119,388,627,156,16,31,1,82,11,408,551,141
72176,72,85,426,402,95,20,39,2,64,8,365,604,107
53176,53,10,48,58,19,0,1,2,0,3,32,74,11
46176,46,18,58,86,26,2,6,5,0,0,67,54,27
09176,09,9,43,42,13,0,5,0,19,4,67,36,13
26176,26,43,177,160,38,8,9,0,12,8,150,147,44
40176,40,2,6,11,4,0,5,0,1,0,6,6,5
74176,74,61,178,225,53,5,7,0,10,16,143,228,48
30176,30,6,27,20,2,0,0,0,8,2,25,21,5
81176,81,0,11,15,0,5,6,1,0,0,0,10,5
47176,47,9,28,19,0,0,4,0,0,6,14,14,2
58176,58,10,67,70,18,0,6,0,12,1,61,58,18
73176,73,19,85,103,24,6,9,4,0,7,64,86,27
03176,03,17,67,65,21,6,0,2,0,6,45,55,9
34176,34,55,353,285,83,13,10,2,11,16,300,242,77
79176,79,25,67,96,23,0,10,0,0,3,61,75,29
2B176,2B,0,22,10,5,0,6,0,0,0,4,14,2
37176,37,33,104,136,33,9,2,6,0,2,84,112,37
86176,86,3,13,10,2,0,2,1,0,0,17,8,8
12176,12,227,797,1244,288,34,83,18,149,31,961,1019,284
18176,18,9,40,43,5,0,6,0,23,2,31,32,7
41176,41,18,98,84,19,8,1,0,0,3,55,89,19
85176,85,29,111,142,22,3,7,0,6,5,76,148,31
07176,07,3,19,17,8,0,2,0,0,3,12,10,8
29176,29,38,113,258,91,1,10,1,30,3,164,138,88
56176,56,134,501,823,215,27,51,15,41,35,512,617,235
22176,22,133,507,852,280,24,43,13,61,19,597,575,274
42176,42,47,219,213,52,8,7,0,35,8,170,169,50
19176,19,29,109,170,32,1,10,3,25,4,114,98,32
36176,36,19,62,50,12,2,0,3,25,5,51,51,12
15176,15,9,33,37,7,0,0,0,0,6,19,39,8
66176,66,60,466,286,79,7,20,5,53,10,317,273,76
44176,44,84,229,452,125,10,22,6,12,11,335,309,144
48176,48,0,11,8,0,3,0,4,10,0,18,8,5
87176,87,17,60,86,31,7,7,6,0,0,54,52,25
04176,04,0,22,11,9,0,0,1,2,2,25,19,0
69176,69,87,342,583,153,20,19,4,0,31,382,473,147
05176,05,8,30,24,10,0,0,0,0,6,15,28,11
62177,62,23,141,72,25,8,9,1,12,6,76,55,24
80177,80,22,112,82,19,1,2,3,0,8,51,60,19
64177,64,15,50,84,19,5,0,0,26,6,69,56,24
02177,02,3,28,8,8,0,0,4,0,0,1,13,4
21177,21,3,24,19,3,0,4,1,15,5,12,19,3
76177,76,6,31,36,13,0,0,0,0,6,31,21,5
14177,14,18,85,102,27,3,0,1,2,0,78,85,25
95177,95,27,87,140,41,5,7,6,0,11,119,97,43
70177,70,19,97,65,12,3,6,0,17,0,55,50,9
27177,27,10,71,52,10,0,0,1,7,6,53,55,11
51177,51,8,28,18,9,0,2,3,4,0,14,26,6
60177,60,11,67,36,11,6,7,0,0,4,22,35,9
25177,25,0,19,11,2,3,1,0,13,2,9,16,2
57177,57,78,358,270,69,5,14,6,0,7,229,216,65
71177,71,22,92,78,19,7,2,0,0,8,59,76,18
59177,59,18,124,72,21,0,5,1,2,5,92,61,25
52177,52,21,113,59,17,12,12,11,4,6,42,72,12
54177,54,1,23,19,6,3,0,0,23,0,16,15,7
55177,55,3,3,3,0,0,1,2,0,2,0,9,3
50177,50,12,41,43,13,0,5,0,0,0,10,43,16
31177,31,2,7,16,1,0,0,0,6,0,23,15,8
24177,24,19,74,73,27,4,5,0,0,5,58,59,26
77177,77,35,114,121,32,5,9,4,0,10,89,96,28
89177,89,6,12,7,0,0,3,0,0,4,0,11,0
65177,65,0,13,23,3,5,2,0,0,0,12,15,10
33177,33,48,186,300,88,10,18,6,11,17,235,176,97
28177,28,19,74,61,18,6,5,0,0,4,37,64,14
01177,01,9,19,25,10,0,2,0,0,1,5,20,5
67177,67,27,78,71,17,0,1,3,11,1,55,66,14
39177,39,28,108,104,26,11,15,3,0,4,64,83,23
04177,04,0,11,7,5,0,0,0,0,3,0,1,6
63177,63,8,36,61,10,7,4,5,0,4,39,28,13
10177,10,6,20,19,0,6,0,4,0,4,0,18,5
11177,11,4,5,7,2,0,2,1,0,0,0,6,0
88177,88,21,72,60,20,8,1,3,0,1,35,55,12
38177,38,5,15,13,7,0,5,4,0,1,10,15,6
35177,35,100,317,684,196,14,25,11,21,18,397,443,199
53177,53,2,23,30,4,0,0,0,8,4,17,34,7
45177,45,7,17,22,2,3,0,0,0,4,12,19,4
16177,16,0,12,10,7,5,2,0,16,2,7,6,0
32177,32,0,17,14,7,0,5,0,0,1,13,14,11
68177,68,53,223,158,38,8,11,6,18,17,122,192,46
17177,17,4,5,15,5,0,5,4,0,1,4,5,4
41177,41,9,23,27,7,0,2,0,8,2,13,22,2
85177,85,39,99,152,37,0,15,0,17,10,88,149,37
46177,46,8,42,81,22,0,1,3,0,6,64,42,24
09177,09,1,35,24,10,0,1,0,26,0,37,15,7
72177,72,8,38,25,4,1,3,0,7,4,23,43,5
26177,26,15,81,70,14,0,7,4,13,4,64,58,14
40177,40,9,30,38,14,0,0,2,9,2,34,26,17
74177,74,27,68,92,17,0,4,2,20,6,59,95,17
79177,79,4,10,17,4,2,1,2,0,5,15,20,4
47177,47,0,17,19,1,0,0,0,14,0,15,17,10
30177,30,17,99,72,16,0,1,6,7,6,67,61,11
81177,81,13,52,44,12,0,3,0,1,7,50,31,8
58177,58,10,41,27,6,2,0,2,0,0,26,30,10
73177,73,12,28,35,5,0,0,3,0,0,21,30,7
03177,03,8,40,36,12,0,0,1,6,4,26,30,4
34177,34,5,51,34,16,0,2,0,0,7,34,39,13
86177,86,113,458,586,175,12,43,11,76,19,485,411,158
2B177,2B,1,13,12,6,0,2,0,1,0,7,19,3
37177,37,19,68,92,20,0,0,1,10,0,71,81,23
12177,12,34,80,132,32,8,0,1,10,9,99,123,28
18177,18,0,1,1,0,2,4,4,0,0,2,10,3
07177,07,19,97,86,20,0,1,0,0,7,96,74,29
29177,29,77,275,554,195,24,18,10,16,14,358,336,180
56177,56,193,694,1072,290,37,38,27,16,43,602,819,278
22177,22,24,99,174,52,10,10,4,1,0,111,104,54
42177,42,68,286,284,76,7,13,4,16,10,243,230,67
19177,19,0,10,22,3,4,6,4,12,6,17,10,1
36177,36,10,38,30,7,0,2,5,0,6,30,23,6
23177,23,25,115,134,47,2,7,0,21,4,120,112,39
43177,43,103,417,403,94,19,26,3,18,19,327,332,90
66177,66,21,219,121,38,8,8,0,10,3,142,121,33
48177,48,5,27,38,6,1,3,5,11,0,36,43,10
87177,87,33,154,251,69,8,19,6,1,0,197,145,65
82177,82,8,20,15,5,0,3,0,2,3,14,8,3
69177,69,44,160,236,70,7,3,6,14,10,158,226,67
05177,05,15,72,71,19,4,7,3,16,1,80,65,21
62178,62,480,3408,1872,564,90,130,33,66,92,1772,1421,526
64178,64,9,31,60,18,1,8,0,10,0,48,46,13
02178,02,0,27,7,8,0,0,4,2,0,8,5,0
76178,76,95,504,423,129,19,22,10,27,22,401,349,106
51178,51,6,6,10,3,2,0,2,0,0,0,15,1
39178,39,8,8,9,4,2,6,0,0,5,0,9,0
25178,25,2,12,19,8,5,0,2,0,0,7,13,3
60178,60,78,494,306,80,14,22,7,0,12,240,254,71
57178,57,12,53,37,11,2,0,2,0,0,24,32,13
71178,71,23,125,109,24,0,2,0,0,9,91,86,32
59178,59,786,4711,3335,936,143,164,76,187,136,3457,2835,972
52178,52,11,47,29,14,10,0,2,6,5,20,22,7
54178,54,0,18,20,0,3,4,0,0,2,13,9,2
55178,55,10,22,20,4,0,0,2,0,0,14,13,7
31178,31,9,19,26,11,0,0,0,0,5,25,23,4
77178,77,15,59,55,19,0,0,0,0,1,38,39,13
50178,50,34,144,164,45,7,8,0,1,4,124,151,43
08178,08,7,31,20,8,0,5,0,0,0,6,15,9
65178,65,0,6,8,0,0,2,0,0,5,0,5,0
33178,33,11,30,44,19,5,8,3,0,0,29,34,19
28178,28,14,36,28,9,0,0,0,0,2,31,38,4
17178,17,7,12,5,0,0,0,0,0,3,6,12,0
67178,67,9,39,29,11,6,0,0,8,0,20,31,9
63178,63,271,1126,1736,467,38,85,35,82,45,1358,1044,441
10178,10,4,40,25,6,0,0,0,1,0,20,36,10
70178,70,12,93,51,17,5,0,0,6,5,39,48,11
61178,61,6,3,6,0,5,4,3,0,0,0,8,1
73178,73,18,61,65,17,3,5,0,0,0,40,58,15
18178,18,10,32,24,4,0,1,0,0,2,27,18,3
11178,11,23,151,109,40,0,1,0,1,7,118,85,37
45178,45,46,150,166,42,8,6,1,0,11,96,134,40
16178,16,5,16,28,5,0,0,3,0,0,16,20,8
32178,32,0,2,13,3,5,0,0,0,5,0,9,0
68178,68,42,145,91,32,6,7,5,0,8,66,114,17
41178,41,3,12,6,0,4,3,0,0,0,3,6,7
85178,85,215,693,1009,205,28,56,13,102,15,579,958,180
88178,88,57,293,187,52,6,8,3,16,8,176,189,54
49178,49,18,76,104,31,5,3,1,13,5,71,95,33
46178,46,5,22,35,7,0,0,0,0,4,34,23,15
72178,72,0,13,17,0,4,6,1,11,0,9,23,5
09178,09,0,6,4,0,0,0,2,0,0,6,0,5
40178,40,12,60,83,24,1,7,4,20,2,59,63,26
26178,26,7,63,61,18,3,2,0,3,3,43,46,17
74178,74,20,62,84,23,1,0,4,0,2,51,79,13
47178,47,15,56,45,12,3,3,0,0,3,24,42,10
03178,03,9,27,37,13,5,7,0,0,6,0,31,12
30178,30,32,223,138,36,0,5,0,4,6,160,122,33
81178,81,13,43,31,14,0,2,0,3,0,41,30,8
58178,58,6,14,23,9,5,3,5,0,0,0,20,6
34178,34,50,346,267,83,9,11,2,39,8,291,249,80
35178,35,38,94,228,57,0,3,3,15,0,138,143,69
86178,86,58,228,301,77,15,16,5,22,6,249,228,89
2B178,2B,7,28,22,7,0,0,1,0,1,0,17,9
37178,37,11,50,63,21,4,0,0,21,7,59,54,13
12178,12,13,33,46,7,5,6,0,7,0,44,47,7
53178,53,11,23,30,1,0,1,0,0,0,14,34,6
29178,29,143,477,982,384,25,51,20,46,26,637,621,381
22178,22,29,95,176,55,3,10,3,0,5,122,101,52
07178,07,8,68,58,15,1,1,3,6,1,60,45,13
56178,56,293,1025,1666,431,54,81,25,122,38,1051,1243,450
42178,42,28,92,103,30,1,4,5,0,8,60,80,26
19178,19,21,75,131,30,3,6,4,5,2,105,72,34
23178,23,2,20,20,2,0,0,0,11,4,17,23,4
36178,36,4,42,25,6,1,4,1,5,4,25,28,9
15178,15,0,12,16,0,1,0,0,3,5,9,22,7
43178,43,14,30,29,13,0,0,0,0,4,24,30,8
04178,04,38,186,143,30,0,10,0,31,4,158,126,37
66178,66,36,352,218,56,8,18,0,0,8,231,204,63
44178,44,60,181,374,103,9,15,0,4,9,276,265,109
87178,87,49,238,351,98,11,19,4,8,11,299,217,103
48178,48,4,29,27,5,1,7,0,5,2,33,31,13
82178,82,18,106,70,22,5,8,0,0,6,61,66,26
69178,69,14,63,93,25,1,0,0,16,3,68,75,19
21178,21,6,42,33,9,0,3,5,9,4,25,33,5
05178,05,16,61,54,15,4,3,0,8,7,65,48,11
69179,69,81,298,494,137,7,3,5,18,26,344,445,146
62179,62,5,63,36,6,5,4,0,0,5,27,28,5
64179,64,0,12,28,2,0,5,3,0,2,20,17,9
80179,80,2,37,28,0,4,1,5,0,0,23,19,2
02179,02,8,59,33,8,3,1,0,0,5,29,26,11
76179,76,26,162,135,35,7,12,2,0,3,142,113,33
21179,21,31,116,110,34,5,2,3,0,9,56,111,29
14179,14,4,15,14,2,1,6,0,12,5,10,10,6
70179,70,6,29,19,10,1,0,0,0,1,19,14,2
51179,51,3,21,19,2,0,4,0,0,0,9,20,7
27179,27,14,99,67,20,1,9,6,0,1,52,57,18
39179,39,10,31,24,6,4,0,0,3,5,31,24,7
60179,60,0,19,9,5,0,1,0,17,0,7,8,3
57179,57,52,266,177,52,7,1,3,32,14,159,160,42
71179,71,2,13,8,1,0,3,3,0,0,2,10,0
59179,59,210,1211,866,257,33,32,23,46,37,934,716,238
52179,52,1,0,8,0,1,0,1,0,5,0,0,0
54179,54,9,43,32,6,0,0,0,0,3,26,25,14
55179,55,1,25,24,0,0,4,0,0,6,12,22,5
89179,89,6,49,27,11,1,0,1,1,6,31,26,2
88179,88,3,3,5,1,5,0,0,0,0,5,0,4
08179,08,13,101,58,12,0,6,6,0,7,34,53,13
65179,65,0,0,0,0,3,2,2,3,0,10,0,2
22179,22,38,136,253,72,4,8,5,11,1,190,173,69
77179,77,14,65,77,20,0,0,6,2,8,60,59,14
33179,33,54,256,375,106,5,22,3,23,1,310,217,98
38179,38,142,617,699,181,22,32,17,17,29,507,480,175
01179,01,56,240,218,51,7,13,6,0,14,127,217,42
67179,67,20,97,79,20,3,9,0,0,9,34,88,23
10179,10,12,67,36,10,1,7,4,0,0,30,56,8
63179,63,18,102,148,44,8,5,5,0,4,113,92,35
24179,24,14,87,95,20,8,10,0,7,1,92,69,19
73179,73,312,1239,1249,327,29,73,26,44,62,1023,1200,307
11179,11,4,9,5,2,1,1,4,0,2,13,8,4
45179,45,73,347,318,80,2,16,5,52,17,217,311,76
68179,68,32,128,93,22,1,3,0,36,2,66,113,24
91179,91,158,305,517,132,5,26,8,0,21,397,355,140
25179,25,0,0,9,7,5,1,0,0,0,0,8,4
31179,31,10,29,50,11,3,6,5,0,7,29,36,21
41179,41,11,33,27,4,2,0,0,0,0,13,21,1
17179,17,42,185,195,50,5,14,4,17,8,155,175,47
46179,46,6,17,20,10,0,0,2,0,5,4,19,7
72179,72,31,185,174,38,2,12,2,14,8,154,238,42
09179,09,4,4,6,7,0,2,0,0,0,10,0,3
26179,26,59,284,256,71,15,15,2,62,0,236,225,76
35179,35,80,249,552,160,13,15,14,44,6,339,354,168
79179,79,112,410,612,156,22,37,9,38,19,451,419,176
47179,47,39,191,171,47,5,9,6,42,0,158,147,47
03179,03,13,40,38,12,2,7,0,0,5,14,38,8
30179,30,59,429,269,76,12,20,4,1,23,320,247,76
81179,81,3,34,26,11,0,2,0,15,0,32,20,8
58179,58,3,37,28,6,0,6,3,17,1,21,22,7
34179,34,36,246,193,57,5,14,6,0,14,199,176,59
40179,40,34,170,232,90,7,3,4,44,11,181,160,69
74179,74,24,78,104,26,5,6,0,0,10,51,109,28
2B179,2B,5,13,13,0,2,0,0,0,1,0,7,0
37179,37,61,243,324,90,10,16,0,17,7,260,279,97
12179,12,5,10,13,2,0,0,0,3,4,7,17,1
18179,18,25,101,98,29,1,1,3,31,0,79,81,27
53179,53,12,27,34,13,0,0,0,0,3,15,45,10
29179,29,61,222,460,192,14,38,0,23,10,293,296,185
85179,85,30,86,125,27,6,8,0,1,0,83,135,25
56179,56,84,324,511,126,15,17,8,23,17,298,353,132
07179,07,5,18,25,1,1,1,0,10,1,19,12,9
42179,42,22,112,108,19,5,8,3,5,1,85,73,23
19179,19,9,15,29,4,0,7,0,3,0,30,24,7
23179,23,3,34,31,9,6,7,1,0,1,26,22,16
36179,36,3,21,15,9,4,4,1,0,0,18,18,9
15179,15,8,20,32,3,3,5,0,11,5,21,26,11
04179,04,0,12,11,8,1,2,4,0,4,10,12,6
66179,66,16,147,92,27,8,6,0,0,4,90,78,20
44179,44,127,324,678,187,17,38,1,24,23,511,464,206
48179,48,0,17,13,3,4,6,1,0,2,8,15,4
87179,87,7,16,23,6,5,5,4,6,3,19,11,11
82179,82,51,268,209,58,8,20,0,41,7,215,177,60
05179,05,76,298,308,75,7,11,3,47,13,310,293,81
62180,62,5,59,34,3,0,2,0,0,2,20,27,7
64180,64,5,16,22,12,0,0,0,12,0,18,13,8
80180,80,5,9,12,4,6,4,2,0,5,0,7,0
02180,02,19,108,58,17,8,0,0,14,0,52,51,17
76180,76,0,13,10,1,5,4,0,3,6,13,13,7
21180,21,2,18,11,1,0,2,3,0,2,12,14,1
14180,14,8,18,21,7,6,0,3,0,5,0,13,1
91180,91,12,30,50,10,2,6,0,0,0,29,33,10
27180,27,61,309,194,58,7,11,0,3,5,152,191,56
70180,70,11,71,41,13,3,5,3,0,5,38,43,12
39180,39,7,33,25,12,0,0,0,15,0,24,30,4
60180,60,12,64,44,5,0,6,0,6,5,40,43,9
25180,25,5,23,17,0,0,6,0,0,5,7,14,4
57180,57,5,48,32,11,6,0,0,0,3,19,32,14
54180,54,0,12,4,2,2,0,0,0,5,5,11,0
55180,55,0,19,19,5,6,3,3,0,0,4,14,8
31180,31,0,9,19,7,0,5,0,0,0,10,9,5
24180,24,1,22,35,10,0,5,0,0,0,33,27,5
89180,89,18,69,44,14,6,8,2,0,0,11,51,11
88180,88,5,19,16,3,0,0,0,7,0,12,7,0
61180,61,6,2,11,8,0,3,2,0,5,0,14,1
65180,65,5,0,1,0,0,0,0,0,5,0,0,0
77180,77,35,117,126,29,2,7,0,0,11,87,89,34
33180,33,9,17,26,11,0,6,2,0,5,18,26,6
28180,28,19,64,58,11,0,6,1,0,0,33,57,10
38180,38,26,126,139,31,2,1,0,0,5,105,95,40
17180,17,7,10,16,0,0,0,4,0,0,0,15,5
01180,01,23,86,62,17,3,3,5,0,0,34,73,20
67180,67,1001,3693,3361,816,104,127,44,279,153,2197,3326,807
10180,10,7,10,13,0,4,1,0,3,0,3,6,0
63180,63,24,91,127,35,9,4,0,35,6,104,80,32
08180,08,43,247,150,35,11,6,3,7,11,128,135,43
11180,11,4,15,13,0,0,0,0,0,0,0,8,6
32180,32,12,49,57,20,2,1,0,9,3,52,39,17
45180,45,5,10,12,8,0,0,0,0,0,6,16,7
16180,16,10,16,25,10,0,4,0,0,0,18,19,3
59180,59,35,194,144,43,11,9,4,15,10,151,122,34
68180,68,31,139,100,21,6,1,3,16,2,68,104,26
05180,05,11,52,55,13,4,6,5,10,2,57,45,10
49180,49,178,559,864,216,28,46,21,40,26,531,762,210
46180,46,11,40,73,19,0,5,3,23,2,59,42,20
72180,72,92,449,431,110,12,24,7,38,20,363,611,104
09180,09,0,12,15,10,0,6,0,0,5,0,12,6
40180,40,21,103,130,42,7,7,0,52,0,109,92,49
74180,74,50,165,210,56,12,7,0,13,11,128,227,53
35180,35,17,49,104,32,8,6,2,0,0,65,58,37
47180,47,15,71,71,19,3,5,0,12,6,53,60,20
79180,79,12,24,42,12,6,5,5,0,1,0,32,9
03180,03,16,61,78,19,0,4,0,15,0,57,59,13
30180,30,11,82,49,19,3,1,0,0,7,56,42,9
81180,81,2,35,32,11,3,0,1,0,4,17,29,6
58180,58,16,66,59,13,4,1,0,0,3,43,37,20
73180,73,8,56,57,18,0,2,4,0,5,21,51,17
26180,26,4,28,22,8,0,4,0,0,0,14,20,4
86180,86,65,278,370,99,13,25,7,20,13,294,272,104
2B180,2B,6,17,17,0,2,0,1,10,0,4,10,0
34180,34,22,187,136,44,8,3,2,16,10,160,124,41
37180,37,13,60,87,29,6,3,6,4,0,59,82,22
12180,12,3,11,15,5,0,0,3,0,3,8,19,0
18180,18,55,240,204,52,10,11,12,46,11,178,180,49
29180,29,18,59,114,52,8,6,0,0,0,76,81,48
22180,22,29,137,249,68,15,18,4,4,8,148,162,76
53180,53,13,57,81,19,6,4,5,20,3,47,84,15
41180,41,35,164,151,34,1,9,6,0,10,108,151,44
56180,56,11,54,92,17,0,1,3,10,6,52,62,26
42180,42,20,110,99,32,5,5,0,0,6,83,90,32
23180,23,7,51,54,22,0,3,0,0,5,46,40,14
69180,69,10,20,37,7,1,0,1,0,4,18,31,4
19180,19,18,61,106,25,4,1,2,2,6,81,60,25
36180,36,21,89,78,22,8,8,3,2,2,64,73,28
15180,15,0,5,16,5,0,4,5,0,0,0,14,0
43180,43,9,11,20,8,0,0,0,1,0,9,19,2
04180,04,7,7,4,2,0,5,0,0,1,10,7,2
66180,66,183,1567,967,270,32,55,1,144,44,1112,897,286
87180,87,10,47,69,20,0,3,1,20,0,55,37,24
82180,82,11,68,64,12,2,0,2,15,7,51,51,17
44180,44,130,396,842,230,18,28,16,106,19,660,577,224
62181,62,34,212,116,35,5,11,0,0,7,114,95,32
64181,64,0,16,34,13,5,4,0,24,1,30,20,7
80181,80,6,14,5,5,0,0,0,4,2,5,7,0
02181,02,0,18,5,6,0,0,0,0,0,6,9,1
21181,21,0,14,15,5,0,0,5,9,0,10,7,0
76181,76,0,20,21,6,1,0,1,0,4,12,19,0
14181,14,117,470,566,169,21,30,13,19,21,386,478,157
51181,51,14,51,40,13,5,4,0,0,6,7,35,7
95181,95,3,19,29,7,0,2,0,19,3,33,22,7
70181,70,3,25,7,5,0,0,0,0,6,0,11,6
27181,27,13,94,55,19,4,0,2,1,0,59,53,14
60181,60,30,149,96,22,1,7,2,0,1,71,75,15
25181,25,1,20,16,2,0,0,1,7,5,16,11,0
57181,57,5,12,7,0,3,0,2,1,0,14,12,0
71181,71,2,14,15,6,6,0,5,0,4,10,13,2
59181,59,10,85,53,13,7,0,0,0,6,53,41,21
52181,52,0,18,3,4,2,2,0,0,0,4,11,0
54181,54,16,84,64,22,5,1,2,0,2,60,51,23
55181,55,108,525,313,79,8,14,6,22,17,225,300,75
77181,77,76,283,268,68,9,11,0,38,10,266,211,71
50181,50,7,31,40,7,3,6,0,0,2,21,41,13
89181,89,4,22,8,4,0,6,2,0,4,5,15,0
88181,88,92,395,262,68,17,20,9,6,15,213,241,67
65181,65,9,22,31,7,0,0,4,0,6,16,8,2
61181,61,41,169,152,33,3,12,0,7,1,99,160,42
33181,33,7,20,37,12,2,5,0,4,0,27,26,7
38181,38,65,263,312,87,12,12,2,0,16,244,201,75
17181,17,7,23,37,6,0,7,4,0,4,9,30,11
01181,01,32,137,119,29,1,4,4,7,8,98,117,32
67181,67,7,37,38,14,4,7,1,6,7,19,31,4
63181,63,7,41,60,21,1,1,6,17,0,47,40,19
10181,10,9,46,30,4,0,6,0,0,1,20,33,3
11181,11,10,66,47,20,0,1,0,0,5,31,29,18
32181,32,2,23,35,8,1,0,0,20,6,24,20,13
31181,31,47,155,269,79,0,14,10,0,13,217,163,91
72181,72,2489,11945,11472,3017,412,692,122,709,347,9529,16290,3088
09181,09,17,132,107,49,2,12,0,16,4,139,79,48
35181,35,23,121,228,73,8,7,1,0,5,155,162,62
16181,16,8,55,60,15,4,0,6,2,0,48,43,15
68181,68,5,33,20,5,4,6,4,0,3,16,30,9
46181,46,5,2,11,5,0,0,2,0,2,4,10,8
45181,45,5,4,5,7,2,3,2,0,0,0,9,4
40181,40,27,96,122,49,6,4,5,0,8,94,78,50
47181,47,12,37,33,9,2,0,1,0,0,18,31,3
03181,03,14,40,46,14,0,3,0,0,0,22,32,6
30181,30,8,43,34,9,0,3,2,0,6,30,29,8
81181,81,9,17,20,6,0,0,0,0,2,16,12,8
58181,58,5,16,13,4,3,0,3,0,0,8,16,1
73181,73,58,250,282,72,2,16,7,13,14,207,238,61
26181,26,5,35,27,10,3,5,3,0,0,20,22,3
34181,34,14,120,105,24,5,10,0,27,2,109,79,26
86181,86,5,19,30,6,2,7,0,1,0,27,20,6
2A181,2A,5,83,47,9,1,5,0,34,0,43,68,13
37181,37,12,26,26,12,2,6,3,0,4,1,26,11
12181,12,3,25,35,12,0,6,0,0,0,12,28,10
18181,18,10,56,59,12,0,1,4,4,7,58,51,18
29181,29,42,157,342,141,7,25,7,37,11,237,210,127
22181,22,15,56,95,28,3,6,0,8,5,71,68,32
53181,53,19,63,97,22,8,2,4,0,5,36,93,17
56181,56,80,258,408,119,23,21,3,0,6,201,315,108
85181,85,15,57,64,16,4,1,0,14,1,34,64,19
41181,41,19,94,91,19,8,6,0,10,1,58,92,22
07181,07,55,249,239,62,10,20,3,31,17,242,195,63
42181,42,37,161,159,44,6,6,6,0,7,103,129,34
23181,23,5,24,19,6,5,0,1,0,1,16,17,3
69181,69,7,14,19,3,4,4,0,13,1,15,18,2
36181,36,5,22,13,1,2,0,0,10,0,13,21,0
19181,19,13,38,56,9,1,7,0,23,1,50,39,10
15181,15,20,59,99,19,2,3,0,0,0,54,87,12
43181,43,28,89,87,24,6,9,4,1,8,81,71,15
04181,04,0,6,11,0,2,5,2,0,4,0,11,0
48181,48,5,4,9,2,0,0,4,0,3,0,16,8
87181,87,23,78,111,35,5,4,0,0,0,77,54,34
66181,66,7,13,15,0,0,6,0,0,4,0,14,4
82181,82,9,25,15,3,3,0,4,2,3,16,21,6
05181,05,7,42,34,11,0,0,0,2,0,41,34,10
62182,62,4,37,22,6,6,6,5,0,3,18,17,7
64182,64,0,1,7,0,2,1,0,19,0,7,2,2
80182,80,73,432,312,70,17,16,3,12,13,220,235,63
02182,02,2,30,10,2,0,6,0,0,6,1,8,6
76182,76,4,35,30,11,4,1,5,0,3,21,21,7
21182,21,0,6,6,0,3,2,0,13,3,7,7,0
14182,14,5,38,41,9,0,0,5,19,0,40,33,8
51182,51,2,18,8,6,0,0,1,0,0,8,8,0
70182,70,2,22,8,6,0,0,4,1,0,8,16,0
27182,27,3,32,18,5,2,5,0,0,0,18,12,8
39182,39,13,76,69,18,0,7,3,0,3,49,53,18
25182,25,3,4,13,2,4,0,0,0,0,0,15,8
57182,57,5,10,6,0,0,4,0,0,2,13,9,8
71182,71,47,165,146,39,2,6,3,16,8,111,128,38
59182,59,4,42,21,8,0,1,0,0,0,34,19,8
52182,52,68,370,191,40,9,19,1,24,13,154,213,40
54182,54,12,48,31,12,1,7,1,3,0,32,21,6
55182,55,10,28,16,8,0,2,3,0,0,19,12,3
31182,31,90,387,627,189,6,28,15,30,26,525,389,192
89182,89,1,27,22,6,2,1,2,0,0,9,13,8
88182,88,8,29,19,2,0,0,5,10,0,22,15,4
65182,65,0,18,20,8,1,1,4,0,0,11,15,1
61182,61,7,48,45,6,6,0,0,7,3,26,41,14
33182,33,13,61,104,33,1,7,0,3,4,84,66,29
28182,28,6,36,35,7,0,3,5,0,0,14,37,12
67182,67,59,212,194,36,3,15,6,13,0,116,178,49
63182,63,10,51,82,16,6,0,0,10,7,67,48,19
10182,10,9,13,20,5,4,0,3,0,0,0,19,2
77182,77,93,315,340,78,9,10,5,35,29,283,247,95
50182,50,9,34,42,7,0,5,3,0,1,13,36,11
17182,17,18,61,62,22,1,3,5,0,0,44,61,11
11182,11,5,29,14,10,1,5,0,0,5,6,10,8
32182,32,7,21,18,8,0,2,0,0,3,23,18,12
60182,60,0,21,19,1,0,0,0,6,1,21,14,5
24182,24,34,147,157,41,10,8,0,26,1,162,126,47
08182,08,5,13,5,1,1,0,0,0,5,0,0,1
38182,38,55,254,285,79,0,11,0,37,15,239,203,80
16182,16,5,42,42,13,0,4,0,0,4,41,24,13
68182,68,20,97,81,15,0,4,0,10,10,54,81,12
45182,45,38,157,158,37,2,7,0,46,6,103,139,39
49182,49,18,66,102,29,0,5,0,9,8,70,94,25
46182,46,35,127,204,56,8,18,7,4,12,173,131,60
72182,72,29,148,140,37,1,12,2,13,3,129,225,42
09182,09,15,81,78,28,1,3,0,2,8,109,51,35
26182,26,32,181,163,46,4,16,6,6,9,154,142,45
47182,47,2,33,19,7,5,0,4,0,0,10,25,11
03182,03,6,22,29,3,2,0,1,15,0,20,19,5
30182,30,26,168,102,23,4,1,5,24,7,117,104,33
81182,81,41,226,222,56,6,12,0,45,1,197,184,61
58182,58,40,185,158,49,10,10,0,6,4,130,130,43
73182,73,64,255,276,59,0,10,5,29,13,225,242,64
40182,40,19,80,116,38,0,11,0,43,8,93,84,37
34182,34,35,243,192,54,0,13,3,27,11,188,178,62
2B182,2B,7,40,29,2,0,3,0,9,3,20,46,7
86182,86,15,35,54,19,5,8,0,0,7,4,39,19
37182,37,27,108,148,39,2,10,0,22,6,114,128,33
12182,12,6,17,38,11,0,0,0,9,0,25,23,8
29182,29,18,69,151,56,0,12,0,32,2,98,86,58
22182,22,65,245,406,129,10,25,6,13,16,269,254,125
18182,18,6,19,23,4,5,0,3,0,4,10,19,7
53182,53,44,113,198,49,5,11,4,0,1,90,208,49
85182,85,162,503,725,136,26,32,11,57,14,415,697,141
07182,07,33,141,141,42,7,12,3,0,4,145,105,36
41182,41,14,33,26,9,0,1,0,14,0,18,27,12
56182,56,22,94,149,33,2,8,2,0,1,89,97,40
42182,42,102,389,376,89,9,15,1,33,18,316,299,90
19182,19,24,76,110,28,2,0,1,14,10,87,64,30
23182,23,1,14,15,11,0,4,0,0,6,18,14,10
36182,36,17,58,59,16,8,5,0,0,0,55,55,13
69182,69,7,26,51,16,4,4,5,0,4,35,49,9
15182,15,6,17,20,1,0,0,3,3,0,7,12,0
43182,43,4,0,13,6,3,0,3,0,4,0,8,0
04182,04,0,20,18,10,0,0,0,0,5,14,22,7
44182,44,126,380,805,224,12,33,1,28,27,567,542,240
48182,48,0,1,3,4,1,0,0,5,0,5,11,5
87182,87,31,116,177,54,2,13,4,0,6,133,97,57
66182,66,86,770,480,130,11,22,4,31,27,537,423,132
82182,82,3,36,35,11,3,3,1,11,0,24,26,14
05182,05,0,2,2,0,0,0,4,12,0,4,5,2
62183,62,22,129,63,18,0,0,0,25,4,74,48,20
64183,64,13,39,81,22,3,4,3,16,0,51,55,26
80183,80,10,51,36,10,0,3,1,0,0,19,18,5
02183,02,4,40,26,7,1,0,0,0,2,7,22,6
76183,76,17,94,78,22,0,5,1,0,8,87,69,23
21183,21,16,106,99,20,9,3,5,0,5,68,94,27
14183,14,1,12,14,2,0,0,0,0,0,7,14,6
51183,51,27,145,108,28,7,7,1,16,7,79,122,28
95183,95,123,471,702,179,21,35,6,19,43,636,526,206
70183,70,6,14,10,6,0,0,0,0,2,0,3,0
60183,60,8,44,25,4,0,0,4,3,0,21,25,6
39183,39,19,75,69,12,7,5,0,0,7,52,53,11
25183,25,0,10,10,0,0,3,5,0,0,5,13,0
57183,57,8,33,24,2,4,0,5,0,0,4,17,8
71183,71,8,23,15,8,3,0,0,0,6,0,21,8
59183,59,1798,10762,7716,2239,310,370,118,458,344,7807,6440,2211
52183,52,0,8,7,0,0,0,0,1,0,5,0,3
54183,54,6,6,10,0,0,5,4,0,0,1,11,0
55183,55,6,7,2,0,0,0,4,0,0,0,6,3
50183,50,16,41,51,15,0,0,0,0,5,16,46,11
31183,31,11,22,39,16,0,2,5,0,0,38,20,17
24183,24,8,32,33,14,0,0,0,0,0,26,26,6
88183,88,19,52,32,12,2,0,3,9,3,29,34,7
89183,89,0,14,6,3,0,0,5,0,1,1,13,0
08183,08,26,155,87,27,2,9,0,0,1,66,85,25
65183,65,16,57,84,23,5,4,3,0,7,64,45,19
33183,33,23,95,153,49,0,12,0,10,2,114,96,39
28183,28,17,68,69,11,0,0,0,12,1,48,66,20
38183,38,9,46,58,11,6,7,5,0,7,26,42,15
17183,17,25,113,111,29,2,3,2,4,3,102,110,25
01183,01,37,187,154,43,7,3,2,5,10,121,151,41
61183,61,7,13,10,6,5,0,5,0,4,0,24,2
67183,67,27,114,113,19,0,6,1,27,10,62,100,23
10183,10,4,2,2,2,0,4,0,0,0,0,5,0
27183,27,53,297,187,42,13,9,2,49,12,161,186,42
77183,77,218,857,839,206,25,46,20,26,41,747,614,203
42183,42,157,643,624,157,6,46,12,48,30,470,469,168
63183,63,1,3,11,0,1,0,4,7,3,7,2,8
11183,11,6,40,29,8,5,2,0,2,2,39,26,6
32183,32,5,30,40,17,0,0,5,0,3,25,32,7
03183,03,12,31,31,4,0,7,0,9,1,29,29,8
18183,18,1,18,14,7,0,4,2,0,6,0,17,7
86183,86,42,135,179,58,9,10,0,41,5,162,130,50
68183,68,2,23,21,3,5,2,0,0,3,8,12,4
45183,45,3,14,14,5,0,3,5,0,0,0,14,0
16183,16,0,19,24,3,2,0,5,0,0,10,10,10
46183,46,5,27,38,5,5,5,4,7,4,29,19,6
72183,72,23,101,100,31,0,11,0,5,3,93,156,33
09183,09,6,7,9,7,0,1,0,0,1,11,9,3
74183,74,70,249,314,63,3,18,1,0,20,175,324,65
40183,40,27,84,126,36,7,9,3,15,4,100,90,40
26183,26,30,115,110,30,6,7,0,0,5,88,97,31
35183,35,17,58,111,31,1,9,6,11,7,70,76,31
81183,81,2,25,26,12,3,0,0,12,0,16,13,7
47183,47,6,26,14,6,3,0,2,0,6,1,17,10
79183,79,10,28,34,11,0,0,0,15,0,29,25,10
30183,30,16,80,54,16,2,5,5,0,0,42,53,14
58183,58,0,9,15,8,0,4,3,0,0,0,6,4
73183,73,27,132,127,39,0,8,0,15,8,107,119,39
34183,34,77,490,399,119,5,24,4,11,27,430,342,126
2B183,2B,5,14,11,4,0,0,3,0,0,0,21,7
37183,37,42,129,159,41,0,5,3,15,0,128,152,47
12183,12,4,27,43,10,0,0,3,0,1,32,32,4
29183,29,11,51,108,35,7,3,2,0,6,56,65,39
22183,22,67,255,451,148,10,24,7,39,16,312,268,144
07183,07,9,56,46,17,5,0,4,5,1,53,41,14
23183,23,2,9,11,0,3,0,5,0,0,1,13,5
69183,69,1,27,32,6,4,0,4,0,0,27,37,11
15183,15,5,15,14,3,0,1,0,9,0,12,12,1
04183,04,7,17,22,6,5,5,1,0,1,11,12,5
66183,66,0,8,8,0,1,0,0,7,0,12,13,0
44183,44,58,196,403,110,7,18,1,0,10,272,261,111
87183,87,15,70,125,29,0,4,0,31,0,101,60,28
43183,43,8,2,19,7,0,0,0,0,5,0,15,8
82183,82,4,29,29,4,0,0,1,16,9,13,23,0
49183,49,118,375,602,139,19,26,7,11,16,370,519,150
05183,05,45,155,155,46,2,8,4,0,3,147,143,45
62184,62,10,38,26,9,6,0,3,0,4,14,24,3
80184,80,11,71,51,14,3,2,1,15,0,41,44,7
64184,64,8,41,82,20,5,9,0,18,6,57,56,22
02184,02,10,48,32,9,2,7,1,0,0,27,20,2
76184,76,6,14,19,9,5,3,5,0,2,11,7,2
21184,21,4,0,12,5,4,0,0,0,0,0,10,4
14184,14,1,27,21,7,0,0,0,6,1,19,24,8
51184,51,19,65,49,14,6,4,0,0,0,21,43,8
91184,91,13,27,31,13,5,5,3,0,0,22,24,11
70184,70,19,126,66,14,6,5,6,1,5,57,65,23
27184,27,4,23,8,9,4,3,1,0,1,1,18,1
60184,60,8,32,26,2,0,0,0,9,1,20,17,6
39184,39,10,21,20,7,0,0,5,0,6,9,23,4
25184,25,6,34,31,3,1,0,0,1,5,19,25,8
71184,71,22,64,56,22,6,0,0,0,2,45,61,19
59184,59,20,96,63,15,2,2,6,0,5,62,57,23
52184,52,0,14,4,3,3,0,0,2,0,8,5,0
54184,54,192,969,852,214,38,49,15,39,34,721,598,230
55184,55,59,266,155,41,7,8,6,20,12,107,162,38
77184,77,25,70,78,24,0,0,0,12,3,63,65,18
50184,50,37,149,193,56,3,15,4,15,4,129,176,50
24184,24,4,10,10,0,5,0,0,8,0,16,17,5
31184,31,29,133,215,59,4,4,5,5,3,192,119,72
88184,88,14,63,54,8,0,0,4,3,7,40,39,15
08184,08,2,16,5,3,0,5,2,0,0,0,3,5
89184,89,0,20,7,1,4,5,1,4,6,12,7,1
65184,65,4,12,31,10,5,0,3,0,0,19,19,2
28184,28,11,36,29,7,0,0,0,6,0,20,36,9
38184,38,29,139,158,33,0,9,3,9,2,126,99,43
33184,33,12,65,88,18,0,2,4,0,3,65,55,28
67184,67,51,226,196,49,12,14,7,0,9,97,196,50
01184,01,21,99,89,24,0,0,0,0,2,53,83,17
10184,10,7,17,10,6,4,0,0,0,2,1,20,4
17184,17,9,54,53,15,5,6,0,9,0,41,44,12
79184,79,40,140,187,57,3,9,6,4,7,123,141,54
63184,63,3,32,41,14,0,0,0,31,0,31,26,7
11184,11,7,10,15,1,1,3,0,0,5,3,6,0
32184,32,3,15,21,8,5,0,0,0,1,5,11,11
37184,37,12,37,44,7,3,0,5,0,4,22,30,10
16184,16,7,4,13,0,1,0,4,2,0,4,12,0
68184,68,7,43,28,3,2,2,2,19,0,17,40,4
45184,45,7,49,52,12,0,2,0,0,7,27,50,13
72184,72,7,36,33,5,0,0,0,11,1,26,44,10
46184,46,2,25,50,12,6,5,1,0,6,32,30,16
09184,09,0,0,10,0,4,3,4,0,1,0,0,3
40184,40,150,638,875,303,26,40,12,123,37,683,594,299
74184,74,30,77,92,18,4,1,0,0,5,58,107,23
35184,35,122,392,840,262,11,21,16,41,18,502,549,226
47184,47,7,38,29,7,5,4,4,0,0,10,30,2
03184,03,15,56,61,17,0,5,4,0,5,41,41,20
81184,81,2,4,3,2,0,0,0,6,0,1,0,2
30184,30,24,202,124,31,0,12,1,22,11,147,132,37
58184,58,0,17,15,2,0,2,0,0,0,12,10,3
73184,73,19,56,64,19,0,6,0,0,0,24,54,17
34184,34,10,91,69,13,2,0,2,8,0,82,52,13
2B184,2B,1,13,11,1,1,5,0,5,0,7,11,7
86184,86,20,79,95,33,1,10,6,0,6,57,71,30
29184,29,47,163,340,143,9,17,6,46,0,236,221,129
22184,22,26,119,195,67,5,7,6,0,8,132,132,61
12184,12,3,14,32,5,2,3,1,4,2,18,22,1
07184,07,12,55,59,10,4,8,0,9,5,59,38,19
41184,41,15,79,59,22,1,1,3,11,6,44,57,16
53184,53,0,17,24,9,4,0,0,5,0,8,22,2
18184,18,10,29,28,2,2,7,0,0,6,17,30,5
85184,85,4,30,38,3,0,0,0,15,0,18,39,4
56184,56,186,691,1044,292,37,51,15,8,45,652,779,293
42184,42,289,1198,1119,303,43,62,26,39,55,841,921,292
23184,23,0,11,14,2,1,2,2,0,0,15,5,1
19184,19,7,13,23,10,5,3,4,0,3,3,10,5
36184,36,10,60,50,16,7,0,1,8,2,44,56,18
15184,15,23,69,93,18,5,3,0,11,6,57,92,16
43184,43,81,296,307,75,8,24,3,0,8,191,235,61
04184,04,5,30,16,5,0,0,0,17,0,20,21,0
66184,66,6,11,7,4,0,0,5,0,0,0,1,0
44184,44,1408,4188,8763,2489,185,425,109,486,236,6622,6048,2504
69184,69,23,77,109,25,5,8,6,0,1,86,98,34
82184,82,17,107,77,22,2,4,3,18,3,77,74,27
05184,05,8,30,30,2,4,6,0,0,2,8,26,2
79185,79,123,399,564,139,29,40,10,49,13,368,403,148
62185,62,3,37,25,7,0,0,0,0,0,16,21,4
64185,64,0,10,14,6,1,0,0,0,3,6,8,0
80185,80,11,45,29,11,4,0,3,0,0,1,25,11
02185,02,6,50,30,10,2,4,0,6,5,22,20,11
21185,21,15,57,55,21,0,1,0,17,0,47,50,17
76185,76,5,17,19,8,1,0,1,5,3,17,12,6
78185,78,8,20,65,17,1,0,1,0,5,38,52,9
51185,51,4,45,35,2,4,0,5,0,4,12,30,6
70185,70,2,24,20,0,0,3,4,10,0,15,18,1
27185,27,15,79,59,7,7,1,0,0,6,36,53,11
60185,60,24,134,91,19,5,7,1,5,4,90,78,28
39185,39,15,42,33,7,5,4,3,11,0,33,32,4
25185,25,4,4,14,3,0,0,0,0,3,0,12,0
71185,71,12,38,39,12,2,4,1,2,0,37,36,7
59185,59,39,274,196,45,5,8,1,0,5,185,165,53
52185,52,3,17,5,1,0,0,1,9,0,4,3,0
54185,54,4,5,4,0,0,0,1,5,4,9,4,0
55185,55,4,12,13,0,0,0,0,0,3,4,10,0
50185,50,32,105,126,26,2,4,6,3,5,73,96,31
77185,77,18,74,75,14,0,0,0,0,4,56,60,12
31185,31,0,7,11,10,5,0,0,0,2,14,6,8
88185,88,7,19,19,8,0,0,0,0,3,0,18,0
08185,08,84,522,299,77,8,15,5,38,3,258,264,74
65185,65,11,47,56,20,6,2,0,10,0,52,31,16
28185,28,35,150,128,33,0,9,0,0,3,82,115,31
38185,38,2765,11884,13131,3512,301,513,176,855,484,10753,9075,3560
33185,33,37,148,217,67,0,14,0,30,8,189,153,60
67185,67,24,85,69,14,8,4,0,7,8,51,74,15
10185,10,6,34,27,7,4,0,0,0,0,2,32,7
11185,11,10,71,62,15,4,0,0,6,0,68,46,17
32185,32,0,9,17,6,4,0,1,15,5,11,13,2
63185,63,13,56,71,20,3,0,2,0,2,57,52,24
17185,17,40,188,210,46,3,8,0,29,17,182,182,51
48185,48,9,20,20,5,3,0,2,0,6,5,18,9
16185,16,7,18,21,3,0,0,2,16,0,13,12,0
68185,68,53,243,161,46,9,7,3,35,8,117,179,32
45185,45,9,30,38,11,0,1,0,2,0,19,27,9
72185,72,9,56,58,9,4,5,0,18,0,48,83,12
46185,46,40,129,228,56,6,3,0,29,11,190,139,66
09185,09,66,400,382,139,6,30,6,54,9,482,233,149
40185,40,14,37,41,17,0,3,5,8,0,36,29,20
26185,26,14,64,66,22,2,0,6,14,2,53,52,22
74185,74,56,159,209,44,14,20,4,0,13,132,238,48
35185,35,6,17,34,11,2,0,0,0,5,18,17,7
47185,47,58,317,252,64,0,10,14,89,18,250,243,78
03185,03,662,2889,3160,717,102,183,39,298,114,2576,2518,736
81185,81,11,26,23,11,6,3,0,0,0,19,26,5
58185,58,22,78,64,15,0,0,0,7,5,60,59,15
30185,30,30,217,141,39,6,5,5,17,7,155,131,35
34185,34,14,72,54,18,1,0,2,0,7,35,48,17
2B185,2B,20,205,127,26,5,9,5,31,6,100,186,28
01185,01,120,467,436,98,10,27,11,43,29,287,403,114
29185,29,76,253,531,197,10,26,7,28,8,358,302,204
22185,22,51,171,330,95,11,15,3,13,9,226,208,111
37185,37,33,132,184,54,11,11,0,8,3,128,142,53
12185,12,31,118,205,48,2,3,7,18,5,148,157,53
18185,18,11,24,19,3,0,4,4,8,0,18,14,4
41185,41,73,283,250,60,7,14,0,26,10,196,246,73
53185,53,67,190,284,68,15,10,6,0,11,117,285,65
07185,07,19,74,69,24,2,0,5,15,5,71,64,25
85185,85,15,45,68,11,1,7,0,24,0,36,79,8
56185,56,222,825,1269,328,37,76,7,57,22,778,967,325
42185,42,21,63,73,23,3,0,1,0,4,50,61,12
23185,23,3,33,31,9,5,7,2,8,3,33,28,14
36185,36,7,38,35,9,0,4,1,0,2,30,37,13
15185,15,6,29,37,11,0,0,4,0,0,17,31,12
66185,66,8,52,29,10,0,4,4,2,0,35,36,12
44185,44,73,234,440,141,13,23,6,0,12,334,323,126
87185,87,41,160,233,71,11,15,0,24,4,212,152,79
43185,43,85,342,346,79,6,20,2,47,8,251,281,82
82185,82,2,28,19,10,2,0,3,2,0,12,14,4
62186,62,280,2117,1093,308,33,76,16,110,31,1120,832,314
64186,64,0,18,33,12,3,4,0,0,0,27,18,13
80186,80,45,275,197,44,7,8,2,22,5,178,141,44
02186,02,32,230,110,33,2,5,0,13,8,123,109,30
21186,21,9,62,60,15,0,3,5,8,4,49,55,17
76186,76,12,55,53,8,3,5,0,3,0,44,39,15
51186,51,5,3,1,4,2,0,0,0,4,0,2,3
91186,91,26,53,90,26,0,0,5,0,0,56,56,22
60186,60,8,45,23,7,0,0,0,0,0,25,18,6
25186,25,24,100,102,24,4,8,1,18,6,73,86,22
57186,57,16,97,71,21,0,0,2,20,4,63,65,17
59186,59,2,10,9,2,0,5,0,3,3,7,3,2
71186,71,11,25,29,7,4,0,0,0,0,11,22,5
54186,54,21,134,107,39,8,10,6,0,10,103,89,37
55186,55,65,349,213,50,8,18,5,7,12,163,191,57
50186,50,5,16,30,5,6,4,0,15,0,12,18,2
31186,31,54,217,349,115,0,18,5,0,15,283,228,123
24186,24,7,28,32,13,2,0,1,4,5,34,19,4
77186,77,376,1330,1346,331,38,63,27,81,78,1194,1031,342
88186,88,0,4,9,3,4,0,4,0,1,0,2,6
65186,65,0,0,9,5,3,2,0,0,0,0,7,0
33186,33,14,66,99,20,1,10,0,0,0,68,66,31
89186,89,24,75,62,13,0,4,5,0,7,27,62,17
08186,08,0,0,10,0,5,0,0,0,3,0,4,4
38186,38,9,53,63,21,1,2,0,6,0,43,36,12
67186,67,11,44,43,8,5,3,3,2,0,26,46,5
70186,70,0,14,5,6,0,0,3,0,2,0,2,0
85186,85,23,78,114,16,0,8,0,22,3,58,98,18
10186,10,13,86,55,13,1,7,5,12,0,36,73,8
11186,11,0,10,4,0,0,0,4,0,0,0,5,6
32186,32,0,4,10,7,0,0,2,1,0,12,11,0
63186,63,4,21,37,14,2,0,5,4,1,25,19,12
17186,17,21,85,98,25,6,4,3,22,5,83,80,22
16186,16,13,73,77,24,8,8,5,0,2,60,54,23
68186,68,13,39,38,8,0,4,0,4,5,17,37,2
45186,45,17,67,63,9,7,8,5,0,1,21,58,14
72186,72,19,76,71,20,7,6,6,13,1,61,108,14
46186,46,9,27,51,17,0,8,0,0,0,41,33,13
26186,26,3,3,6,2,5,2,3,0,4,0,4,6
40186,40,18,65,86,30,0,5,6,25,7,70,61,37
35186,35,26,79,164,54,7,5,0,0,0,110,108,45
74186,74,19,67,92,16,6,1,2,0,4,61,81,21
47186,47,25,100,81,26,0,7,0,11,9,68,71,19
03186,03,22,130,140,37,0,2,0,12,7,113,104,33
81186,81,12,34,38,10,0,6,3,0,0,29,28,16
58186,58,2,6,14,8,5,0,2,0,0,0,4,0
09186,09,0,11,8,1,0,6,0,3,0,18,8,0
30186,30,33,293,187,51,1,6,11,13,11,221,161,52
73186,73,19,55,56,16,1,3,0,17,4,44,53,12
34186,34,15,62,46,11,0,2,1,25,0,55,44,13
2A186,2A,10,57,30,11,0,7,0,0,3,7,48,10
86186,86,23,98,119,26,0,9,2,10,4,83,80,26
29186,29,37,121,242,94,11,14,5,1,4,146,147,99
22186,22,110,408,724,218,26,42,12,38,7,458,462,210
37186,37,25,84,118,37,3,8,0,0,8,100,97,32
12186,12,3,25,35,7,0,6,1,0,6,7,31,11
18186,18,15,57,50,8,0,7,3,2,0,47,46,13
07186,07,170,795,740,204,14,46,1,123,48,725,599,209
53186,53,63,163,255,62,12,13,6,0,4,119,258,59
56186,56,142,519,821,230,33,44,5,22,23,496,617,231
41186,41,9,36,27,4,2,4,0,9,6,24,33,6
42186,42,308,1255,1166,295,53,50,14,87,33,925,922,303
19186,19,8,18,37,11,2,0,0,0,0,15,24,10
23186,23,6,23,16,7,0,6,2,0,4,0,18,12
36186,36,3,26,19,7,0,0,3,12,3,21,22,11
69186,69,8,25,34,6,5,0,0,0,0,15,26,13
43186,43,15,60,61,8,4,4,1,4,4,50,54,10
04186,04,4,18,17,4,0,0,0,0,0,11,14,6
66186,66,49,405,238,64,16,13,9,10,5,277,247,67
87186,87,4,33,39,15,0,0,5,0,0,28,28,15
15186,15,2,25,34,6,0,4,0,0,4,11,33,6
44186,44,145,435,917,255,14,37,11,10,25,653,627,247
82186,82,105,554,431,123,18,28,6,18,11,374,379,111
62187,62,0,35,22,0,0,0,4,0,0,9,14,6
64187,64,0,16,31,6,2,4,0,1,1,26,26,11
02187,02,31,177,96,22,6,8,0,0,2,67,78,24
21187,21,4,18,16,1,5,1,0,0,0,10,13,8
76187,76,5,18,18,4,4,6,0,0,2,16,18,6
51187,51,3,31,22,10,0,0,0,22,0,15,28,8
70187,70,12,35,32,9,0,4,1,0,4,15,24,3
27187,27,6,48,38,13,0,3,1,0,0,24,30,6
60187,60,25,143,84,19,8,2,1,8,4,73,77,15
39187,39,12,26,30,2,5,3,3,0,1,11,26,10
25187,25,9,69,55,16,7,7,4,0,2,26,62,21
57187,57,12,63,35,14,1,5,1,0,0,28,40,10
59187,59,6,46,27,11,0,0,0,3,4,28,28,6
71187,71,39,177,159,40,6,13,2,10,9,138,150,41
52187,52,7,34,15,0,3,0,5,0,3,8,12,1
54187,54,0,12,14,0,0,0,2,9,0,10,4,0
31187,31,223,973,1546,489,27,67,19,125,63,1355,973,479
77187,77,15,53,65,11,0,2,0,12,1,51,49,14
88187,88,1,4,9,5,0,0,1,3,3,0,6,0
65187,65,5,16,13,5,0,6,5,0,0,11,5,1
08187,08,5,48,25,13,5,7,0,1,0,35,23,10
89187,89,6,22,11,4,2,0,0,0,3,0,8,1
33187,33,30,107,145,46,4,11,2,8,5,120,91,41
28187,28,14,70,53,12,5,3,6,1,4,44,67,13
17187,17,16,46,64,21,4,6,2,0,4,40,55,9
01187,01,17,90,82,23,0,6,5,21,2,54,86,18
67187,67,17,64,63,17,0,0,1,23,4,50,55,10
80187,80,17,99,79,9,5,9,0,0,0,58,49,17
73187,73,83,297,319,58,0,23,13,21,23,216,284,85
32187,32,1,8,11,4,0,2,1,5,0,6,8,9
10187,10,12,74,48,13,0,2,3,0,1,40,58,11
11187,11,0,15,8,7,1,2,2,0,0,0,1,7
63187,63,17,57,79,22,6,0,5,0,0,64,49,25
38187,38,49,213,253,65,6,11,5,30,11,153,161,65
61187,61,11,19,18,2,4,3,2,2,0,10,31,4
48187,48,5,13,14,8,0,0,1,0,0,1,20,6
16187,16,47,205,237,66,11,23,0,18,8,183,161,59
68187,68,11,41,26,10,2,0,0,0,4,9,37,11
45187,45,73,280,285,67,8,5,0,89,10,198,255,71
72187,72,28,166,152,46,1,10,5,8,14,126,228,34
46187,46,14,39,73,23,0,6,0,0,0,58,38,22
09187,09,4,36,37,12,5,0,2,18,1,49,30,21
40187,40,28,111,153,63,0,8,6,44,5,125,117,57
35187,35,32,78,185,47,2,8,0,14,4,116,107,55
47187,47,11,30,34,3,0,0,0,0,3,25,32,11
03187,03,14,52,61,14,2,2,0,11,1,43,42,18
81187,81,11,20,22,9,1,5,0,1,3,29,16,6
58187,58,8,57,45,9,3,6,3,16,4,45,34,10
30187,30,4,47,32,11,0,6,0,0,6,31,35,11
34187,34,5,61,56,15,2,7,4,9,3,54,45,19
2B187,2B,8,33,19,4,0,0,0,11,0,10,25,2
86187,86,12,43,61,20,0,9,0,6,7,45,37,23
29187,29,12,60,109,39,4,6,1,16,5,83,68,43
22187,22,268,1073,1836,527,40,91,13,161,32,1247,1174,542
37187,37,5,32,41,17,3,0,0,1,0,37,39,16
12187,12,4,27,54,6,2,6,0,0,5,32,43,14
07187,07,1,10,19,6,2,2,0,7,0,12,8,6
18187,18,16,71,71,18,8,3,1,0,5,29,58,19
53187,53,5,19,23,6,0,1,0,8,0,9,25,10
41187,41,3,24,25,2,0,0,0,0,2,15,20,10
42187,42,682,2816,2737,656,85,120,35,286,93,2167,2185,664
85187,85,23,83,126,25,7,2,2,0,0,70,110,19
19187,19,10,38,57,18,4,0,0,0,0,34,38,11
36187,36,8,17,22,0,3,0,0,0,3,7,20,3
69187,69,14,47,77,27,7,8,0,0,6,54,78,20
23187,23,0,16,23,3,3,3,3,19,0,22,16,3
15187,15,111,484,697,144,14,52,3,69,12,444,607,147
43187,43,8,42,45,4,4,0,0,0,0,21,37,12
04187,04,5,7,6,6,0,0,0,0,2,0,4,2
66187,66,30,276,172,46,11,5,8,1,6,159,162,47
44187,44,94,289,571,152,11,22,9,19,17,429,401,159
87187,87,157,620,887,253,37,54,14,85,28,756,504,256
82187,82,19,91,69,21,0,0,4,0,1,62,55,15
62188,62,72,450,235,59,6,12,13,27,11,253,183,55
80188,80,13,93,64,13,3,5,0,4,3,57,50,17
02188,02,7,34,17,6,0,0,0,0,0,7,7,6
64188,64,21,65,135,33,1,3,0,67,0,110,99,40
76188,76,8,53,47,11,0,0,4,0,6,37,30,16
51188,51,7,26,20,0,0,2,3,13,2,15,21,7
78188,78,6,24,55,14,3,4,4,0,3,22,52,16
70188,70,6,7,10,0,1,0,4,0,0,0,5,1
27188,27,31,203,136,28,1,6,0,26,10,121,118,28
60188,60,60,319,199,56,4,4,0,19,20,168,167,51
25188,25,24,95,90,23,8,3,4,0,9,58,87,22
39188,39,8,36,30,4,3,7,0,0,6,15,31,4
59188,59,3,17,16,2,2,0,0,2,0,18,14,6
57188,57,14,64,42,7,7,1,1,0,5,44,32,14
71188,71,7,11,3,2,0,4,0,3,0,1,4,0
54188,54,28,167,137,41,7,11,6,0,3,107,98,41
55188,55,0,0,1,0,5,4,0,0,4,0,0,1
50188,50,29,101,118,26,8,7,8,9,8,54,106,33
77188,77,25,112,108,25,6,0,0,0,9,93,85,30
31188,31,101,422,694,216,10,32,13,51,38,602,414,214
24188,24,16,53,55,16,0,6,1,8,5,55,39,16
88188,88,56,268,173,47,14,18,2,0,10,115,159,44
08188,08,21,165,93,21,3,1,0,20,0,82,82,19
89188,89,7,28,17,3,0,0,0,4,0,10,24,8
33188,33,1,15,22,4,1,0,2,6,6,24,13,10
17188,17,16,47,55,13,0,2,3,0,6,39,50,12
67188,67,30,89,81,26,8,2,4,0,3,38,86,22
38188,38,34,163,173,53,4,12,1,1,12,159,124,45
01188,01,19,82,74,15,7,4,3,4,0,49,64,23
61188,61,5,8,9,0,0,4,5,0,2,4,12,8
11188,11,40,257,201,63,1,12,9,14,3,203,143,57
85188,85,30,95,139,31,8,8,0,12,7,79,129,27
32188,32,3,5,7,6,0,5,3,0,0,0,8,7
10188,10,11,15,19,7,5,6,5,0,4,0,30,9
63188,63,13,56,69,25,3,9,6,0,1,64,40,14
28188,28,17,102,84,22,0,4,0,9,0,59,83,22
16188,16,5,40,44,10,4,2,0,0,0,32,24,15
68188,68,15,77,56,8,2,3,2,16,6,35,68,11
45188,45,79,301,291,74,9,12,9,2,12,165,251,70
49188,49,25,76,114,28,0,6,0,0,7,55,90,32
72188,72,7,18,16,1,0,0,2,0,0,10,26,2
46188,46,9,19,35,9,0,4,4,17,0,35,28,9
09188,09,18,115,120,46,0,5,4,16,0,152,78,47
26188,26,22,105,103,30,0,8,5,27,0,91,82,23
40188,40,8,39,55,25,2,0,0,4,0,44,33,22
35188,35,145,440,976,276,31,28,25,40,19,606,594,287
47188,47,4,31,31,5,0,2,2,6,1,18,19,12
03188,03,9,24,31,10,5,0,0,0,0,8,25,6
74188,74,22,80,95,25,0,0,0,27,6,62,113,22
81188,81,8,42,35,10,1,0,2,0,3,37,35,7
58188,58,3,16,19,9,0,0,3,0,0,5,6,7
30188,30,16,108,69,16,6,5,0,1,0,91,73,18
73188,73,25,84,98,18,5,5,6,20,5,77,81,29
34188,34,3,19,17,7,0,0,5,0,0,8,19,8
2B188,2B,3,58,37,8,0,0,0,31,2,33,65,5
22188,22,24,72,135,47,0,8,2,13,0,88,96,35
29188,29,76,230,471,188,18,19,14,18,6,318,297,176
37188,37,21,79,94,21,0,3,3,11,0,78,75,23
12188,12,13,27,45,6,1,7,2,24,0,32,34,6
18188,18,8,24,22,5,4,4,3,0,0,18,21,6
07188,07,46,166,153,53,4,9,4,31,4,175,126,39
56188,56,36,108,180,45,1,6,6,1,9,121,144,41
53188,53,66,194,300,68,13,6,0,45,4,170,312,55
41188,41,8,8,17,8,0,5,3,0,0,0,9,4
42188,42,12,36,36,9,1,0,0,0,1,3,30,10
19188,19,8,39,61,13,0,8,1,0,4,48,33,8
69188,69,16,53,93,18,7,5,4,0,9,50,86,29
36188,36,3,18,18,5,0,2,0,5,0,17,19,9
23188,23,6,28,28,10,5,4,0,0,0,10,19,11
15188,15,29,121,177,38,10,3,2,0,0,82,155,35
43188,43,9,52,52,7,1,2,0,22,0,36,48,9
04188,04,16,108,90,16,3,3,0,25,0,89,75,25
44188,44,229,727,1502,447,19,63,10,52,29,1099,1022,443
66188,66,3,40,22,11,3,2,1,7,3,32,21,7
87188,87,9,37,64,13,5,5,3,11,0,47,31,15
48188,48,1,23,31,11,0,0,5,0,0,22,23,7
82188,82,15,60,51,20,3,0,0,12,6,42,41,20
62189,62,6,23,15,8,0,3,0,0,0,0,4,6
02189,02,5,57,26,11,0,1,4,0,6,30,21,3
64189,64,127,496,968,256,22,61,0,280,31,712,669,279
21189,21,8,44,51,14,0,0,1,5,4,37,41,11
76189,76,1,21,18,3,1,0,5,3,4,19,20,0
78189,78,41,106,231,53,5,9,0,13,5,138,207,48
70189,70,8,34,27,6,3,0,5,10,0,16,22,5
60189,60,26,121,81,23,6,0,0,0,3,71,79,24
25189,25,6,28,19,3,5,1,0,0,6,7,18,11
39189,39,70,326,272,75,6,13,11,44,11,269,258,69
59189,59,31,185,129,41,2,5,0,0,5,125,118,43
57189,57,11,26,19,2,2,0,0,0,0,23,21,10
71189,71,52,211,181,54,5,8,2,24,8,165,161,49
54189,54,14,72,58,19,0,7,3,8,5,52,48,14
31189,31,0,21,28,11,0,1,0,3,4,33,23,5
24189,24,15,42,46,14,0,0,0,4,6,42,43,17
88189,88,10,18,21,9,3,0,0,0,5,0,14,1
65189,65,6,21,39,10,3,0,0,7,3,31,23,9
61189,61,15,42,35,14,0,6,0,1,5,29,41,13
08189,08,11,30,8,3,0,4,6,0,3,5,6,6
89189,89,12,74,49,15,4,3,4,14,1,53,49,10
33189,33,9,29,51,19,0,2,2,0,6,16,33,14
28189,28,10,15,24,6,0,6,0,0,1,0,23,8
67189,67,24,114,107,23,8,9,6,0,2,59,97,28
38189,38,117,504,536,158,20,16,2,21,26,432,382,158
01189,01,25,101,103,34,1,10,9,0,7,47,95,27
80189,80,1,15,7,0,0,2,0,0,0,2,7,3
27189,27,16,67,42,10,0,0,0,0,7,32,47,15
32189,32,7,16,18,3,1,0,0,0,4,0,7,6
11189,11,8,24,14,3,4,0,1,0,0,3,13,5
63189,63,9,32,48,17,0,6,5,0,5,44,27,18
10189,10,4,4,1,0,2,4,5,0,0,2,5,0
52189,52,21,58,34,12,2,6,3,2,10,14,36,14
87189,87,7,11,11,9,5,0,0,0,2,8,3,0
68189,68,34,125,98,16,2,9,1,0,9,50,109,23
16189,16,3,22,26,2,4,6,0,5,3,25,22,3
45189,45,4,34,36,14,4,0,0,12,0,20,30,13
72189,72,37,186,182,56,1,9,4,5,11,164,273,39
46189,46,11,30,65,20,2,7,5,0,0,49,38,14
40189,40,0,6,8,5,0,0,0,3,0,12,4,4
74189,74,47,160,191,36,7,11,0,0,7,135,221,48
26189,26,0,22,13,9,3,0,1,0,0,18,13,0
35189,35,71,216,486,139,4,13,14,9,17,285,301,133
47189,47,5,24,9,8,5,2,3,0,4,0,11,3
03189,03,11,76,74,16,6,0,0,23,0,66,56,22
81189,81,0,7,12,4,0,0,0,10,1,17,9,3
09189,09,8,28,27,3,5,0,0,0,0,22,11,3
79189,79,32,139,201,46,12,17,0,25,7,141,139,55
58189,58,10,64,62,13,1,0,0,0,1,43,47,22
85189,85,58,209,279,48,13,9,10,5,13,142,279,52
73189,73,7,17,29,3,4,0,0,0,5,24,21,4
30189,30,2367,16383,10590,2842,285,546,141,1104,602,12041,9612,2726
2A189,2A,24,208,117,22,1,6,8,22,9,87,191,29
34189,34,31,176,132,47,8,7,2,2,9,154,132,34
86189,86,10,27,42,12,2,3,5,4,0,39,24,10
29189,29,280,942,1985,705,43,107,38,70,45,1276,1199,740
22189,22,9,40,81,25,6,4,0,20,0,50,49,22
12189,12,5,36,59,16,0,7,0,9,0,36,43,9
37189,37,28,87,115,35,7,7,1,0,5,77,92,35
18189,18,17,54,43,13,0,7,0,0,4,29,41,15
56189,56,24,76,128,26,0,9,3,0,2,81,90,31
53189,53,7,11,13,3,2,0,2,0,0,1,18,4
07189,07,7,31,29,5,0,7,3,18,0,34,21,4
41189,41,16,47,42,9,6,1,0,0,0,16,41,14
42189,42,285,1133,1112,274,35,55,12,80,47,877,918,279
19189,19,0,5,11,6,0,2,0,0,5,3,0,0
36189,36,21,113,86,31,9,5,0,6,2,91,76,20
23189,23,28,113,129,47,9,8,1,12,1,108,97,48
43189,43,17,67,65,12,1,8,0,0,3,50,47,20
15189,15,10,19,36,8,0,3,0,0,4,11,31,2
04189,04,18,79,60,16,7,7,6,0,4,71,63,22
69189,69,43,162,252,61,6,1,9,0,10,161,210,70
44189,44,49,142,292,89,3,7,6,1,7,218,203,85
66189,66,104,799,487,132,24,42,5,40,27,582,452,149
82189,82,12,89,75,23,0,0,0,19,7,75,55,18
62190,62,32,205,107,31,5,4,4,14,8,116,83,37
02190,02,19,107,44,16,2,7,5,0,0,34,50,8
80190,80,26,172,138,21,4,4,0,2,6,117,97,26
64190,64,4,20,21,11,4,0,0,5,0,24,14,6
21190,21,15,66,73,15,0,1,1,0,4,45,59,12
14190,14,0,19,25,2,0,0,0,0,0,16,20,7
51190,51,2,6,3,2,5,1,0,0,0,0,11,3
76190,76,9,38,33,9,0,0,5,0,1,13,28,9
78190,78,175,567,1351,311,29,28,17,88,47,752,1292,306
27190,27,4,35,23,3,3,6,4,0,1,21,22,1
70190,70,9,26,18,0,0,5,0,0,5,3,9,3
60190,60,11,49,32,7,4,3,2,0,1,17,19,2
39190,39,32,130,129,32,6,5,3,2,9,108,104,37
25190,25,37,170,173,45,4,10,0,0,11,115,159,41
59190,59,25,120,99,28,0,8,3,8,2,87,71,25
57190,57,8,58,47,9,5,7,4,0,3,15,35,11
71190,71,61,256,221,66,8,11,3,8,9,194,186,67
52190,52,10,46,29,2,6,0,3,13,0,17,26,4
77190,77,10,31,24,2,0,2,4,14,2,26,17,4
50190,50,9,13,18,8,4,0,0,0,1,13,24,11
31190,31,9,21,38,7,4,4,2,5,0,36,20,19
24190,24,8,19,25,9,3,0,3,0,0,20,22,11
88190,88,18,63,48,12,7,7,0,9,0,39,45,9
54190,54,0,18,21,7,0,1,0,0,0,8,12,4
65190,65,2,7,8,7,0,0,0,0,0,9,6,7
61190,61,4,10,5,0,0,0,1,5,0,3,5,0
08190,08,156,853,486,129,20,24,6,59,23,449,451,117
89190,89,0,25,12,9,0,5,0,0,0,15,17,6
33190,33,3,11,9,2,2,5,0,1,1,13,5,2
28190,28,12,59,45,10,0,6,0,6,5,32,50,8
67190,67,10,23,20,8,2,0,5,0,2,7,29,6
38190,38,28,118,135,38,1,5,6,0,6,105,84,32
01190,01,3,9,16,5,1,3,0,0,6,0,20,8
17190,17,79,292,328,89,19,17,3,0,16,237,285,64
11190,11,14,138,91,27,0,5,0,37,5,106,71,27
32190,32,15,47,66,23,0,0,0,5,4,45,53,22
63190,63,10,26,42,7,3,5,0,5,3,45,29,18
10190,10,17,82,46,10,0,0,2,0,5,35,56,13
53190,53,7,40,48,7,0,1,3,2,0,34,64,17
16190,16,0,18,20,6,6,4,1,3,2,14,10,8
68190,68,0,0,4,2,5,2,3,0,0,0,3,1
72190,72,8,30,29,12,2,7,3,0,0,21,39,13
46190,46,1,10,21,10,5,5,2,0,0,14,8,8
40190,40,7,31,46,16,2,3,0,13,0,45,29,12
26190,26,1,7,17,0,3,0,4,0,0,12,12,1
35190,35,8,22,30,15,1,5,2,0,6,11,17,7
47190,47,8,67,52,12,4,0,0,13,2,46,43,20
74190,74,26,77,100,16,0,7,3,0,3,42,99,22
03190,03,394,1875,1998,471,84,88,67,80,83,1569,1551,436
81190,81,12,53,59,20,0,0,0,3,4,48,42,22
09190,09,0,13,10,8,0,0,0,0,4,18,6,9
58190,58,0,8,7,3,0,4,0,5,3,13,13,4
79190,79,9,38,59,16,6,8,2,0,4,34,31,10
73190,73,8,38,37,12,4,3,5,0,2,9,18,7
2B190,2B,2,32,20,10,0,5,0,9,6,15,29,3
34190,34,1,31,26,9,0,3,4,10,2,39,21,7
86190,86,24,70,94,21,4,8,0,2,2,79,71,27
22190,22,74,300,503,156,10,32,4,20,14,376,310,173
29190,29,89,294,607,249,4,25,13,38,18,443,394,248
12190,12,4,31,43,10,0,1,5,5,0,39,31,13
37190,37,0,9,19,9,6,0,0,6,5,12,14,7
18190,18,26,91,79,23,1,6,2,15,1,79,71,23
07190,07,5,25,28,12,1,5,1,0,3,26,20,9
85190,85,90,277,398,73,11,29,4,8,6,177,366,88
41190,41,3,21,16,10,0,0,0,8,2,15,14,4
56190,56,40,145,237,55,0,10,1,28,14,137,163,59
19190,19,4,19,33,5,0,1,2,0,0,16,24,9
23190,23,2,13,16,6,3,0,0,18,0,20,14,5
43190,43,107,427,440,95,18,17,17,35,26,317,357,97
15190,15,0,13,12,3,0,0,4,1,2,7,12,6
04190,04,0,13,12,7,0,6,0,0,5,5,15,1
44190,44,558,1710,3597,999,85,151,40,143,109,2643,2479,1006
69190,69,36,151,270,65,5,10,5,24,13,184,216,67
36190,36,2,36,25,3,4,1,0,3,0,26,20,12
66190,66,59,412,251,59,9,11,0,48,14,284,239,66
87190,87,24,73,121,31,7,10,1,0,5,84,62,36
48190,48,3,18,22,11,5,1,4,0,5,13,29,12
82190,82,107,604,472,130,16,33,6,98,20,423,395,117
62191,62,17,97,55,15,4,0,0,14,1,59,41,9
80191,80,7,30,17,0,0,1,0,0,0,17,13,7
02191,02,15,84,46,13,1,4,0,0,5,12,41,7
27191,27,68,360,240,61,5,3,3,5,9,206,233,69
64191,64,41,130,255,69,5,7,2,89,4,190,188,79
21191,21,25,87,93,26,4,8,4,0,8,40,88,22
14191,14,115,477,598,169,27,28,9,24,12,422,460,147
51191,51,0,0,11,5,2,2,4,0,0,0,7,3
91191,91,262,644,997,250,14,30,20,64,40,793,671,248
60191,60,10,93,51,15,3,6,2,2,0,55,46,15
25191,25,7,57,55,15,2,2,0,0,0,38,56,14
39191,39,8,11,6,0,1,0,0,8,4,4,6,0
59191,59,13,87,63,22,0,0,5,0,8,44,56,21
57191,57,20,107,76,20,4,8,0,0,9,49,69,23
71191,71,19,57,51,9,0,3,0,11,6,40,45,15
54191,54,5,12,16,9,2,0,0,0,0,0,15,7
55191,55,9,30,21,5,6,3,4,5,0,10,17,3
77191,77,33,121,110,26,8,9,5,0,10,96,92,31
31191,31,4,5,10,7,1,6,4,0,0,11,15,3
24191,24,2,23,22,5,5,0,1,0,6,14,14,5
65191,65,1,16,15,10,0,0,4,0,4,8,16,7
08191,08,31,174,100,28,4,7,6,0,6,84,83,22
89191,89,5,6,2,6,1,0,0,0,2,1,10,0
33191,33,8,49,55,15,2,4,2,0,7,43,38,22
28191,28,69,308,267,67,4,12,11,33,5,199,261,65
67191,67,65,261,231,50,3,14,6,0,13,153,239,60
38191,38,33,157,181,42,0,11,8,10,2,137,119,45
01191,01,2,28,27,6,0,0,0,0,2,7,25,0
17191,17,6,39,48,13,4,5,2,0,0,40,51,16
85191,85,1410,4523,6450,1273,199,312,86,280,137,3601,6184,1230
53191,53,5,15,33,11,0,0,0,6,0,16,28,7
48191,48,4,9,18,3,0,0,0,0,0,4,18,5
32191,32,2,14,9,5,0,0,0,1,6,10,12,7
11191,11,3,19,20,6,0,2,0,0,4,2,13,5
63191,63,0,15,26,7,5,5,0,0,2,7,12,1
10191,10,34,130,81,14,7,6,5,10,3,67,100,12
45191,45,210,782,787,197,16,32,17,22,44,474,699,197
35191,35,44,149,292,75,9,2,15,28,7,181,186,91
16191,16,4,20,22,8,0,3,0,0,6,8,10,6
68191,68,37,126,85,20,1,9,5,1,9,61,91,17
72191,72,58,298,291,85,4,8,5,44,14,251,417,72
46191,46,15,69,122,29,4,1,0,23,0,108,65,31
40191,40,11,56,71,27,5,0,1,0,3,52,51,24
26191,26,51,284,260,76,9,11,8,44,6,228,210,60
47191,47,19,100,84,21,2,1,0,28,4,78,74,29
74191,74,77,234,304,67,4,10,4,51,10,215,315,67
81191,81,10,32,31,13,0,6,0,0,0,29,21,4
03191,03,2,25,30,6,3,7,0,0,3,28,27,8
58191,58,7,25,17,5,0,3,1,0,0,13,11,2
79191,79,1272,4341,6571,1687,184,362,65,553,204,4549,4507,1657
73191,73,53,207,234,62,8,18,4,5,16,184,215,52
2A191,2A,1,23,8,0,1,0,5,0,4,2,10,7
30191,30,26,149,106,29,2,0,0,9,9,113,102,23
34191,34,6,80,57,19,0,3,0,14,5,71,45,11
86191,86,7,29,31,8,6,3,0,0,3,26,24,4
29191,29,74,221,476,174,16,16,7,21,8,288,273,166
12191,12,10,36,51,10,0,7,0,0,0,25,40,14
18191,18,3,23,26,9,0,0,0,0,4,0,20,10
37191,37,3,20,30,12,5,0,0,0,0,12,20,5
07191,07,49,245,233,54,7,9,7,25,14,216,189,61
41191,41,5,13,5,4,0,0,0,0,2,2,14,4
42191,42,32,113,105,25,0,1,0,24,8,84,92,25
56191,56,10,33,57,15,5,5,5,0,0,14,37,15
19191,19,15,63,101,27,0,3,3,0,0,67,65,25
69191,69,120,509,793,208,21,28,10,31,32,568,701,207
23191,23,2,22,20,5,4,0,2,0,6,17,11,5
36191,36,12,54,48,16,6,0,6,17,0,41,51,13
43191,43,8,33,34,3,0,7,0,0,0,13,24,11
15191,15,19,57,80,18,0,4,3,0,6,57,82,16
04191,04,0,0,2,4,0,0,0,0,5,0,0,6
66191,66,3,10,2,0,0,3,4,0,0,2,5,0
87191,87,32,169,238,71,8,10,2,32,11,204,161,67
82191,82,10,50,36,8,0,2,0,12,0,45,43,12
62192,62,14,62,38,11,2,0,0,4,0,39,33,7
80192,80,1,28,24,0,3,1,4,0,0,2,18,8
02192,02,5,68,32,8,6,2,0,0,0,14,33,12
64192,64,6,10,10,8,0,6,0,0,0,6,10,6
21192,21,17,78,74,21,0,0,0,21,5,63,71,17
51192,51,13,52,32,10,0,2,5,0,5,14,36,8
76192,76,60,320,287,74,14,12,1,7,3,292,223,68
27192,27,15,92,55,12,4,8,1,0,5,40,58,20
70192,70,2,32,25,6,3,2,2,0,0,0,22,8
60192,60,5,43,24,8,0,0,4,0,0,17,21,9
78192,78,22,82,177,43,7,6,1,0,12,90,171,43
25192,25,3,18,19,4,2,0,3,0,6,10,18,0
39192,39,1,8,11,5,0,4,0,0,0,9,5,0
59192,59,21,119,81,21,0,0,0,1,5,91,61,21
57192,57,36,177,134,40,6,6,2,16,8,113,104,39
71192,71,55,210,197,58,4,2,6,38,3,164,171,51
54192,54,7,41,45,14,6,0,0,0,6,37,25,11
55192,55,6,0,8,0,2,5,0,0,0,0,1,5
77192,77,144,527,533,138,19,25,6,29,30,416,425,127
50192,50,3,7,12,8,4,3,5,0,0,9,7,6
31192,31,13,68,121,42,1,7,2,3,6,113,83,32
23192,23,33,145,183,54,6,7,9,23,9,155,126,54
24192,24,2,13,16,5,0,0,5,0,0,8,4,1
65192,65,9,46,60,10,1,4,0,1,9,50,42,15
88192,88,0,12,11,0,5,0,0,0,5,0,11,7
08192,08,0,13,10,0,0,3,1,0,2,2,12,3
61192,61,3,9,13,3,0,0,4,10,0,5,11,1
33192,33,423,1957,2823,845,48,164,27,132,87,2224,1871,860
28192,28,5,34,28,9,0,1,5,0,2,11,34,6
67192,67,34,124,107,26,5,7,0,6,8,83,115,28
38192,38,2,15,20,3,1,0,0,26,0,16,13,4
01192,01,62,209,197,47,0,9,7,0,10,131,201,48
17192,17,27,92,99,20,4,9,0,9,6,69,79,18
53192,53,13,23,48,5,1,2,0,0,5,19,44,10
63192,63,13,56,87,25,0,6,0,5,5,67,58,23
32192,32,9,20,24,10,6,0,0,0,0,16,17,8
11192,11,9,104,76,24,0,8,0,0,2,67,48,23
73192,73,8,30,26,2,2,0,0,14,1,20,22,5
10192,10,1,21,9,3,1,0,0,0,3,7,19,2
72192,72,0,10,12,2,0,0,0,2,0,12,21,0
41192,41,8,38,27,7,2,0,0,20,0,22,31,13
49192,49,73,241,368,81,10,8,10,26,16,255,360,98
46192,46,3,30,39,8,2,5,0,0,4,32,25,11
09192,09,2,15,24,11,6,0,0,0,0,27,10,9
40192,40,556,2238,3062,1030,65,170,59,504,101,2501,2165,1023
26192,26,5,29,29,9,0,7,3,10,1,24,26,12
35192,35,1,9,24,6,0,2,2,11,0,17,22,14
47192,47,0,12,14,0,0,0,4,5,1,6,4,0
12192,12,3,17,37,8,1,7,0,0,3,16,31,3
74192,74,36,94,129,32,4,10,1,4,4,80,138,33
81192,81,18,98,98,32,1,1,1,23,0,86,82,24
03192,03,6,11,13,5,0,0,3,0,0,0,10,5
58192,58,6,23,23,7,5,1,0,2,5,28,17,3
2B192,2B,6,29,19,5,5,1,4,14,4,13,30,4
30192,30,15,69,49,13,0,0,0,0,0,49,38,13
34192,34,145,971,804,224,19,38,13,72,36,830,665,226
86192,86,4,11,17,3,2,2,5,8,0,24,13,4
29192,29,35,117,250,89,5,12,4,0,4,142,151,80
37192,37,34,100,129,45,0,8,0,16,0,106,116,39
18192,18,10,37,24,12,2,0,4,0,0,14,28,5
07192,07,13,41,31,11,4,7,4,0,0,13,33,14
85192,85,20,74,116,17,1,7,1,6,0,72,106,25
42192,42,13,61,48,12,2,0,0,12,5,37,42,11
19192,19,11,38,54,15,0,4,0,3,7,54,38,17
69192,69,2,17,15,10,0,2,0,3,0,11,16,7
36192,36,35,180,160,54,15,7,10,22,3,119,128,42
43192,43,13,36,46,13,0,0,0,2,1,37,31,4
15192,15,10,30,31,4,3,0,2,0,5,25,31,10
04192,04,25,153,128,34,1,6,1,24,5,139,121,40
44192,44,52,147,339,100,4,8,6,6,12,242,227,84
66192,66,0,19,7,6,0,2,4,0,2,3,13,0
87192,87,38,135,185,58,4,7,0,23,4,153,106,50
16192,16,104,395,483,111,13,18,8,30,15,394,331,114
48192,48,1,14,9,0,1,0,0,5,3,13,14,4
68192,68,9,51,42,13,2,6,0,0,4,21,38,10
82192,82,15,74,61,12,7,6,3,0,7,37,44,16
62193,62,1613,11196,6072,1694,316,321,106,382,215,6087,4597,1702
80193,80,2,26,19,7,3,0,5,0,0,0,8,2
02193,02,0,2,11,5,0,4,3,0,4,0,8,1
64193,64,4,12,9,0,0,3,0,1,2,8,10,7
21193,21,12,35,48,9,4,0,0,0,2,27,46,14
51193,51,81,375,276,61,14,27,6,0,5,140,299,72
14193,14,14,82,99,21,7,1,4,0,8,75,73,24
27193,27,39,180,130,37,10,4,6,0,1,91,122,28
70193,70,3,32,13,6,0,0,0,18,0,9,12,9
78193,78,25,62,135,33,0,2,5,0,7,74,134,38
25193,25,47,203,188,44,1,11,1,0,11,142,166,50
60193,60,1,40,16,5,0,0,0,1,0,21,26,8
39193,39,31,96,96,19,3,7,5,1,4,96,75,25
59193,59,67,393,298,75,12,17,5,25,17,337,246,74
57193,57,61,278,220,50,10,10,8,16,7,184,171,50
71193,71,19,65,52,18,7,2,0,0,3,17,53,19
52193,52,9,42,28,3,6,6,1,0,5,0,30,7
54193,54,0,8,5,0,0,1,0,11,0,5,10,7
77193,77,7,17,20,6,0,0,3,0,0,22,16,7
55193,55,8,16,14,5,0,0,3,0,0,0,16,1
24193,24,10,45,53,16,0,1,5,4,0,61,49,17
88193,88,6,16,14,9,2,6,0,0,1,11,7,6
65193,65,0,6,10,6,3,0,4,0,3,0,9,0
08193,08,3,34,19,9,4,0,0,12,1,19,20,4
33193,33,27,146,217,72,9,11,0,23,10,199,154,66
28193,28,6,16,12,3,0,4,0,1,0,17,23,0
01193,01,8,25,25,2,5,5,0,16,0,14,18,1
38193,38,291,1314,1489,386,22,50,15,64,74,1205,1027,370
76193,76,9,54,43,11,2,5,3,0,6,28,38,8
61193,61,8,37,40,13,4,0,5,0,0,14,42,11
17193,17,66,257,281,72,11,11,5,35,8,241,233,72
74193,74,22,88,105,26,3,8,1,0,2,58,108,26
32193,32,0,26,23,9,0,3,3,0,0,27,21,13
11193,11,1,34,16,7,3,1,0,10,5,18,15,7
31193,31,35,139,243,75,9,6,0,21,4,215,135,77
50193,50,2,24,26,10,6,2,0,0,3,12,25,9
49193,49,97,304,467,119,10,18,8,22,15,319,411,122
63193,63,143,656,990,296,34,54,25,58,31,796,590,277
10193,10,6,45,29,10,0,4,0,0,4,11,35,4
16193,16,15,93,111,22,5,3,0,43,5,97,87,32
68193,68,22,89,68,21,4,0,0,10,9,57,80,16
45193,45,73,253,235,58,8,5,8,0,11,172,223,67
72193,72,9,46,51,7,4,1,2,0,6,28,70,17
46193,46,5,34,55,19,1,0,0,0,6,54,41,11
09193,09,5,10,3,1,0,0,5,0,1,6,1,0
26193,26,12,52,54,16,3,6,0,0,8,45,44,21
35193,35,43,130,275,74,5,3,9,4,8,174,182,76
40193,40,4,5,12,2,3,0,0,0,0,0,11,3
47193,47,6,29,19,8,3,0,0,2,3,17,18,9
81193,81,12,56,48,14,1,7,0,0,0,32,44,21
03193,03,7,12,23,6,0,0,0,1,0,19,18,1
58193,58,33,151,149,47,4,5,1,0,4,123,112,43
2B193,2B,4,84,51,11,3,10,4,4,2,37,76,13
73193,73,4,17,9,8,0,3,0,0,6,0,6,4
34193,34,5,30,26,2,0,0,0,0,0,24,22,11
30193,30,16,89,57,17,0,2,4,0,4,51,57,9
22193,22,31,117,214,61,1,8,0,1,6,143,138,59
86193,86,29,97,137,34,0,6,3,0,1,112,104,45
29193,29,24,84,186,67,7,7,0,0,3,108,108,60
12193,12,4,29,44,13,3,0,4,0,6,23,37,6
37193,37,28,127,163,38,4,11,4,0,3,113,140,46
18193,18,6,26,23,4,2,2,1,0,0,25,25,6
56193,56,130,504,797,218,23,36,14,83,18,488,597,199
07193,07,10,26,18,7,0,1,0,0,2,11,11,10
41193,41,9,27,20,2,0,3,0,0,4,3,24,0
85193,85,21,49,81,17,7,2,4,0,0,36,85,15
42193,42,34,168,157,41,8,10,0,32,9,135,121,34
53193,53,15,44,73,11,4,0,1,5,0,36,70,13
19193,19,8,21,26,3,0,4,0,0,2,16,16,8
69193,69,27,121,188,48,0,3,1,5,9,146,162,45
43193,43,10,27,25,0,4,0,5,0,0,14,12,2
04193,04,10,35,37,5,0,0,0,2,3,34,33,10
44193,44,24,86,184,47,9,4,0,40,0,134,121,44
23193,23,68,262,272,94,20,14,9,0,12,254,243,104
36193,36,4,26,25,2,5,2,2,0,6,10,29,12
66193,66,1,41,21,8,0,7,2,16,5,25,20,2
87193,87,0,2,4,0,0,0,1,5,5,8,1,0
48193,48,10,30,38,6,0,1,0,0,5,22,32,12
82193,82,2,18,21,5,4,1,0,0,2,4,18,8
62194,62,141,963,507,115,35,22,2,53,24,493,399,116
80194,80,7,20,12,2,0,0,1,4,0,11,8,7
02194,02,4,42,20,9,0,0,1,0,0,10,20,0
21194,21,26,106,113,32,3,1,0,16,0,78,92,32
64194,64,5,28,48,16,0,4,0,16,3,36,35,21
14194,14,11,60,72,23,0,6,0,16,0,64,66,22
51194,51,17,69,46,8,5,6,4,0,5,17,57,13
76194,76,13,58,38,15,0,0,0,0,0,41,41,11
70194,70,1,18,16,7,0,6,0,0,4,12,8,1
27194,27,10,39,21,11,5,3,0,0,0,1,21,11
25194,25,8,13,8,5,5,0,1,3,2,14,8,0
78194,78,2,17,30,11,0,6,0,0,0,11,35,6
60194,60,6,46,25,7,0,0,0,1,0,29,27,1
39194,39,12,61,50,10,1,5,0,18,0,44,39,7
59194,59,28,172,112,40,6,3,1,0,6,128,94,38
57194,57,37,146,116,37,4,5,2,24,3,93,94,27
52194,52,52,285,145,34,3,9,6,33,10,118,164,29
71194,71,20,96,82,24,1,2,0,7,0,73,80,17
54194,54,8,56,52,11,0,8,3,5,3,52,33,15
77194,77,13,41,31,14,1,0,3,0,4,27,25,10
55194,55,0,4,9,2,0,5,0,0,5,3,0,0
31194,31,1,13,21,6,0,0,2,0,6,19,18,7
50194,50,16,37,54,16,6,5,0,0,3,9,38,16
24194,24,30,132,134,42,8,9,0,0,6,141,115,43
88194,88,6,14,8,1,4,4,5,11,0,7,10,0
08194,08,20,123,58,11,12,9,0,0,6,63,69,27
89194,89,2,20,13,4,0,0,1,0,0,6,11,7
33194,33,8,67,93,22,6,5,0,0,2,65,56,29
65194,65,5,7,19,9,0,0,0,0,2,9,6,8
67194,67,161,617,534,137,23,29,10,41,30,350,539,135
28194,28,13,51,42,14,6,8,5,2,7,32,44,13
38194,38,53,252,298,77,4,7,10,2,16,213,199,79
01194,01,162,680,626,152,4,19,13,20,29,446,595,127
17194,17,94,363,419,102,15,33,1,44,23,314,355,117
32194,32,4,19,25,12,0,2,0,17,2,17,22,10
11194,11,3,11,15,6,0,0,5,0,4,2,13,6
63194,63,6,29,45,14,2,0,3,14,0,36,33,17
85194,85,1439,4751,6785,1305,242,334,52,265,163,3696,6524,1274
16194,16,3,18,24,8,0,0,2,0,5,1,13,2
68194,68,6,29,20,1,1,6,1,9,0,17,27,1
10194,10,7,14,7,1,2,1,5,0,0,0,14,5
61194,61,7,52,41,13,4,1,0,8,0,30,55,11
45194,45,76,317,328,76,5,13,7,22,15,218,291,79
49194,49,140,419,684,157,17,33,9,51,27,440,633,173
72194,72,4,19,27,7,0,3,0,0,4,11,36,5
46194,46,6,22,25,7,1,3,0,0,1,26,15,9
09194,09,54,347,324,123,12,21,7,52,9,390,198,122
26194,26,14,73,72,18,6,9,4,7,8,60,56,16
40194,40,19,89,129,40,7,6,3,45,0,117,85,49
35194,35,26,73,163,54,3,5,0,16,3,110,117,46
47194,47,4,34,32,12,6,2,5,0,0,15,18,7
74194,74,29,79,102,15,0,6,6,4,0,55,97,19
03194,03,1,21,13,2,0,0,5,0,0,3,17,8
58194,58,741,3421,3189,898,131,187,25,151,110,2576,2418,928
73194,73,11,41,45,16,0,3,0,0,7,30,50,13
2B194,2B,0,1,6,6,0,5,0,0,0,0,4,0
34194,34,63,495,371,112,15,16,7,28,19,426,342,103
30194,30,2,42,32,4,2,0,1,9,2,38,22,7
22194,22,80,316,496,163,14,29,13,13,10,340,318,153
86194,86,1326,5385,6686,1913,234,407,88,551,203,5455,4836,1922
12194,12,18,67,106,22,4,7,2,26,4,94,92,31
37194,37,35,149,187,56,8,4,0,8,4,142,159,56
18194,18,31,126,105,29,5,6,0,0,5,80,93,29
56194,56,66,242,385,106,5,26,0,0,1,230,281,94
07194,07,7,51,53,9,0,1,0,6,1,49,33,14
41194,41,483,2034,1702,466,62,105,24,87,90,1261,1810,466
42194,42,5,27,26,12,0,5,1,0,0,14,20,11
19194,19,31,109,165,41,1,5,0,54,0,129,109,46
69194,69,150,581,959,228,17,18,12,29,29,703,826,243
36194,36,21,104,99,27,7,6,0,19,0,90,82,33
43194,43,19,87,81,13,6,7,0,0,7,50,71,19
15194,15,6,8,23,2,5,6,0,0,0,0,20,4
04194,04,0,15,15,0,2,0,4,2,0,21,15,5
23194,23,0,15,19,8,0,0,0,0,0,4,10,9
44194,44,174,557,1151,331,28,59,21,20,45,792,752,321
66194,66,7,38,24,9,0,3,3,0,0,6,15,10
87194,87,11,31,39,18,5,3,0,0,0,33,27,8
48194,48,16,57,64,20,0,1,0,6,7,52,61,22
82194,82,24,156,126,38,7,5,0,13,0,112,107,38
62195,62,41,248,137,45,13,9,3,0,4,120,111,43
80195,80,7,17,14,5,0,0,0,5,6,18,8,0
02195,02,19,175,77,20,0,9,0,3,9,85,67,17
21195,21,6,30,20,10,0,0,0,0,0,15,24,8
64195,64,0,14,13,1,0,6,4,14,1,7,7,2
14195,14,6,30,33,3,0,4,0,3,3,24,19,5
51195,51,31,125,90,21,1,10,3,27,3,66,100,21
76195,76,6,17,13,4,0,0,0,17,0,19,12,0
70195,70,9,44,23,11,6,2,1,13,0,16,19,3
25195,25,24,132,138,38,5,3,0,0,9,94,129,33
91195,91,23,64,112,22,5,4,6,12,7,85,71,22
60195,60,13,76,46,12,2,4,5,8,0,46,51,15
59195,59,20,86,56,13,7,0,0,6,6,65,58,14
57195,57,11,75,65,22,8,5,4,4,4,32,47,23
71195,71,6,22,32,5,1,4,1,7,5,16,16,7
52195,52,0,10,1,0,5,2,0,5,0,5,5,2
54195,54,5,30,29,3,3,6,0,0,2,15,24,7
55195,55,4,21,15,4,0,0,0,0,0,10,19,8
77195,77,12,64,75,12,2,2,0,0,2,59,58,19
31195,31,0,0,6,2,5,2,0,0,3,0,0,1
50195,50,8,17,22,2,4,5,4,0,0,23,25,6
24195,24,0,16,12,3,5,5,4,0,0,4,12,2
88195,88,6,12,15,6,0,0,4,0,5,0,7,7
08195,08,7,56,23,5,5,1,0,0,0,27,28,10
33195,33,19,97,126,42,3,13,0,5,5,112,77,32
89195,89,35,177,132,24,8,4,3,6,11,114,123,30
65195,65,7,21,14,3,3,0,0,0,2,14,14,6
67195,67,14,62,56,11,1,7,4,14,3,49,63,16
28195,28,26,100,87,20,0,10,5,0,0,61,80,26
38195,38,13,78,91,24,5,3,0,2,6,61,53,20
01195,01,60,224,212,43,9,9,0,0,8,130,181,51
17195,17,13,26,35,13,0,3,3,0,6,19,26,10
58195,58,13,42,43,10,3,1,1,0,0,19,27,15
37195,37,210,739,964,282,26,61,15,42,25,696,815,264
56195,56,14,57,79,27,4,7,0,7,5,49,63,20
32195,32,0,0,6,0,4,1,0,9,0,3,5,0
11195,11,3,56,36,13,6,6,2,0,1,39,30,15
61195,61,1,19,15,10,1,0,2,0,4,9,30,10
66195,66,155,1153,695,208,18,45,8,60,28,793,650,205
63195,63,99,442,654,167,13,37,11,98,20,551,406,191
10195,10,14,47,28,11,5,3,0,0,0,0,28,7
16195,16,9,32,33,11,1,4,0,0,5,31,23,11
68195,68,187,771,566,121,22,28,16,53,30,400,614,138
45195,45,21,64,58,21,0,0,3,2,6,51,56,13
49195,49,28,94,139,36,7,5,0,3,0,91,137,39
46195,46,8,25,40,7,0,0,0,19,0,41,27,13
09195,09,2,0,4,0,1,0,0,0,3,0,0,2
26195,26,8,31,28,5,0,1,1,0,3,2,21,11
40195,40,12,58,64,30,3,8,4,3,0,57,44,26
35195,35,42,124,288,75,1,19,2,48,11,189,184,90
74195,74,6,29,45,14,6,0,0,13,6,24,39,4
72195,72,35,192,168,44,3,14,6,14,1,155,249,50
81195,81,17,81,87,27,0,2,4,30,7,76,67,25
79195,79,133,447,686,175,17,34,5,33,11,501,471,173
47195,47,165,832,712,187,21,46,4,169,27,624,637,190
03195,03,75,290,304,65,9,22,3,11,12,235,236,71
2B195,2B,1,19,16,2,0,3,0,6,6,14,19,6
30195,30,4,1,6,3,1,5,0,0,0,0,0,4
22195,22,61,220,397,112,16,17,12,38,15,266,252,114
29195,29,123,453,978,365,28,52,8,77,20,629,593,381
86195,86,13,54,58,22,0,6,0,0,0,46,48,11
34195,34,0,12,4,2,0,1,5,0,5,7,9,3
12195,12,6,19,37,7,0,7,0,10,0,22,28,11
07195,07,6,10,5,1,0,0,2,6,0,5,7,7
41195,41,0,8,16,8,0,3,5,0,5,0,15,9
53195,53,13,35,66,7,0,6,0,21,1,30,55,11
18195,18,6,27,28,9,0,6,2,0,1,13,18,2
42195,42,25,104,116,33,5,2,6,0,3,84,79,31
19195,19,5,23,36,8,2,1,0,17,2,27,31,15
23195,23,30,101,123,44,2,8,5,4,0,113,84,38
36195,36,14,83,62,19,5,13,0,3,4,45,49,12
43195,43,7,30,30,7,4,3,0,0,0,21,30,5
04195,04,19,75,56,10,0,0,5,6,7,67,52,19
44195,44,177,527,1130,313,9,26,4,112,34,863,775,322
87195,87,0,9,25,3,5,0,4,4,0,17,13,1
82195,82,24,113,74,20,3,7,1,8,5,66,68,23
61196,61,47,191,165,43,9,12,5,40,17,104,189,47
80196,80,8,49,26,1,0,6,0,0,4,21,28,8
02196,02,4,54,26,9,1,2,0,12,0,21,21,9
21196,21,27,107,123,31,2,5,2,3,2,81,98,28
51196,51,24,115,79,19,7,1,6,0,5,62,103,23
76196,76,65,287,258,68,2,19,1,0,13,239,199,73
64196,64,6,8,16,6,0,6,1,0,0,11,7,7
14196,14,10,27,37,6,3,0,3,0,3,7,31,10
70196,70,8,49,23,7,4,0,2,0,0,15,26,7
25196,25,32,169,154,36,6,8,0,29,4,129,140,34
78196,78,10,22,43,6,2,1,0,0,6,19,45,5
39196,39,1,14,17,6,1,5,1,0,0,0,14,0
59196,59,37,190,134,46,10,12,0,1,8,154,107,38
57196,57,10,56,41,10,0,1,0,13,0,44,45,13
52196,52,0,17,8,3,2,0,2,7,0,7,15,0
54196,54,41,196,155,51,4,12,0,0,12,160,116,54
31196,31,5,21,28,9,0,3,3,18,2,26,16,9
77196,77,26,83,75,25,1,5,5,0,7,41,66,16
55196,55,2,20,7,1,6,0,2,0,0,13,13,6
50196,50,22,57,70,16,0,5,4,0,5,37,62,14
65196,65,0,4,11,2,5,0,1,0,3,14,9,0
08196,08,7,19,5,0,0,2,0,0,0,7,13,0
33196,33,2,22,18,9,0,3,2,0,3,17,10,6
24196,24,6,51,50,16,0,6,4,7,1,50,43,12
88196,88,287,1215,816,200,39,57,13,16,50,623,743,197
67196,67,88,304,284,70,8,9,2,49,18,188,270,67
28196,28,76,361,300,70,16,25,6,43,14,234,302,88
01196,01,37,132,124,31,1,2,3,0,4,70,117,23
17196,17,8,60,64,9,5,0,4,0,6,39,56,16
62196,62,10,99,55,10,2,7,0,17,1,50,44,13
60196,60,19,147,80,22,3,0,10,31,5,86,73,20
32196,32,6,13,16,10,1,1,0,6,0,21,10,10
11196,11,3,23,20,6,0,0,5,0,1,8,17,3
71196,71,23,66,70,24,3,0,4,0,0,45,59,21
30196,30,9,70,34,7,6,6,0,0,5,37,43,10
27196,27,37,187,131,28,9,8,3,0,4,89,126,28
10196,10,2,26,23,5,2,6,2,0,2,13,19,0
63196,63,20,73,105,26,8,3,5,7,1,80,59,21
16196,16,22,73,79,20,6,5,3,0,3,58,61,26
68196,68,12,43,30,8,0,7,0,5,0,17,32,12
45196,45,42,159,165,34,4,8,3,0,4,107,146,45
09196,09,0,9,10,4,0,6,0,0,1,6,5,4
46196,46,6,4,15,1,0,6,4,0,0,9,5,7
40196,40,16,46,68,26,0,0,4,15,4,49,46,25
26196,26,40,171,170,44,1,3,0,24,12,148,135,49
35196,35,153,510,1079,316,26,49,19,9,24,686,712,307
72196,72,14,68,71,18,6,7,2,0,2,55,91,12
74196,74,12,50,61,12,0,0,1,22,5,37,69,20
03196,03,4,21,29,8,0,6,5,0,0,20,23,6
47196,47,2,28,23,5,1,0,0,3,0,26,19,1
81196,81,22,93,79,25,5,1,5,5,0,89,66,29
58196,58,7,49,54,15,5,6,0,0,2,41,33,11
2A196,2A,4,21,15,0,5,0,0,12,6,16,19,0
73196,73,17,84,92,24,0,8,4,21,7,67,75,16
79196,79,60,195,273,72,4,10,6,47,7,179,198,69
22196,22,22,72,117,44,2,8,0,11,5,88,82,39
29196,29,38,157,301,111,2,11,9,21,3,189,180,117
86196,86,7,20,24,13,0,0,4,2,3,19,25,6
34196,34,7,25,23,0,0,0,0,0,6,16,21,1
37196,37,49,143,180,56,3,9,2,0,7,110,170,59
56196,56,11,48,69,22,2,7,0,8,5,50,58,17
07196,07,6,30,22,9,0,7,4,0,3,22,21,3
41196,41,3,9,4,6,0,0,0,6,3,1,10,0
53196,53,11,32,45,15,4,3,0,0,0,28,57,14
18196,18,5,7,7,7,0,5,4,0,2,0,14,2
85196,85,53,163,221,46,3,10,1,0,8,132,210,45
19196,19,10,38,59,17,3,6,2,15,0,41,35,20
69196,69,16,45,73,17,2,0,0,5,1,52,61,15
23196,23,5,21,19,11,2,5,0,0,0,17,25,9
36196,36,0,15,8,8,0,1,0,2,2,6,11,1
43196,43,3,28,19,6,5,4,0,1,0,16,23,7
15196,15,35,137,194,38,8,10,4,20,0,121,174,45
42196,42,7,10,17,7,0,0,0,0,5,2,12,6
66196,66,49,477,282,88,14,21,6,40,7,358,292,80
44196,44,38,105,198,58,3,8,5,0,4,159,132,57
89196,89,65,242,148,39,5,17,8,4,6,86,172,48
62197,62,48,270,156,55,8,9,0,8,9,146,129,44
80197,80,5,1,2,4,0,0,0,2,0,4,4,0
02197,02,10,95,45,7,0,8,0,3,0,51,37,15
21197,21,0,0,9,4,1,4,0,0,1,0,0,4
14197,14,35,127,159,40,1,7,0,0,4,93,129,40
76197,76,9,18,18,11,0,1,1,3,0,20,20,1
64197,64,6,12,21,9,0,7,0,4,4,16,25,8
70197,70,19,108,69,21,0,5,0,13,7,59,69,13
25197,25,15,67,67,17,0,1,0,0,7,51,54,10
95197,95,408,1523,2287,629,43,76,32,134,123,2100,1607,597
60197,60,26,126,84,17,5,6,0,0,8,67,70,22
39197,39,15,50,48,8,3,3,0,2,1,45,31,6
59197,59,54,349,239,63,10,20,1,0,16,251,201,72
57197,57,13,63,49,19,5,4,2,18,5,41,42,15
52197,52,42,190,101,30,9,16,10,0,7,52,101,30
54197,54,55,282,231,77,7,4,3,48,4,212,182,67
31197,31,7,39,54,15,6,3,1,0,5,36,29,20
55197,55,8,22,13,7,3,0,0,14,0,8,9,1
77197,77,5,15,10,0,3,0,0,0,0,14,10,5
50197,50,69,167,242,58,11,10,4,23,4,144,202,55
65197,65,1,25,23,12,0,0,0,0,0,22,21,7
88197,88,11,51,40,5,6,1,4,4,0,26,35,8
24197,24,13,70,86,20,1,0,0,33,0,87,58,29
08197,08,0,6,9,3,0,0,0,0,0,2,3,4
89197,89,23,84,56,11,3,0,4,18,5,58,66,15
33197,33,8,42,63,11,6,2,0,0,3,43,45,23
61197,61,7,12,21,2,2,0,3,4,0,10,12,1
67197,67,56,204,183,43,2,7,6,0,8,111,173,40
28197,28,6,11,12,7,0,0,2,0,0,8,16,0
38197,38,39,186,202,48,3,7,6,0,11,136,136,56
17197,17,83,339,377,93,10,24,8,44,18,280,332,85
01197,01,11,41,42,12,0,7,5,0,0,13,31,6
51197,51,6,16,5,0,0,0,0,3,5,2,9,0
16197,16,0,14,14,2,3,4,5,2,1,6,5,1
32197,32,9,23,26,9,1,3,0,0,5,21,27,11
11197,11,14,77,59,20,3,6,3,0,0,50,39,21
46197,46,26,79,153,36,1,3,0,27,6,124,90,33
30197,30,9,42,20,5,0,5,2,0,2,25,21,9
10197,10,8,31,17,6,0,6,3,0,3,5,26,0
63197,63,0,11,14,1,2,0,0,7,3,20,7,4
68197,68,16,71,44,16,0,2,5,0,7,24,59,15
45197,45,43,182,161,38,5,3,3,26,6,119,149,35
09197,09,5,0,2,5,4,0,1,0,2,0,0,7
85197,85,101,311,452,83,18,23,7,47,11,259,421,80
26197,26,107,459,439,115,16,17,5,33,18,410,362,117
40197,40,118,444,591,217,24,31,16,48,24,459,418,201
35197,35,31,107,206,63,12,13,0,9,4,125,134,62
72197,72,12,62,59,12,2,1,5,0,1,56,86,13
74197,74,39,110,146,33,4,7,0,10,5,94,161,36
03197,03,33,160,171,37,11,14,2,22,6,134,142,33
81197,81,5,20,28,11,0,0,0,0,5,19,26,11
47197,47,2,32,24,10,0,4,0,19,0,17,18,3
58197,58,6,18,20,1,2,0,1,10,3,10,8,9
79197,79,6,5,15,3,1,1,5,0,0,2,13,0
2A197,2A,5,24,15,6,3,5,0,5,6,12,20,2
73197,73,17,79,84,16,1,7,3,0,7,54,75,23
22197,22,49,213,390,115,6,17,9,10,16,267,257,111
29197,29,81,277,600,238,13,20,2,50,19,397,360,215
86197,86,8,42,55,14,2,0,0,1,0,44,39,19
34197,34,16,136,115,29,2,0,0,23,5,130,90,35
37197,37,16,41,52,9,7,0,0,0,0,39,47,14
07197,07,59,310,274,72,6,22,0,25,17,284,222,88
12197,12,47,162,260,62,7,16,6,35,1,191,206,69
53197,53,24,61,94,27,5,2,0,0,5,65,114,21
18197,18,242,1106,988,252,64,59,19,50,30,862,878,254
69197,69,52,166,280,69,6,11,9,32,14,218,250,69
23197,23,11,28,34,17,2,5,5,12,5,33,27,8
36197,36,8,39,39,11,1,6,1,5,0,33,31,13
43197,43,10,56,47,13,5,4,1,0,1,39,37,11
42197,42,26,118,118,30,2,4,2,21,6,104,91,30
04197,04,72,423,350,96,4,21,4,30,12,400,309,78
44197,44,39,97,216,64,1,10,0,0,7,164,146,55
66197,66,4,10,3,0,0,0,2,0,0,0,4,1
87197,87,9,52,70,22,5,0,0,4,5,50,44,16
56197,56,69,247,398,98,5,21,0,15,12,222,290,96
62198,62,13,63,27,11,4,6,2,0,0,27,27,9
80198,80,12,60,45,8,4,4,5,2,5,46,32,6
02198,02,3,39,16,10,1,0,0,12,0,21,14,6
21198,21,3,29,32,11,0,0,0,10,0,29,24,7
14198,14,7,23,28,5,2,2,0,12,6,23,32,5
76198,76,23,97,87,22,0,7,0,0,4,74,64,25
51198,51,14,76,61,16,2,2,0,0,7,32,62,18
91198,91,50,123,196,45,0,5,0,25,12,176,127,58
70198,70,29,170,106,24,2,11,0,11,0,81,102,25
64198,64,34,115,245,65,0,11,5,81,3,192,154,75
60198,60,13,56,37,5,3,4,5,0,0,30,34,4
39198,39,551,2398,2133,518,54,155,33,162,76,1996,1922,511
25198,25,19,76,61,17,2,8,3,9,6,48,61,14
59198,59,1,27,17,4,0,0,0,0,5,12,15,10
57198,57,9,25,17,0,0,4,0,12,0,11,18,6
52198,52,3,11,2,7,0,3,3,0,2,0,6,2
71198,71,9,50,43,9,4,6,2,0,0,23,30,14
54198,54,1,35,32,13,6,0,2,0,3,10,22,11
55198,55,16,108,53,16,0,7,0,11,6,40,56,14
77198,77,6,28,27,11,3,4,0,0,3,6,14,7
50198,50,8,50,63,14,0,8,2,13,0,37,53,10
88198,88,15,80,52,9,4,2,0,15,3,44,54,18
65198,65,28,111,144,41,1,9,2,37,1,126,80,37
08198,08,10,66,45,11,3,4,3,4,0,28,46,20
61198,61,5,14,11,8,6,6,0,0,0,0,21,0
89198,89,61,241,180,39,5,18,0,6,9,129,170,45
33198,33,28,130,196,55,2,13,4,4,1,166,125,52
67198,67,0,23,11,8,4,0,0,0,1,3,16,5
28198,28,20,108,91,17,0,3,2,4,7,56,92,18
38198,38,20,117,120,32,6,5,5,13,2,104,83,31
01198,01,3,26,23,7,3,4,0,8,0,23,18,5
17198,17,9,30,25,5,5,1,3,0,6,8,23,3
72198,72,58,259,247,71,8,20,2,0,9,205,360,75
32198,32,0,23,19,3,6,4,3,0,0,21,13,7
11198,11,21,146,107,25,0,5,1,7,1,98,79,32
31198,31,5,12,12,9,2,5,5,0,0,2,12,9
30198,30,3,33,30,8,1,4,3,0,1,26,24,9
44198,44,184,528,1121,297,42,49,13,48,53,825,782,311
10198,10,9,18,16,4,0,0,0,0,1,0,8,4
63198,63,34,108,175,42,1,8,0,24,6,142,103,49
16198,16,17,50,59,12,5,8,0,2,0,47,45,12
68198,68,13,40,25,10,0,3,0,5,0,19,37,3
45198,45,5,40,38,4,0,1,0,16,0,24,29,8
27198,27,132,739,528,134,18,38,19,42,20,455,500,108
09198,09,8,24,20,8,1,4,0,0,4,27,20,4
46198,46,3,7,10,6,0,0,5,5,0,8,10,2
26198,26,889,4078,3797,1018,128,182,42,264,188,3353,3169,1030
40198,40,8,17,27,8,5,0,4,0,2,5,20,9
35198,35,14,54,102,31,0,0,0,10,1,59,65,34
03198,03,6,13,26,8,4,6,0,0,6,0,14,10
74198,74,29,100,142,25,5,2,4,10,2,80,147,27
58198,58,10,45,33,11,2,4,2,1,4,28,29,9
81198,81,14,34,32,15,0,7,0,0,4,41,32,9
2A198,2A,5,93,52,11,0,2,5,20,0,44,72,14
47198,47,7,37,27,10,0,3,1,15,0,33,23,5
79198,79,5,18,32,9,0,2,1,0,3,20,28,9
22198,22,103,363,598,187,26,39,14,49,17,419,396,199
29198,29,37,119,258,96,4,7,6,27,9,162,161,96
86198,86,20,63,82,20,7,2,1,30,0,62,54,25
34198,34,203,1321,1035,270,23,45,9,38,45,1163,886,299
12198,12,44,149,232,52,8,12,3,78,0,179,195,52
37198,37,4,25,35,16,5,5,0,0,6,22,35,15
56198,56,36,133,214,54,7,8,4,45,0,127,156,62
07198,07,32,124,123,30,8,6,2,0,5,98,100,29
41198,41,82,309,272,78,7,6,8,21,10,189,280,64
42198,42,18,104,99,22,5,5,0,0,6,79,71,25
18198,18,7,56,50,16,3,7,3,0,0,16,43,12
85198,85,38,121,185,35,0,9,0,21,2,100,157,29
53198,53,3,21,25,11,0,0,0,0,0,11,36,10
19198,19,5,0,16,4,0,4,3,0,4,0,8,8
69198,69,22,64,91,25,4,1,0,0,6,72,80,22
23198,23,9,17,12,3,0,0,0,12,0,12,13,5
43198,43,15,49,42,12,3,7,1,0,5,13,35,8
36198,36,14,55,44,9,1,0,0,9,0,35,34,11
15198,15,5,13,17,0,1,4,4,8,0,9,11,3
66198,66,9,57,40,6,3,0,0,4,4,50,30,12
87198,87,5,33,44,17,5,7,4,0,5,37,29,21
48198,48,9,64,71,15,5,1,1,4,0,61,75,11
62199,62,18,118,63,18,0,7,0,0,4,47,54,17
02199,02,15,91,44,15,7,0,0,0,3,41,39,9
80199,80,10,78,63,15,8,3,5,10,3,44,38,12
21199,21,4,18,14,3,2,6,0,0,0,0,9,5
76199,76,16,75,63,16,0,9,4,0,0,68,50,23
51199,51,15,61,38,12,1,0,0,0,0,25,37,11
70199,70,0,12,5,4,2,0,2,16,0,5,6,3
27199,27,14,76,53,17,1,5,0,15,1,44,44,15
64199,64,1,12,21,7,1,0,1,1,0,13,6,2
39199,39,33,143,130,35,2,17,0,20,5,125,111,30
95199,95,266,1040,1541,409,34,61,16,97,91,1392,1091,387
60199,60,9,46,30,4,1,0,3,0,6,14,30,9
25199,25,7,39,41,14,6,0,0,0,7,33,33,12
59199,59,19,103,71,27,5,0,0,6,5,77,58,25
57199,57,16,98,63,15,0,2,3,5,0,60,50,19
52199,52,3,9,6,0,0,1,0,0,0,0,11,1
71199,71,7,27,21,4,4,0,1,0,3,12,15,4
54199,54,10,53,51,10,0,2,2,7,4,37,34,14
55199,55,7,11,12,0,4,3,4,0,0,0,15,0
31199,31,7,13,28,7,0,4,0,0,2,24,21,12
77199,77,36,140,132,27,3,9,6,1,9,120,99,29
50199,50,19,56,69,21,2,4,6,0,0,23,59,12
65199,65,0,0,10,4,2,5,2,0,1,0,8,6
88199,88,3,16,4,4,0,3,3,0,1,1,7,4
24199,24,2,34,37,6,2,3,0,14,0,31,20,9
33199,33,443,1998,2853,789,70,173,23,280,84,2308,1866,846
89199,89,11,63,40,9,0,3,0,25,0,47,41,9
61199,61,11,30,35,13,3,0,0,13,0,19,31,6
67199,67,2,3,12,6,5,5,2,0,0,0,9,0
28199,28,63,260,233,46,11,22,12,5,13,117,232,58
38199,38,60,239,281,75,6,5,6,33,11,220,195,71
01199,01,59,258,217,43,0,13,3,16,7,152,200,53
17199,17,0,7,18,0,4,0,0,0,5,12,15,3
08199,08,26,136,73,19,1,0,2,24,0,65,62,18
32199,32,9,17,23,6,0,0,0,6,4,23,16,4
11199,11,25,198,149,51,3,5,6,1,2,151,113,49
10199,10,10,46,28,12,0,2,3,2,4,23,44,7
63199,63,8,45,71,15,0,11,0,9,0,49,40,9
16199,16,83,342,387,101,14,29,11,3,13,301,266,94
68199,68,24,74,52,18,4,6,0,0,5,26,68,16
45199,45,10,63,60,14,2,6,0,0,0,36,48,16
72199,72,1,18,24,2,3,0,0,11,0,23,26,5
09199,09,11,82,76,34,5,4,2,0,2,93,47,26
46199,46,12,21,44,8,6,0,3,17,2,33,26,8
26199,26,3,5,4,1,0,0,0,0,0,6,2,0
40199,40,4,22,29,6,0,4,0,10,0,27,21,9
35199,35,8,16,50,15,5,1,5,0,0,23,29,16
74199,74,16,48,54,11,0,0,0,0,8,18,57,15
58199,58,3,20,13,4,0,1,0,5,1,21,7,7
81199,81,9,16,21,2,0,3,1,1,0,22,18,11
2B199,2B,5,36,27,9,0,5,0,0,0,1,35,0
47199,47,9,28,33,2,3,1,3,6,1,19,22,8
22199,22,32,105,172,50,4,4,2,0,6,111,118,55
29199,29,91,324,686,234,29,23,8,30,13,433,411,240
30199,30,6,3,4,4,3,1,4,0,0,0,12,3
34199,34,142,993,798,211,11,31,16,92,23,864,674,231
12199,12,44,134,225,58,3,16,9,3,8,179,194,60
37199,37,9,46,51,16,1,1,1,11,7,35,45,10
07199,07,35,152,135,35,2,11,5,11,9,130,117,32
56199,56,17,55,86,25,7,2,5,6,7,55,72,21
41199,41,32,135,123,37,9,7,0,10,1,94,133,35
42199,42,54,240,248,70,10,10,10,22,4,203,189,60
53199,53,2,12,19,4,0,3,0,16,5,11,21,9
85199,85,8,35,54,15,5,1,0,0,2,19,53,12
18199,18,5,33,26,6,0,4,0,8,0,24,29,8
19199,19,9,18,29,5,0,5,0,7,2,31,18,6
69199,69,212,847,1399,353,32,37,15,122,55,1031,1228,349
23199,23,14,43,49,15,0,5,4,0,0,27,28,19
43199,43,35,138,142,26,0,8,0,18,7,101,108,25
15199,15,1,8,6,5,2,2,5,0,1,0,11,2
04199,04,6,35,23,11,0,0,5,0,0,10,26,9
36199,36,37,147,111,39,4,12,1,0,6,104,113,31
44199,44,37,132,265,81,8,9,6,0,6,202,181,83
66199,66,7,18,18,0,0,0,2,3,1,21,11,0
87199,87,19,60,94,20,0,5,0,12,5,77,56,21
62200,62,24,179,104,20,8,4,0,2,7,90,76,24
02200,02,0,16,5,3,5,2,5,0,0,4,7,6
80200,80,7,35,31,6,5,0,0,0,1,12,21,0
21200,21,30,139,134,37,8,4,3,2,11,100,119,27
14200,14,48,204,264,69,7,21,3,3,6,191,213,74
76200,76,10,80,64,15,3,2,1,0,2,56,49,23
51200,51,7,50,47,5,2,0,0,7,6,33,37,9
70200,70,3,7,5,0,0,0,0,4,0,9,1,0
27200,27,5,22,16,4,0,3,3,0,0,5,18,0
25200,25,41,163,156,35,10,11,0,19,10,141,150,48
64200,64,7,15,18,11,2,0,4,0,4,6,20,12
60200,60,8,22,20,6,5,0,0,0,4,0,8,4
39200,39,8,28,21,3,0,6,2,16,0,20,21,5
91200,91,302,681,1097,269,7,26,19,76,58,886,747,290
59200,59,12,62,40,7,3,0,4,23,0,43,44,10
52200,52,6,12,9,3,0,0,0,0,0,0,15,7
71200,71,20,72,70,26,6,8,0,0,5,40,69,24
54200,54,0,26,20,6,5,4,1,0,6,6,12,8
55200,55,3,36,15,10,0,2,3,0,0,12,16,10
31200,31,3,5,12,1,0,2,0,0,3,11,3,9
77200,77,8,11,12,8,2,0,0,0,0,4,16,2
50200,50,17,86,106,22,0,10,0,0,3,57,91,27
65200,65,3,7,16,5,0,5,3,0,4,16,10,7
88200,88,6,6,8,6,1,0,0,0,3,0,7,0
24200,24,16,56,57,22,0,0,4,0,1,57,53,18
08200,08,5,37,25,5,0,0,4,0,0,12,13,5
89200,89,14,52,36,5,6,0,0,8,0,35,32,10
67200,67,30,114,104,26,1,4,5,19,7,67,103,29
38200,38,90,433,456,120,18,27,0,25,14,373,315,124
28200,28,15,50,44,5,2,2,4,0,5,13,42,11
10200,10,1,19,7,7,0,0,0,0,1,1,15,6
01200,01,4,21,22,3,0,3,1,0,0,18,19,10
17200,17,188,754,875,241,35,43,11,94,31,712,771,225
32200,32,5,44,44,18,0,0,4,12,7,36,36,15
33200,33,177,885,1278,355,20,73,16,97,38,1036,821,379
57200,57,7,62,45,8,3,0,2,5,0,29,32,15
11200,11,6,22,21,1,0,0,0,0,6,15,13,2
49200,49,171,520,812,203,21,37,13,50,23,478,705,172
63200,63,20,70,115,24,6,1,0,23,0,82,66,30
16200,16,13,51,57,17,0,7,0,0,7,29,41,15
68200,68,17,65,47,15,0,3,3,27,0,35,53,16
72200,72,87,360,347,86,6,21,10,7,19,282,487,103
09200,09,1,17,14,3,1,0,3,1,0,12,4,8
46200,46,10,20,43,7,0,4,3,7,0,43,23,9
26200,26,3,18,15,1,0,0,3,0,2,3,6,6
40200,40,7,43,68,25,2,0,0,29,0,49,48,18
35200,35,14,55,111,30,3,0,2,0,3,63,63,37
45200,45,39,175,176,48,4,6,1,19,2,123,167,49
74200,74,96,274,385,77,11,13,10,11,28,238,394,83
03200,03,41,157,164,44,6,7,3,4,7,148,143,37
58200,58,3,20,17,6,1,0,0,0,5,6,13,5
81200,81,14,55,51,20,6,8,0,0,1,36,38,16
2A200,2A,8,45,36,11,0,6,1,0,0,28,47,5
79200,79,3,14,30,5,0,2,0,0,6,22,25,12
47200,47,1,16,19,6,5,0,0,0,0,7,8,6
73200,73,13,49,62,14,0,6,0,6,3,53,50,16
22200,22,13,52,78,28,0,0,0,3,0,51,51,20
30200,30,18,120,72,21,1,5,0,7,9,81,71,15
86200,86,8,43,58,23,2,6,0,4,7,48,42,15
34200,34,4,24,29,2,1,0,4,9,1,26,19,3
37200,37,26,88,116,26,0,9,0,0,8,82,84,29
12200,12,24,82,133,34,4,5,3,0,7,88,112,35
07200,07,0,12,11,6,0,0,0,0,4,13,14,5
56200,56,28,127,189,53,0,12,0,13,1,120,133,56
42200,42,48,166,179,45,7,6,0,0,8,140,144,37
85200,85,32,102,136,24,0,10,6,0,2,57,133,28
53200,53,35,110,161,32,2,13,0,0,6,80,168,38
18200,18,5,28,31,12,2,1,4,5,0,24,24,11
19200,19,6,9,9,7,4,0,0,0,0,5,8,7
69200,69,23,120,206,46,5,6,2,11,11,156,166,50
23200,23,0,19,20,3,3,0,0,3,4,23,22,10
43200,43,61,203,230,42,9,18,0,16,7,165,170,49
36200,36,48,194,175,44,2,12,4,17,14,175,165,45
15200,15,5,20,21,7,6,5,3,0,6,0,23,0
41200,41,10,58,57,12,2,5,3,1,4,39,57,11
04200,04,13,75,49,10,0,6,0,6,6,66,44,10
44200,44,5,27,54,18,0,3,5,0,3,35,36,16
87200,87,1,12,12,7,0,5,3,6,1,11,7,2
62201,62,77,513,272,69,15,16,4,34,17,278,211,79
02201,02,12,48,24,8,0,0,0,9,3,30,19,4
80201,80,3,0,8,5,0,5,0,0,3,0,0,0
21201,21,9,18,26,6,4,2,0,3,0,18,28,1
76201,76,14,54,38,13,6,6,5,6,0,42,32,10
51201,51,0,21,20,0,3,3,0,1,2,10,11,0
27201,27,11,40,25,10,0,0,0,0,6,6,27,1
70201,70,4,29,16,6,1,0,0,9,0,11,21,1
64201,64,1,13,26,12,0,4,4,9,1,18,14,9
25201,25,18,60,66,22,5,0,2,5,2,48,62,10
60201,60,8,45,26,2,0,0,0,3,2,20,26,4
39201,39,7,34,35,4,3,6,0,7,1,25,21,6
91201,91,823,1851,2984,763,69,120,49,160,146,2378,2077,764
59201,59,10,68,46,18,3,0,0,14,0,50,37,19
57201,57,19,117,91,15,4,4,0,0,9,61,71,24
52201,52,0,12,3,0,3,2,0,0,3,0,9,3
71201,71,2,20,29,4,0,0,0,17,0,24,16,2
54201,54,4,43,35,7,2,6,1,11,5,28,21,6
55201,55,0,7,9,0,4,2,0,0,0,0,6,3
31201,31,3,5,8,0,0,2,0,0,0,10,9,0
77201,77,26,80,83,20,2,6,0,0,7,54,51,18
65201,65,7,14,23,3,0,3,4,12,0,23,11,7
88201,88,22,132,86,20,8,9,5,7,9,66,75,19
08201,08,6,10,12,4,1,2,0,0,0,0,10,6
33201,33,20,62,87,31,1,1,0,0,7,72,63,31
67201,67,9,36,39,10,0,3,0,0,1,22,40,6
89201,89,58,233,175,34,11,9,2,27,13,153,175,40
28201,28,57,228,204,52,7,4,6,5,16,141,213,51
972201,972,16,113,257,91,15,28,0,8,13,262,155,100
17201,17,11,33,51,9,2,0,0,0,0,33,44,12
10201,10,5,7,2,2,0,5,0,0,0,4,8,6
49201,49,53,165,285,78,13,6,4,2,13,174,267,67
32201,32,14,43,45,15,1,2,0,6,2,33,30,15
47201,47,203,1098,919,250,26,54,9,150,36,799,777,233
56201,56,17,60,95,20,7,3,3,0,6,28,74,25
11201,11,12,100,82,23,5,8,0,9,0,85,50,23
63201,63,28,98,134,37,9,3,4,0,5,102,82,42
68201,68,137,514,373,80,10,23,13,45,28,240,423,79
72201,72,11,30,22,10,6,2,5,0,3,0,43,5
46201,46,34,121,204,62,4,12,1,7,6,176,126,62
26201,26,3,3,8,1,2,0,0,0,2,5,4,7
09201,09,5,4,8,7,1,5,0,0,0,0,9,5
35201,35,17,50,113,29,3,0,0,7,0,74,79,39
40201,40,22,108,146,55,8,7,5,15,9,113,91,58
45201,45,1,26,21,10,5,6,0,0,0,1,27,8
74201,74,47,125,156,38,5,4,3,13,10,109,185,33
03201,03,8,36,34,13,5,6,0,0,0,30,24,12
58201,58,3,11,17,0,3,0,0,12,2,7,17,3
81201,81,23,93,98,25,0,4,0,28,0,97,76,23
79201,79,43,154,215,51,10,19,3,0,6,110,145,59
2B201,2B,4,40,25,5,0,0,5,0,1,5,38,6
34201,34,8,41,25,12,4,3,0,3,3,32,21,8
73201,73,11,39,45,13,2,3,5,0,1,16,40,15
29201,29,38,138,281,96,10,24,3,5,7,186,163,101
22201,22,22,78,129,43,8,11,0,0,2,99,93,42
30201,30,6,56,34,7,0,5,4,0,7,36,28,12
86201,86,9,22,30,6,2,0,0,0,3,12,24,12
37201,37,16,72,91,18,0,9,6,0,7,63,70,25
12201,12,28,93,142,33,1,12,3,10,6,113,115,31
07201,07,60,250,226,71,5,17,5,35,12,234,194,67
42201,42,25,86,78,14,6,7,0,0,5,52,63,20
41201,41,11,38,32,5,5,6,1,0,4,24,40,11
85201,85,11,51,77,11,2,2,0,9,3,40,71,15
53201,53,200,587,942,202,39,42,14,79,19,514,971,205
18201,18,20,81,78,15,5,1,4,0,4,60,73,24
19201,19,13,60,81,21,3,7,0,12,8,67,62,19
23201,23,10,18,18,10,0,0,0,3,0,18,24,11
43201,43,14,29,37,13,2,7,0,0,1,15,29,12
15201,15,7,19,30,5,1,0,3,28,0,16,29,3
69201,69,21,97,163,40,8,9,5,0,11,107,140,44
04201,04,0,22,16,5,1,2,0,1,0,17,10,6
44201,44,183,533,1119,307,23,52,16,12,30,786,741,295
66201,66,3,5,9,4,0,0,5,0,2,1,0,2
87201,87,93,417,587,186,22,27,5,24,24,495,358,172
62202,62,15,106,50,13,1,7,0,0,0,54,46,11
80202,80,7,59,40,7,0,4,4,0,2,29,33,13
21202,21,1,22,23,6,0,0,3,0,2,3,14,2
14202,14,4,22,30,13,1,6,0,1,0,27,22,14
76202,76,6,35,38,13,3,0,2,1,0,39,22,9
51202,51,19,119,92,19,2,3,0,0,5,67,82,17
27202,27,14,66,42,17,0,5,0,0,5,30,49,14
70202,70,10,51,32,4,5,0,0,0,0,19,35,13
64202,64,4,29,68,13,6,3,0,22,4,43,46,12
25202,25,9,26,32,4,0,0,0,0,0,21,28,6
39202,39,1,9,7,0,0,1,2,9,4,10,13,7
78202,78,5,35,69,13,0,0,0,0,8,40,56,20
59202,59,121,735,479,143,6,29,3,59,26,529,411,134
57202,57,28,128,85,19,6,8,5,0,9,68,65,27
71202,71,52,211,215,61,5,9,1,0,13,174,189,52
54202,54,5,52,42,14,0,0,0,7,1,41,34,13
31202,31,107,472,769,245,16,22,9,148,17,679,488,224
55202,55,5,33,22,7,0,0,5,0,0,1,10,6
65202,65,11,33,39,16,1,0,3,4,0,39,22,16
88202,88,4,36,18,0,0,3,3,7,6,13,14,3
24202,24,10,24,24,10,3,0,5,0,1,15,17,2
08202,08,12,70,38,5,4,5,1,0,2,33,42,8
61202,61,17,57,50,11,7,3,0,0,0,13,56,8
67202,67,124,484,446,105,19,26,8,40,36,244,436,108
33202,33,18,99,159,47,5,10,0,4,4,132,109,40
89202,89,5,37,30,3,1,0,1,20,0,22,22,2
77202,77,19,84,79,24,1,2,0,2,6,79,65,24
35202,35,23,56,149,34,8,10,2,0,6,70,93,46
86202,86,11,56,64,15,0,4,0,5,0,49,39,20
37202,37,11,45,73,24,1,7,4,0,4,40,58,20
01202,01,211,802,733,148,27,29,4,13,52,464,684,164
28202,28,11,51,42,11,3,0,5,0,7,6,39,11
17202,17,15,53,62,13,6,0,0,15,0,55,52,11
32202,32,4,23,24,6,0,0,0,12,4,20,14,10
972202,972,40,217,514,197,31,56,9,33,18,545,329,200
10202,10,8,25,17,5,0,0,0,0,4,1,17,8
11202,11,123,828,566,175,22,28,18,90,21,597,456,178
63202,63,3,9,16,1,0,1,0,17,2,11,12,1
68202,68,6,33,30,9,0,3,0,0,2,15,34,1
45202,45,25,116,114,27,0,9,4,0,3,69,103,23
72202,72,6,26,21,3,6,0,2,1,6,17,41,9
46202,46,15,40,60,15,0,1,6,20,5,54,40,19
26202,26,13,50,42,11,6,6,2,0,3,22,37,15
09202,09,2,37,38,9,3,1,5,13,2,40,16,15
40202,40,68,272,383,150,6,35,9,59,23,295,266,135
74202,74,12,62,66,13,0,7,6,8,3,50,77,14
03202,03,22,71,66,21,3,0,0,2,2,58,63,21
58202,58,6,0,9,1,0,0,0,0,1,0,3,0
2B202,2B,0,0,0,5,1,0,4,0,0,7,2,0
81202,81,21,98,84,29,0,10,5,15,1,76,69,25
79202,79,232,797,1227,317,29,56,20,63,48,809,864,322
47202,47,10,34,36,12,5,1,5,0,0,20,22,7
34202,34,131,946,764,216,19,44,17,26,36,808,656,221
73202,73,8,52,56,7,0,6,4,0,4,33,42,15
29202,29,29,85,168,62,8,12,4,0,8,84,101,66
22202,22,16,55,91,32,6,5,0,0,6,56,65,32
30202,30,178,1255,769,195,16,15,16,152,41,925,710,198
12202,12,474,1508,2423,569,68,144,51,312,84,1818,1987,550
07202,07,3,32,20,9,2,0,2,0,6,23,25,3
56202,56,10,40,63,12,0,1,0,25,0,40,53,15
42202,42,19,89,73,26,0,6,4,2,0,67,65,20
53202,53,4,19,36,8,0,4,2,13,5,18,38,4
18202,18,6,0,5,0,0,4,2,0,0,0,0,2
23202,23,4,29,24,11,1,3,0,0,5,17,27,14
43202,43,1,12,18,0,3,4,0,0,3,9,6,0
15202,15,23,77,106,23,7,10,4,20,4,64,95,18
36202,36,79,372,313,104,10,21,8,65,2,316,307,86
85202,85,41,136,200,34,6,12,2,35,2,116,200,33
69202,69,430,1545,2522,642,41,84,48,147,93,1811,2249,641
19202,19,44,158,266,54,11,17,2,8,10,191,173,60
04202,04,1,25,13,2,1,4,0,5,0,18,12,4
66202,66,1,27,10,5,0,4,0,8,0,12,19,2
44202,44,33,106,226,69,11,13,0,17,4,177,146,74
87202,87,54,191,281,72,10,15,4,0,8,193,163,80
972203,972,36,225,517,198,34,69,17,4,39,508,354,199
62203,62,15,83,48,10,0,4,0,0,0,44,35,11
02203,02,22,188,88,25,4,7,0,29,0,88,84,17
80203,80,6,11,14,2,0,0,4,0,0,0,12,0
21203,21,0,15,17,5,0,0,0,15,0,13,17,1
14203,14,7,13,27,3,0,0,0,0,2,16,23,11
76203,76,22,95,86,23,0,6,6,0,7,57,70,24
51203,51,3,33,19,5,3,4,2,0,0,15,18,7
25203,25,0,10,21,0,0,6,0,14,2,7,9,4
27203,27,12,83,44,14,5,8,0,2,1,43,49,9
64203,64,8,14,41,16,2,3,3,10,0,28,25,9
39203,39,8,7,12,7,0,0,0,0,5,0,9,1
60203,60,13,52,31,10,0,5,0,0,7,34,28,13
95203,95,436,1643,2437,661,68,88,33,169,135,2186,1796,661
59203,59,31,218,140,40,6,11,0,3,10,153,126,46
57203,57,4,26,26,11,5,1,0,0,0,20,12,5
52203,52,5,22,18,8,4,6,0,0,0,0,17,6
71203,71,0,3,9,0,0,0,2,1,0,7,1,0
54203,54,0,23,24,2,1,2,0,0,1,18,18,1
31203,31,152,670,1109,318,20,50,6,115,29,960,665,340
77203,77,51,137,157,35,14,0,3,0,17,126,125,39
65203,65,2,0,5,0,3,0,0,0,5,0,0,1
88203,88,14,53,41,11,0,2,0,0,4,21,26,13
08203,08,4,40,27,8,0,3,5,0,3,8,28,6
67203,67,17,57,49,8,0,3,0,0,6,18,41,12
33203,33,81,369,528,144,16,33,3,4,11,419,332,166
61203,61,24,111,114,24,0,4,4,16,0,76,113,27
89203,89,10,30,25,5,0,0,0,0,4,5,18,7
70203,70,3,19,16,7,3,3,0,0,1,3,13,5
35203,35,11,18,39,9,0,3,0,12,1,27,26,13
38203,38,8,48,56,14,5,5,4,0,4,24,42,18
01203,01,36,146,130,29,2,7,0,0,5,86,129,27
28203,28,25,94,78,13,5,6,0,0,0,52,67,22
17203,17,17,73,75,25,0,7,2,2,0,64,74,14
32203,32,8,30,29,8,0,6,0,1,6,27,20,10
44203,44,43,122,248,72,9,16,2,0,10,184,181,74
10203,10,9,56,33,5,5,0,0,0,7,26,47,12
11203,11,173,1257,883,284,25,68,21,127,35,954,687,293
16203,16,1,15,19,2,4,5,5,0,0,0,9,0
63203,63,18,93,151,30,4,12,4,38,0,108,83,36
68203,68,49,201,151,40,4,5,4,3,14,112,163,36
45203,45,151,632,655,152,9,24,15,82,22,428,585,151
09203,09,6,20,17,3,4,0,0,3,0,28,13,4
46203,46,5,12,28,6,3,4,3,0,3,24,23,8
26203,26,12,37,37,10,1,0,0,0,6,18,21,11
40203,40,4,26,49,21,4,2,0,0,0,29,30,20
74203,74,0,7,14,2,0,2,1,1,0,9,18,0
58203,58,7,1,8,8,0,2,0,0,2,0,12,6
03203,03,7,36,43,15,1,1,0,5,6,38,35,9
2A203,2A,0,11,5,3,0,1,1,7,3,8,20,0
79203,79,11,39,58,16,0,6,0,0,4,36,44,8
81203,81,14,63,63,25,0,0,1,0,7,58,54,21
47203,47,66,296,231,58,14,16,7,20,3,223,208,63
34203,34,30,234,195,51,1,3,1,23,12,220,159,51
22203,22,72,284,505,153,14,32,8,52,13,373,323,142
30203,30,0,56,39,10,8,0,7,3,4,20,31,12
86203,86,15,49,55,19,0,0,0,7,7,46,36,15
37203,37,80,288,387,99,24,17,5,23,9,270,337,98
12203,12,15,49,65,17,0,0,0,30,2,51,55,14
07203,07,1,19,14,8,0,0,0,5,5,23,9,4
56203,56,14,50,86,27,5,2,0,8,5,56,55,18
41203,41,14,63,45,17,3,1,0,0,0,37,45,18
42203,42,13,39,35,8,2,6,0,2,0,28,24,14
53203,53,19,48,62,20,4,8,0,0,0,30,64,8
18203,18,5,0,15,3,5,6,1,0,4,0,9,8
69203,69,16,73,116,26,1,3,0,7,6,89,94,32
43203,43,16,66,61,19,0,9,2,0,7,27,52,14
23203,23,6,22,20,11,0,2,0,0,0,23,23,9
15203,15,8,14,30,9,1,0,1,0,0,12,29,8
36203,36,0,6,3,0,0,3,1,12,0,1,9,0
19203,19,54,183,274,64,9,15,4,33,14,184,183,66
04203,04,13,65,50,8,0,6,2,8,5,52,41,14
66203,66,0,11,3,4,0,0,0,5,0,4,8,4
87203,87,32,134,206,58,7,6,0,12,5,171,117,59
16204,16,30,145,179,48,11,8,4,9,0,141,115,46
62204,62,41,243,135,31,6,4,3,15,10,141,111,41
02204,02,0,9,5,7,0,0,2,8,0,3,7,0
80204,80,19,96,76,19,7,5,6,0,1,41,48,9
21204,21,0,6,19,2,0,6,2,0,5,0,13,3
14204,14,6,15,19,3,0,2,0,17,0,15,23,5
76204,76,3,29,24,7,2,0,1,3,4,21,21,6
51204,51,49,209,142,37,7,11,3,0,5,92,170,34
70204,70,2,24,13,2,3,1,1,4,0,16,21,1
25204,25,59,287,288,78,12,19,0,30,7,241,285,72
27204,27,7,39,23,8,0,7,0,7,1,24,31,8
39204,39,0,2,3,3,0,2,1,0,2,2,5,0
64204,64,7,30,46,19,1,0,0,24,4,37,29,12
91204,91,36,73,108,23,6,0,0,12,2,87,80,24
60204,60,8,43,30,2,0,6,1,11,5,24,27,3
59204,59,7,73,52,11,0,2,0,5,0,49,37,15
57204,57,22,83,61,9,1,4,2,4,0,44,50,16
54204,54,8,16,8,8,0,3,1,0,0,0,15,5
52204,52,7,6,8,2,0,2,0,0,0,0,6,6
71204,71,44,200,169,51,11,13,1,1,5,152,153,46
31204,31,5,2,9,0,0,0,0,6,0,3,9,3
77204,77,9,20,19,11,0,6,0,0,5,22,11,1
65204,65,1,0,9,2,0,4,0,0,0,0,3,0
08204,08,0,18,2,0,0,2,0,1,0,6,12,0
55204,55,8,36,25,2,4,3,0,15,0,15,25,3
67204,67,316,1214,1115,257,48,78,13,56,51,673,1064,263
33204,33,5,47,60,24,6,6,4,0,0,53,45,13
89204,89,13,76,52,20,6,5,0,11,3,44,56,17
12204,12,7,16,22,13,0,0,2,2,0,18,18,13
38204,38,7,23,30,7,6,4,0,0,4,20,21,12
32204,32,9,36,54,13,5,2,1,17,0,49,39,12
972204,972,29,207,476,186,42,63,8,40,25,503,310,186
01204,01,24,97,81,18,7,3,0,0,0,56,78,16
73204,73,44,169,184,41,6,7,2,21,11,141,158,45
11204,11,0,4,4,3,1,0,1,0,0,0,6,3
10204,10,5,14,14,5,5,0,0,0,3,1,10,8
17204,17,12,25,29,10,3,4,2,3,0,34,28,5
63204,63,31,105,152,42,4,8,2,0,5,131,98,48
68204,68,43,157,106,27,5,12,0,16,6,75,134,28
72204,72,6,50,52,9,3,0,0,12,1,39,82,20
09204,09,8,28,32,12,0,7,0,0,3,18,19,5
46204,46,7,28,52,17,0,1,4,6,2,56,31,20
26204,26,1,19,13,5,2,4,3,5,4,17,13,3
45204,45,25,89,85,21,0,0,0,27,0,65,91,18
40204,40,2,27,36,12,0,4,2,0,0,14,27,12
35204,35,75,221,441,137,17,16,3,24,22,300,283,143
03204,03,9,62,64,10,0,1,3,40,2,60,50,10
2A204,2A,2,38,27,8,0,3,4,2,0,11,32,0
81204,81,51,268,257,84,11,17,6,15,12,208,208,80
47204,47,5,31,27,6,0,1,0,7,0,30,22,9
34204,34,26,155,120,37,0,7,6,1,2,134,96,38
29204,29,38,119,276,90,5,10,6,5,4,178,158,93
22204,22,21,100,156,51,9,10,1,0,9,113,116,55
30204,30,9,57,32,9,0,0,0,0,0,29,35,8
79204,79,30,81,113,29,9,7,3,3,2,94,77,31
86204,86,64,206,264,68,11,14,5,0,6,198,204,71
37204,37,31,108,136,36,0,2,0,26,4,107,131,43
07204,07,59,296,264,77,12,14,4,20,12,264,210,69
56204,56,19,48,78,28,5,1,0,0,1,42,68,26
42204,42,37,125,123,36,2,1,1,43,0,96,98,29
53204,53,10,34,53,13,2,6,4,0,4,11,42,9
85204,85,67,233,360,60,9,10,4,8,16,186,331,68
41204,41,45,207,181,47,7,13,5,12,10,144,179,42
18204,18,12,30,33,10,5,1,1,0,1,21,29,3
19204,19,11,26,39,9,5,1,4,0,0,19,30,15
69204,69,376,1453,2377,590,37,70,33,119,112,1635,2035,631
43204,43,5,29,28,1,0,0,5,0,0,6,23,7
23204,23,0,9,11,0,0,4,4,19,1,10,8,8
36204,36,13,35,36,10,5,1,4,0,0,19,31,5
15204,15,36,154,236,50,2,16,5,0,3,138,186,47
04204,04,1,28,14,4,0,0,0,1,6,27,14,8
66204,66,11,52,32,10,0,3,0,0,2,32,31,12
44204,44,218,627,1302,367,26,59,12,78,46,1041,899,370
58204,58,13,52,47,10,7,8,0,0,0,36,43,12
87204,87,9,14,26,11,0,1,0,0,4,13,17,9
62205,62,34,228,129,30,12,5,0,18,9,125,93,42
972205,972,58,236,525,192,42,63,5,17,20,562,343,198
02205,02,8,31,14,2,6,0,1,0,6,4,21,0
80205,80,14,117,89,18,4,10,2,22,0,71,72,18
21205,21,8,29,22,10,0,3,4,0,6,22,21,2
14205,14,0,15,21,12,0,0,2,9,0,23,19,4
76205,76,7,30,25,4,0,6,2,0,0,10,25,7
51205,51,2,31,30,1,2,0,0,13,1,15,30,9
27205,27,8,53,46,10,2,0,5,0,4,32,34,14
70205,70,12,44,18,9,3,4,0,0,0,7,25,7
39205,39,15,56,37,14,0,2,5,9,1,37,33,6
95205,95,128,532,773,180,29,37,15,29,32,694,554,221
60205,60,4,0,10,6,0,0,0,0,2,0,0,5
59205,59,177,1073,756,226,28,40,15,53,39,770,663,213
64205,64,0,21,33,13,5,0,5,0,1,11,21,10
57205,57,52,277,221,52,11,12,12,14,12,185,178,62
54205,54,66,301,277,85,2,19,3,0,10,217,202,70
52205,52,19,117,70,10,7,3,1,23,0,41,60,15
71205,71,22,70,70,17,3,6,3,9,0,52,61,18
31205,31,42,204,331,116,11,13,6,49,11,288,214,94
77205,77,4,22,18,0,0,5,0,0,2,3,10,9
88205,88,12,41,35,7,0,1,4,1,0,29,31,10
65205,65,0,7,11,6,3,0,0,0,1,3,0,0
24205,24,10,65,74,24,0,8,0,9,5,64,54,17
08205,08,0,9,8,5,0,0,1,0,0,0,10,7
67205,67,157,549,516,125,14,26,15,33,15,324,481,119
33205,33,28,112,185,54,0,15,3,0,9,139,120,49
89205,89,10,65,41,14,5,0,0,8,0,37,37,15
50205,50,3,32,37,7,4,2,0,1,3,24,26,10
12205,12,24,61,92,25,0,5,0,16,3,82,86,21
38205,38,75,320,358,86,10,6,4,13,14,287,227,97
32205,32,0,10,14,8,1,2,0,0,0,11,5,0
73205,73,7,17,17,5,1,6,0,0,3,11,17,4
87205,87,54,198,287,90,10,17,9,16,7,242,156,82
34205,34,8,31,29,3,6,4,0,6,0,32,22,10
44205,44,55,152,327,93,8,5,11,11,9,264,211,91
11205,11,2,24,14,8,0,0,0,0,6,6,7,2
17205,17,15,40,42,7,0,4,0,0,1,44,49,14
10205,10,8,4,3,0,5,1,4,0,5,0,10,2
63205,63,13,34,51,19,0,5,0,16,0,49,33,9
16205,16,13,55,69,14,1,4,0,0,6,43,50,16
68205,68,32,131,92,23,5,6,4,30,10,71,109,21
49205,49,15,73,103,31,0,5,0,16,0,60,88,21
72205,72,36,174,168,38,10,5,2,0,5,124,222,48
09205,09,6,9,12,7,0,0,0,0,0,0,3,6
46205,46,11,25,32,9,0,3,2,8,0,35,23,5
26205,26,5,0,15,7,0,5,5,0,6,0,7,8
45205,45,4,30,29,7,0,5,4,0,5,14,25,3
40205,40,11,28,32,8,0,7,1,6,0,27,16,6
35205,35,7,20,51,20,2,1,0,2,3,31,37,11
74205,74,47,119,163,36,0,10,3,10,4,109,173,29
58205,58,24,80,73,28,5,1,1,7,5,74,52,16
2B205,2B,7,110,73,11,1,2,0,44,7,56,109,13
79205,79,5,0,8,7,4,0,0,0,0,0,0,0
47205,47,7,26,20,8,0,0,0,14,0,17,28,7
22205,22,14,36,55,20,7,0,0,0,0,36,38,22
29205,29,27,77,146,62,2,9,0,0,0,98,104,59
30205,30,9,46,28,3,2,4,0,1,0,27,23,12
81205,81,9,22,19,6,2,0,0,0,5,17,17,12
03205,03,8,62,58,13,0,1,0,4,0,51,42,19
86205,86,5,12,19,3,4,0,0,3,5,20,14,10
37205,37,39,115,156,37,4,9,5,2,5,124,139,46
07205,07,33,162,159,42,6,7,0,7,2,155,109,46
56205,56,27,87,147,32,0,2,0,8,5,90,115,40
42205,42,22,82,86,23,4,3,0,0,7,64,66,24
85205,85,19,50,63,11,0,6,0,2,7,31,57,17
41205,41,4,31,22,3,4,0,0,0,3,16,20,9
18205,18,276,1089,997,239,39,48,34,89,38,858,863,264
19205,19,0,5,10,4,0,4,0,14,0,14,9,0
69205,69,106,366,621,158,16,22,3,73,26,418,536,167
23205,23,9,20,13,7,0,0,0,0,0,4,19,9
43205,43,115,474,468,111,9,30,5,64,15,356,360,96
15205,15,4,18,19,6,0,6,0,0,1,4,20,2
36205,36,1,12,10,5,6,0,0,3,1,10,11,2
04205,04,38,192,166,48,5,11,7,12,2,166,160,39
66205,66,17,145,89,27,1,9,0,0,1,85,79,28
62206,62,7,52,27,5,0,3,4,5,0,32,16,7
22206,22,64,255,458,135,13,11,11,32,17,311,288,144
02206,02,6,14,12,0,1,2,2,0,0,2,4,3
80206,80,8,23,12,0,1,0,0,1,0,7,10,6
14206,14,5,37,42,16,0,1,0,0,5,21,29,15
76206,76,4,34,28,5,6,6,0,14,2,33,22,12
51206,51,7,5,12,3,5,0,3,0,5,0,9,1
27206,27,7,58,33,13,0,0,0,0,6,32,33,12
70206,70,12,95,54,15,3,8,0,4,3,55,55,16
39206,39,3,22,16,6,0,0,0,25,3,16,15,0
78206,78,73,214,486,118,3,12,12,14,11,276,488,123
60206,60,22,141,88,20,7,6,3,0,4,61,82,24
59206,59,66,391,281,82,10,5,5,7,19,286,240,82
64206,64,6,9,11,4,0,0,4,4,0,10,14,9
57206,57,342,1756,1276,344,64,88,23,52,70,979,1044,345
54206,54,11,52,47,6,0,4,0,0,0,29,32,14
52206,52,1,32,19,9,6,5,3,0,0,0,14,8
31206,31,14,87,137,48,1,0,10,24,0,113,86,38
55206,55,6,27,8,2,0,6,4,0,0,8,15,1
77206,77,2,28,20,2,3,4,3,0,1,18,21,5
88206,88,34,122,87,23,5,3,1,5,6,79,72,24
65206,65,10,24,29,7,0,2,3,3,5,24,18,12
24206,24,5,14,20,2,0,0,1,0,4,12,7,0
08206,08,10,60,30,7,0,1,5,0,0,21,32,4
67206,67,36,142,130,23,8,3,5,7,18,48,120,29
33206,33,14,37,54,22,0,2,0,5,1,49,45,20
89206,89,203,964,685,150,38,25,22,54,21,552,703,171
61206,61,10,33,28,6,0,0,0,0,6,2,35,4
71206,71,11,27,28,10,2,0,0,0,0,0,28,12
03206,03,3,18,17,9,5,6,0,6,4,14,20,0
01206,01,13,29,35,4,0,0,1,1,0,24,28,10
28206,28,14,79,73,17,5,3,0,0,2,35,75,19
38206,38,26,118,134,40,6,6,0,8,0,100,89,39
32206,32,0,26,24,4,2,0,0,19,1,19,17,4
972206,972,54,345,793,285,73,90,21,37,50,850,521,315
66206,66,0,10,13,0,5,0,3,0,3,0,12,6
11206,11,145,1004,723,235,16,47,13,34,33,758,553,227
17206,17,10,35,37,5,0,6,3,0,1,31,31,7
10206,10,9,15,20,1,0,0,4,0,2,0,19,5
16206,16,30,135,167,43,9,9,6,19,2,135,112,39
63206,63,36,103,175,37,1,4,0,5,2,149,118,53
45206,45,4,25,23,7,2,6,0,0,4,18,23,12
09206,09,14,71,65,20,4,7,1,0,5,68,45,26
46206,46,7,3,11,4,4,0,4,0,1,5,8,8
26206,26,63,357,316,87,10,24,0,2,14,254,263,88
35206,35,148,444,935,276,26,39,18,12,37,562,602,280
40206,40,7,28,46,10,0,0,0,5,0,37,30,14
74206,74,28,102,130,25,5,6,3,19,12,81,145,27
58206,58,1,8,6,0,0,3,0,0,4,0,4,0
81206,81,19,82,80,26,4,0,4,3,0,61,60,20
2B206,2B,0,0,11,0,5,0,5,0,0,0,8,2
47206,47,18,59,60,5,7,7,5,0,11,30,47,18
29206,29,43,154,330,116,6,14,6,14,6,216,208,115
34206,34,10,70,50,16,6,5,0,0,0,40,48,18
30206,30,92,652,421,119,11,20,5,41,20,492,397,103
73206,73,27,76,92,22,3,1,5,0,7,72,83,20
86206,86,6,12,20,8,0,0,0,0,3,10,13,4
12206,12,13,50,74,14,0,1,0,35,2,61,63,20
07206,07,0,15,5,4,1,1,5,0,0,9,8,0
37206,37,37,161,187,51,7,10,8,6,14,158,161,54
56206,56,272,981,1577,417,60,48,9,85,40,923,1185,429
42206,42,46,208,188,45,3,6,3,38,11,149,145,49
53206,53,3,12,24,8,3,3,0,14,0,10,22,9
85206,85,11,44,60,15,4,3,5,0,3,13,57,13
41206,41,23,111,101,26,5,6,0,0,4,69,96,25
18206,18,52,187,184,33,8,10,1,28,8,145,143,42
69206,69,83,332,580,149,12,18,6,10,23,399,505,138
19206,19,7,8,20,4,0,0,0,3,0,7,7,0
43206,43,13,43,53,8,7,6,0,19,0,32,34,13
23206,23,12,57,69,30,3,6,0,6,0,62,60,30
15206,15,0,16,33,2,3,5,1,0,6,5,27,10
04206,04,11,56,42,14,0,3,5,0,7,27,42,14
44206,44,30,99,216,64,7,14,3,0,3,133,135,62
87206,87,4,13,17,6,0,6,0,3,5,22,13,2
62207,62,22,109,65,18,0,5,0,0,5,60,43,12
02207,02,3,28,18,4,0,0,5,0,4,10,20,8
80207,80,9,55,40,9,0,0,0,0,5,30,33,11
21207,21,4,6,14,3,0,0,2,2,0,5,5,6
14207,14,18,54,66,15,4,0,0,7,5,52,50,17
76207,76,9,23,24,4,0,2,0,1,2,21,17,4
27207,27,12,80,56,13,1,3,4,0,0,47,60,17
972207,972,149,857,2029,735,161,248,22,92,102,2109,1361,782
25207,25,18,89,87,20,2,10,5,0,0,45,80,24
70207,70,99,468,303,66,15,18,7,10,20,251,284,66
39207,39,1,7,4,2,0,0,4,11,3,3,6,0
91207,91,150,360,569,138,19,28,6,18,29,425,396,153
60207,60,13,46,27,9,0,2,4,0,0,19,27,2
59207,59,90,582,420,111,8,27,5,24,22,416,364,113
64207,64,5,33,60,19,4,2,2,18,1,40,36,12
57207,57,105,571,410,113,15,13,11,12,23,322,354,108
54207,54,1,11,16,6,1,0,2,0,2,4,7,5
71207,71,7,39,33,13,1,1,4,0,0,15,32,9
52207,52,0,15,12,3,4,0,0,0,0,0,11,7
31207,31,7,12,10,4,0,0,4,0,0,0,11,2
77207,77,0,15,23,8,4,0,0,0,1,11,12,3
50207,50,9,12,22,10,0,0,0,4,0,10,12,8
65207,65,0,10,9,0,5,2,1,0,0,6,2,0
24207,24,16,68,70,15,0,0,3,9,0,77,51,20
55207,55,2,0,8,4,3,0,1,0,0,0,8,0
08207,08,2,34,19,2,0,0,0,21,2,15,20,3
61207,61,25,85,76,21,7,3,2,0,5,32,84,22
33207,33,129,549,772,213,16,46,15,76,32,597,489,229
89207,89,1,0,2,0,0,0,2,0,3,0,7,0
79207,79,12,58,89,26,3,10,0,0,0,55,63,24
86207,86,37,176,215,65,11,18,4,0,13,161,146,53
01207,01,11,46,42,12,0,0,0,0,0,19,37,7
38207,38,8,25,27,7,0,0,1,0,1,0,20,10
32207,32,10,35,43,15,0,0,0,26,0,35,28,13
17207,17,24,100,109,33,1,3,0,7,9,89,102,24
10207,10,7,15,11,6,0,4,5,0,3,1,21,0
11207,11,3,32,19,4,4,2,0,22,1,21,19,5
28207,28,10,20,24,1,6,2,3,0,4,19,18,4
63207,63,20,70,109,32,0,6,6,0,5,74,55,30
16207,16,18,54,60,18,0,3,3,0,5,53,51,17
68207,68,30,106,72,12,0,5,0,11,5,52,75,22
45207,45,9,43,37,13,0,7,0,4,1,23,36,11
09207,09,19,164,144,62,0,7,6,35,9,182,88,49
26207,26,17,82,72,15,5,9,0,0,1,58,67,21
46207,46,3,18,29,6,6,4,4,0,4,20,24,12
35207,35,136,389,832,251,16,26,3,24,15,483,517,237
40207,40,33,122,158,59,5,3,3,17,10,127,114,62
58207,58,21,116,102,37,3,6,1,16,3,89,74,35
2B207,2B,46,413,296,60,17,4,8,108,3,208,390,61
81207,81,4,12,8,1,3,6,0,0,2,0,9,7
03207,03,12,48,55,9,2,0,5,0,2,37,34,17
22207,22,49,163,281,97,15,9,0,12,9,193,182,85
29207,29,89,273,565,204,16,23,2,11,11,410,354,219
47207,47,1,29,23,7,2,0,0,0,0,22,12,5
34207,34,38,271,239,68,0,10,7,18,4,248,197,55
30207,30,22,124,73,16,1,0,1,1,8,94,66,20
73207,73,10,53,50,17,0,0,4,10,0,48,44,9
12207,12,15,32,56,12,0,8,0,6,1,41,38,10
07207,07,26,125,130,37,5,5,0,7,8,131,92,29
37207,37,7,27,35,11,0,0,0,0,0,32,31,11
56207,56,33,103,162,43,6,13,2,0,0,82,121,47
42207,42,892,3528,3446,870,96,148,56,138,116,2709,2657,890
85207,85,11,41,64,10,3,0,0,6,4,27,53,9
41207,41,27,132,108,31,7,11,4,0,5,78,128,33
18207,18,174,736,666,169,26,45,9,67,24,579,586,174
69207,69,57,203,356,89,5,4,9,27,18,268,306,86
19207,19,31,89,141,36,7,4,0,48,7,110,94,35
43207,43,3,37,31,6,1,0,0,0,6,23,31,8
23207,23,3,17,16,9,0,0,1,1,0,22,15,6
36207,36,10,62,55,11,0,9,2,14,0,53,66,21
15207,15,14,29,48,14,0,1,0,8,0,25,52,11
04207,04,0,14,9,4,2,4,3,1,6,16,6,0
66207,66,7,99,67,20,5,2,6,0,7,58,50,18
44207,44,18,48,108,36,0,1,3,8,0,74,80,25
62208,62,3,5,12,0,3,0,5,0,0,0,10,4
02208,02,11,37,28,6,0,0,5,0,5,5,24,5
80208,80,5,30,23,0,2,0,3,17,0,16,14,9
21208,21,7,13,16,1,0,0,0,14,0,15,19,3
76208,76,21,77,77,16,1,3,1,0,5,66,60,25
51208,51,0,22,9,0,5,3,0,0,4,12,11,0
27208,27,7,19,15,3,1,0,0,0,5,2,12,0
25208,25,0,25,24,1,0,0,1,9,0,13,15,5
70208,70,9,50,36,8,6,0,0,0,3,8,31,9
78208,78,467,1327,2961,700,58,72,32,197,121,1618,2780,700
60208,60,0,17,9,4,2,4,5,4,3,16,11,2
39208,39,5,15,13,7,6,4,0,0,0,10,20,5
59208,59,12,38,30,10,0,0,0,4,0,33,21,13
64208,64,6,25,51,13,0,8,0,5,4,30,33,11
57208,57,35,188,141,47,8,1,0,37,8,131,128,35
972208,972,8,40,101,42,6,6,0,0,8,105,65,45
54208,54,13,34,37,9,6,0,4,0,4,7,31,13
52208,52,3,31,19,9,0,6,0,2,1,8,12,0
71208,71,5,31,28,12,0,0,4,1,0,19,16,4
31208,31,4,26,38,18,6,5,4,0,3,36,27,9
55208,55,3,5,5,0,2,4,0,0,0,0,0,6
88208,88,2,17,13,9,0,0,4,5,0,9,12,6
50208,50,1,14,21,2,0,4,0,0,6,4,22,8
77208,77,33,151,138,42,7,10,1,8,6,124,104,37
65208,65,1,5,0,0,0,0,0,1,4,4,2,5
24208,24,4,19,25,4,3,0,0,0,3,21,21,6
08208,08,0,23,20,8,3,0,3,0,0,5,16,0
67208,67,21,74,55,11,2,0,0,0,1,38,67,18
61208,61,11,62,63,17,0,7,0,11,1,43,70,9
33208,33,17,82,110,30,4,3,0,36,0,93,87,33
89208,89,15,92,56,17,7,7,3,0,5,49,53,14
10208,10,5,40,27,11,0,0,0,6,0,14,36,2
11208,11,2,17,15,0,0,0,0,5,0,8,7,2
79208,79,23,89,144,34,7,5,0,19,2,96,91,37
38208,38,2,17,24,3,0,0,0,12,0,15,10,7
01208,01,8,18,21,1,0,0,1,0,0,0,15,9
03208,03,13,34,49,15,0,3,0,0,0,35,31,12
32208,32,85,332,393,136,7,24,11,44,30,312,290,120
28208,28,15,54,45,15,7,4,0,0,3,19,50,6
17208,17,24,96,94,28,0,7,1,0,4,69,93,27
63208,63,9,30,45,13,6,3,0,0,4,30,22,14
16208,16,13,43,49,11,4,6,0,1,0,48,28,10
68208,68,13,66,60,10,1,5,0,0,6,41,63,17
45208,45,274,1034,1052,276,28,47,16,47,46,674,959,278
09208,09,6,14,16,9,0,3,0,0,0,5,8,8
72208,72,2,40,40,4,4,0,0,12,0,27,45,10
26208,26,47,235,214,57,13,16,3,25,8,179,173,57
46208,46,7,25,46,9,3,3,0,3,1,35,27,13
40208,40,13,36,41,11,5,1,0,6,2,31,33,19
35208,35,96,288,630,176,16,15,2,20,19,389,395,178
74208,74,337,1049,1396,269,23,54,24,52,70,837,1431,276
58208,58,10,38,41,16,3,0,4,0,1,26,26,14
2B208,2B,4,20,19,0,0,5,0,0,4,0,21,1
81208,81,16,56,63,17,0,4,0,3,1,47,50,11
22208,22,25,128,199,62,2,11,6,8,8,151,131,65
29208,29,22,84,153,63,2,5,3,10,5,113,92,55
47208,47,3,22,20,4,0,3,0,0,0,22,19,11
34208,34,11,47,47,12,6,7,0,0,6,27,32,15
30208,30,0,0,7,6,4,2,4,0,0,0,2,0
73208,73,22,99,112,27,5,3,0,17,5,97,107,33
12208,12,175,570,886,205,43,36,12,75,22,619,722,220
07208,07,3,17,13,4,2,1,3,0,0,5,8,0
37208,37,438,1419,1854,511,57,101,16,60,41,1384,1616,497
56208,56,9,22,48,8,2,0,2,0,2,23,31,11
42208,42,60,208,219,46,12,10,5,0,10,130,174,57
53208,53,11,33,62,9,3,5,0,0,0,34,60,7
85208,85,60,195,288,57,13,7,4,9,3,156,277,51
41208,41,6,19,8,0,0,0,0,0,5,10,13,4
69208,69,45,180,296,65,11,10,2,11,15,197,269,61
19208,19,1,23,35,11,0,3,0,0,0,14,18,10
23208,23,6,45,46,19,0,5,1,3,7,41,40,21
15208,15,2,18,21,6,1,4,0,2,0,9,25,0
18208,18,16,48,42,6,0,7,0,9,3,44,40,9
43208,43,0,4,5,1,0,2,0,2,0,8,7,0
36208,36,23,79,79,25,6,10,0,0,3,64,73,15
04208,04,22,79,70,10,5,2,1,0,0,69,66,21
66208,66,31,264,166,45,9,14,3,0,10,165,144,49
44208,44,9,47,91,24,5,3,0,10,1,77,68,32
22209,22,76,279,482,170,17,33,0,18,12,361,333,159
62209,62,6,37,17,7,3,3,0,0,4,3,11,9
02209,02,13,98,48,17,0,0,2,0,0,49,51,12
21209,21,48,212,215,53,5,15,6,0,6,143,209,56
14209,14,16,61,72,19,5,6,0,0,3,31,55,21
76209,76,16,54,40,12,0,3,3,23,0,43,31,8
27209,27,11,89,66,14,4,0,0,2,0,50,59,16
25209,25,7,8,14,5,0,0,0,2,0,10,15,2
78209,78,16,58,113,22,0,5,6,0,5,60,116,32
64209,64,12,30,67,14,0,6,1,1,0,51,45,22
59209,59,10,92,65,16,0,3,3,0,5,60,50,11
57209,57,132,636,462,127,17,35,10,57,10,385,400,131
972209,972,788,3982,9296,3578,802,1069,147,477,460,9713,6192,3636
54209,54,0,1,2,4,0,2,2,0,5,0,8,7
71209,71,22,84,78,16,0,0,0,5,0,50,66,21
31209,31,1,17,24,8,5,5,0,0,0,7,20,6
88209,88,230,1130,777,215,41,56,5,74,34,593,712,197
50209,50,38,151,187,43,5,8,7,18,10,118,167,42
77209,77,32,127,135,33,4,9,3,5,11,121,97,36
65209,65,7,6,7,3,0,0,5,10,0,5,2,1
08209,08,16,86,46,9,6,7,0,0,0,39,39,12
24209,24,4,9,17,8,0,0,0,0,0,0,12,7
67209,67,11,31,27,12,5,1,0,0,4,8,35,8
89209,89,15,64,42,5,7,0,0,10,1,33,44,8
61209,61,10,42,48,7,4,2,5,0,2,18,53,15
33209,33,2,25,39,7,2,6,0,0,6,29,18,13
60209,60,6,69,52,10,13,0,8,4,7,35,46,10
32209,32,7,33,30,16,0,6,3,0,0,19,30,16
38209,38,3,30,28,7,0,6,5,2,5,26,18,7
17209,17,11,27,28,8,3,6,5,0,1,16,31,5
11209,11,8,39,23,11,4,0,4,0,6,13,19,9
10209,10,67,292,179,50,8,6,0,14,10,129,214,33
28209,28,140,632,525,131,29,23,5,44,30,395,546,127
01209,01,16,75,71,12,0,4,1,0,8,24,67,17
63209,63,10,23,30,10,1,5,2,0,5,0,20,7
16209,16,24,79,100,20,0,3,2,13,0,79,57,26
68209,68,27,106,73,17,1,8,2,20,0,52,91,24
45209,45,12,32,38,14,0,1,1,0,0,24,31,6
49209,49,9,36,49,16,6,0,3,0,2,30,43,8
09209,09,17,119,113,40,0,5,4,40,2,144,70,42
72209,72,10,31,37,5,0,0,1,0,6,27,49,5
26209,26,0,6,2,0,4,2,4,0,0,0,1,2
46209,46,6,16,21,2,2,0,5,0,0,21,18,11
40209,40,119,467,643,216,15,36,8,68,34,521,439,232
74209,74,36,119,168,36,5,9,0,31,8,106,166,36
2A209,2A,33,372,234,44,9,16,5,53,15,180,342,47
58209,58,5,27,17,9,5,3,2,0,0,12,22,3
79209,79,5,22,38,14,2,1,0,6,5,24,34,9
29209,29,78,247,492,172,9,22,7,18,19,313,312,201
81209,81,77,307,326,85,0,15,9,62,12,300,269,84
47209,47,107,534,436,128,6,20,8,27,24,401,400,127
34209,34,75,452,378,107,10,15,3,33,17,400,317,97
03209,03,7,16,19,0,0,0,0,0,6,12,20,1
30209,30,92,625,378,95,5,19,3,86,12,445,361,105
86209,86,52,214,262,61,11,13,5,13,15,194,172,80
12209,12,14,59,82,20,9,6,1,18,2,71,74,22
07209,07,4,5,6,0,4,4,0,0,5,0,11,5
53209,53,13,37,64,11,2,7,0,10,0,41,60,8
85209,85,19,44,69,11,4,0,0,21,0,34,72,14
41209,41,26,96,79,16,8,3,5,0,6,52,77,16
18209,18,13,46,43,13,0,1,0,27,2,36,38,14
19209,19,6,10,31,3,2,0,3,13,0,13,15,3
69209,69,13,46,82,25,4,4,0,0,0,45,65,24
23209,23,2,17,18,13,6,6,0,0,0,23,14,7
15209,15,0,13,23,6,2,0,0,15,0,14,15,0
36209,36,5,40,34,10,0,2,3,0,5,17,24,10
56209,56,8,12,21,2,0,0,0,5,6,22,13,11
42209,42,13,60,45,11,2,5,4,0,6,33,48,9
04209,04,163,867,703,167,25,52,12,44,29,731,658,185
66209,66,2,11,1,0,0,0,2,9,0,3,0,0
44209,44,227,635,1348,398,23,50,10,63,50,981,915,367
39209,39,7,50,42,6,7,4,0,14,7,38,44,6
02210,02,13,56,35,11,1,0,2,6,1,25,33,4
80210,80,7,26,15,0,0,0,3,7,0,13,15,7
21210,21,11,48,58,17,4,3,2,0,0,39,47,17
76210,76,9,63,58,17,0,8,2,14,0,50,37,12
51210,51,45,204,165,33,7,11,0,14,11,109,174,37
27210,27,16,72,44,15,6,3,0,4,0,35,42,15
25210,25,0,19,16,0,0,3,0,17,2,19,14,2
70210,70,10,28,19,0,0,2,5,0,3,6,22,1
95210,95,229,874,1298,354,36,61,11,86,59,1126,961,339
60210,60,3,38,27,3,3,4,0,0,0,15,19,9
39210,39,21,68,60,12,0,3,6,0,0,50,54,15
64210,64,5,10,18,6,0,5,0,10,0,21,14,4
59210,59,55,313,211,67,9,17,0,0,9,215,190,65
54210,54,7,27,30,11,0,5,0,4,0,18,21,4
71210,71,14,51,49,12,5,3,0,0,1,25,42,11
57210,57,21,84,71,14,4,8,0,0,0,48,58,20
31210,31,30,104,159,51,5,9,3,27,2,153,104,46
55210,55,0,10,0,1,2,4,0,0,0,0,7,0
50210,50,11,36,47,11,0,6,0,0,5,18,41,7
88210,88,11,21,12,0,2,6,0,6,3,15,13,4
65210,65,6,0,12,0,0,0,5,0,5,0,2,0
08210,08,0,13,11,3,5,0,0,3,1,10,8,2
24210,24,19,88,92,27,6,8,4,0,6,63,75,22
61210,61,6,33,30,12,6,1,1,0,5,7,32,2
33210,33,2,17,35,12,5,3,1,0,4,8,24,10
89210,89,7,24,14,4,0,0,0,3,1,7,10,5
77210,77,48,160,169,44,1,7,0,5,13,145,139,40
972210,972,184,1055,2551,956,213,294,40,137,136,2631,1654,939
67210,67,15,75,60,19,4,0,5,8,3,42,57,18
79210,79,21,86,128,33,8,5,0,38,2,88,89,38
34210,34,35,259,217,57,7,12,6,5,13,226,185,63
28210,28,5,27,27,8,3,4,0,0,1,1,26,7
38210,38,25,84,88,21,4,0,3,13,6,68,62,22
32210,32,12,62,64,25,4,6,3,0,2,56,47,25
17210,17,19,50,61,20,0,4,0,1,1,55,59,11
11210,11,25,141,98,34,4,11,5,0,0,98,78,27
10210,10,13,78,39,13,0,0,0,1,4,30,48,13
01210,01,11,38,25,4,0,6,5,0,0,4,30,10
63210,63,55,218,351,79,2,23,5,49,9,271,200,96
16210,16,18,85,107,29,0,10,0,2,4,74,69,21
68210,68,21,52,40,12,0,5,2,0,8,18,50,7
45210,45,24,72,72,19,0,2,0,15,7,53,63,22
09210,09,11,39,44,18,0,0,4,14,0,60,21,11
72210,72,7,31,23,6,0,1,0,0,6,24,39,5
46210,46,0,0,13,1,3,5,2,0,3,0,2,7
40210,40,21,79,114,41,4,6,3,26,3,99,85,37
35210,35,229,716,1593,471,47,68,18,67,22,1031,999,482
2B210,2B,7,23,21,9,3,0,0,0,0,9,17,3
74210,74,41,150,201,46,0,11,7,15,10,128,193,46
58210,58,8,36,33,14,0,2,1,0,3,25,29,9
22210,22,69,282,462,152,10,34,9,6,10,315,321,141
29210,29,49,193,411,135,9,14,6,30,12,267,250,146
47210,47,33,167,140,39,0,9,0,16,11,127,126,33
81210,81,1,29,32,14,0,2,3,2,2,22,22,9
03210,03,14,47,36,8,0,0,0,4,3,35,31,11
73210,73,13,47,47,8,0,5,0,5,6,34,38,13
30210,30,53,432,299,69,14,9,1,22,10,339,278,82
86210,86,20,61,87,18,0,9,0,10,0,77,54,30
12210,12,10,39,59,11,6,0,4,4,0,45,48,10
07210,07,21,71,64,18,3,7,0,4,1,59,56,15
37210,37,22,58,70,28,0,5,0,0,7,62,72,17
56210,56,7,37,57,15,0,1,0,0,0,38,42,19
53210,53,35,128,187,44,7,6,3,9,0,99,199,46
85210,85,41,151,246,38,3,9,3,16,7,133,232,41
18210,18,16,65,66,10,7,4,4,0,5,47,54,19
19210,19,5,9,14,0,5,4,0,0,4,0,4,0
23210,23,10,25,23,10,2,2,0,0,5,26,19,12
43210,43,12,40,41,13,6,0,0,0,0,25,32,6
42210,42,15,49,45,17,0,3,0,4,5,47,32,7
36210,36,9,35,32,14,2,6,0,0,6,35,31,5
04210,04,2,21,16,4,4,6,0,0,5,24,20,7
66210,66,156,1225,767,206,11,42,9,29,39,832,707,207
44210,44,163,500,1031,273,9,50,13,28,38,741,664,285
26210,26,23,128,116,24,8,5,10,8,8,85,103,33
62211,62,1,37,25,1,0,0,5,11,0,27,20,4
02211,02,1,52,19,0,0,0,3,6,4,26,18,4
80211,80,30,207,160,30,11,14,0,15,13,133,132,32
21211,21,0,25,17,6,0,4,3,0,0,10,17,9
14211,14,12,30,39,11,1,4,0,9,0,38,31,9
76211,76,11,31,28,7,3,1,0,0,0,22,21,3
51211,51,0,6,3,0,3,0,5,4,0,9,2,0
25211,25,0,8,8,3,0,0,0,13,2,9,7,0
70211,70,0,15,12,2,1,1,2,0,0,6,10,0
95211,95,44,167,250,76,3,13,0,32,9,228,184,78
60211,60,12,77,47,16,0,0,0,12,0,45,53,17
64211,64,2,25,33,9,4,0,0,6,4,26,30,6
59211,59,20,108,74,22,4,0,3,14,3,92,58,18
39211,39,4,23,22,3,6,0,1,9,0,19,26,9
52211,52,47,249,130,37,8,10,1,0,1,114,150,39
54211,54,0,23,27,6,0,4,4,0,3,8,22,11
57211,57,33,180,127,27,0,7,0,0,8,105,113,37
31211,31,17,64,88,25,2,5,4,2,4,75,56,35
55211,55,2,9,3,0,2,0,1,0,1,0,10,4
972211,972,6,56,117,44,10,7,0,0,2,133,78,47
77211,77,25,89,86,17,6,2,4,8,6,80,63,23
65211,65,0,14,28,6,4,5,0,2,0,22,18,8
08211,08,15,105,63,21,2,6,0,0,1,63,56,19
24211,24,13,40,55,11,0,3,0,8,0,50,38,14
89211,89,4,10,5,0,5,6,0,0,4,4,8,1
61211,61,42,156,154,29,11,19,8,7,16,80,157,37
44211,44,117,377,792,245,29,25,14,40,9,582,560,210
33211,33,9,53,81,20,2,0,0,8,3,58,52,19
34211,34,12,126,103,30,0,2,0,0,2,108,90,32
01211,01,39,167,165,38,4,9,4,16,3,117,140,35
32211,32,0,15,25,12,4,0,0,7,0,10,12,6
38211,38,8,32,34,11,0,7,5,0,0,31,32,11
28211,28,19,79,70,18,0,3,5,0,2,38,60,15
17211,17,21,77,83,21,2,6,0,6,3,67,69,18
10211,10,19,126,95,21,10,6,4,2,2,68,112,15
11211,11,10,66,59,18,0,5,4,10,2,51,43,12
63211,63,31,129,189,48,7,13,0,22,10,163,126,54
16211,16,19,48,59,14,1,8,0,15,0,48,37,22
68211,68,13,51,45,14,6,6,0,4,2,24,46,11
72211,72,11,67,68,18,2,4,1,13,6,55,87,15
49211,49,25,105,144,40,6,12,3,0,8,85,133,42
09211,09,2,13,16,3,1,6,0,0,0,18,12,6
26211,26,30,161,158,36,0,6,5,13,6,139,126,41
46211,46,11,24,48,15,6,0,0,0,5,38,28,16
40211,40,13,68,93,29,4,9,0,27,3,72,58,27
35211,35,38,116,250,71,10,3,3,22,7,150,159,62
74211,74,87,278,357,86,7,17,5,42,14,251,359,70
2A211,2A,9,96,71,9,0,0,0,18,0,56,94,11
22211,22,85,279,511,154,19,25,8,1,10,334,331,148
29211,29,15,45,88,32,7,7,1,0,4,28,48,34
58211,58,0,15,23,2,0,0,5,10,3,16,9,6
47211,47,3,24,22,10,0,1,0,0,4,21,25,11
81211,81,9,60,54,13,0,0,0,18,5,44,42,21
03211,03,64,261,283,69,9,18,0,9,3,242,204,68
73211,73,23,92,106,22,2,4,0,12,5,94,107,23
30211,30,68,518,354,75,7,21,5,75,11,390,318,77
86211,86,15,71,84,24,7,8,3,11,0,72,70,28
07211,07,18,61,52,18,0,0,0,23,0,51,38,18
12211,12,7,12,27,4,0,3,0,0,4,8,25,11
37211,37,73,238,319,90,7,11,2,0,11,213,285,84
56211,56,21,68,107,24,3,10,0,0,7,62,73,27
42211,42,57,281,256,64,6,11,0,20,11,201,203,71
53211,53,36,104,156,32,4,7,0,6,5,94,178,34
41211,41,67,290,258,70,4,19,0,24,18,177,249,61
18211,18,24,83,87,22,4,0,0,7,2,65,70,23
19211,19,22,83,128,36,4,13,0,34,0,98,87,30
23211,23,8,46,39,10,2,8,0,0,0,41,39,20
43211,43,65,281,258,55,3,17,4,83,1,198,201,63
15211,15,9,25,45,9,0,2,0,10,1,33,41,6
85211,85,53,187,271,46,4,6,7,33,3,148,262,59
36211,36,9,66,52,20,6,6,0,0,0,35,49,17
04211,04,3,15,23,8,0,0,2,0,4,16,17,2
66211,66,1,19,15,5,0,0,0,15,3,15,11,5
62212,62,15,80,44,16,6,0,3,0,0,22,33,7
02212,02,13,117,66,12,4,2,2,1,1,51,57,18
80212,80,135,846,585,115,18,46,12,66,24,486,446,121
21212,21,8,36,47,10,0,0,3,0,6,26,36,5
76212,76,197,936,794,233,35,49,18,32,31,793,654,233
51212,51,1,25,21,3,0,3,4,0,2,0,18,9
27212,27,8,11,15,0,2,0,3,0,0,0,16,4
25212,25,57,260,230,56,6,23,3,11,9,191,228,72
95212,95,6,6,15,6,0,3,5,0,0,2,10,0
60212,60,38,206,131,31,2,5,0,51,4,122,115,27
64212,64,0,13,24,5,0,1,0,17,0,11,12,2
59212,59,144,899,645,167,37,36,14,77,24,693,522,195
54212,54,13,44,42,13,6,0,0,0,0,42,27,6
52212,52,12,53,33,11,0,1,4,0,0,5,34,10
57212,57,16,97,72,21,7,6,5,1,7,58,56,20
31212,31,34,153,215,75,0,13,6,0,10,209,132,77
55212,55,7,7,10,3,2,4,0,0,2,0,5,7
74212,74,57,183,227,40,7,10,1,36,15,147,251,51
88212,88,13,52,41,5,6,3,2,0,3,23,39,14
77212,77,11,21,16,5,4,1,5,0,0,16,16,7
972212,972,103,573,1320,484,118,130,19,85,73,1321,863,507
65212,65,2,22,36,7,6,0,0,8,6,26,14,14
71212,71,35,167,158,44,9,9,0,2,4,131,129,35
08212,08,9,79,46,16,0,3,2,9,4,41,39,7
67212,67,117,470,425,104,10,18,7,0,24,261,385,104
24212,24,15,69,72,21,1,4,1,30,5,73,55,26
89212,89,12,61,38,9,0,0,0,11,2,41,40,11
61212,61,6,12,19,0,0,2,3,0,0,2,21,2
33212,33,2,16,16,10,3,2,2,0,0,15,7,2
01212,01,17,87,68,18,3,7,3,0,2,47,74,17
32212,32,3,22,33,7,0,1,2,6,5,28,15,4
38212,38,28,105,129,34,8,1,0,5,7,94,77,37
28212,28,8,23,27,11,2,0,3,0,0,0,30,10
17212,17,7,15,27,5,2,5,3,0,0,19,15,2
10212,10,1,13,9,6,1,2,4,0,5,1,13,0
11212,11,15,79,46,15,6,0,0,7,0,58,32,13
63212,63,33,127,179,41,3,4,0,23,2,146,110,44
16212,16,3,32,46,10,3,3,0,10,0,31,35,7
68212,68,17,77,63,7,7,0,2,5,6,38,62,18
45212,45,36,133,145,35,5,4,4,3,6,86,125,35
09212,09,7,8,11,4,0,5,0,0,0,0,9,7
26212,26,33,146,133,32,3,5,0,59,2,122,110,32
72212,72,15,76,72,22,5,1,0,0,0,44,104,13
46212,46,5,3,9,0,0,4,0,12,0,10,3,0
40212,40,16,89,118,46,3,10,6,2,4,91,85,41
35212,35,25,68,163,45,5,8,3,0,7,79,102,41
2A212,2A,9,80,57,13,0,0,2,17,5,41,72,10
79212,79,4,23,21,11,1,1,0,0,5,15,12,9
29212,29,244,862,1832,655,27,101,23,145,34,1179,1088,682
22212,22,21,94,178,46,4,10,2,25,3,122,104,55
58212,58,12,29,26,12,5,3,3,8,0,21,20,8
34212,34,7,20,21,1,0,1,0,0,5,21,19,1
47212,47,5,39,32,10,5,0,0,0,0,19,30,4
81212,81,4,11,12,1,5,4,0,0,5,12,10,1
03212,03,43,181,182,50,8,6,0,0,11,138,158,49
30212,30,49,326,198,46,6,6,6,33,4,227,186,59
07212,07,5,32,28,13,5,0,0,16,0,24,17,4
12212,12,1,15,20,0,3,0,0,0,2,17,16,0
42212,42,19,96,88,18,5,7,0,18,7,71,76,30
53212,53,12,29,50,15,0,0,0,17,0,31,53,10
56212,56,53,223,331,94,12,25,5,13,8,215,262,94
18212,18,20,80,66,14,0,6,0,0,0,50,62,21
41212,41,106,402,344,90,11,9,7,64,10,268,359,98
19212,19,6,10,15,1,3,0,0,0,0,5,15,3
69212,69,12,44,69,15,3,6,0,0,2,34,49,19
23212,23,0,16,18,4,5,6,4,0,1,19,8,2
43212,43,30,130,120,27,0,10,5,7,3,108,101,29
15212,15,2,36,42,12,5,0,0,0,6,17,45,12
37212,37,22,72,89,20,0,9,0,0,7,68,71,26
36212,36,8,22,17,10,1,4,4,0,1,10,14,5
66212,66,71,616,364,94,13,21,4,14,11,416,341,106
73212,73,43,166,185,36,10,3,2,15,5,141,168,51
44212,44,181,570,1183,334,17,61,9,19,38,902,824,335
62213,62,17,153,69,20,8,3,4,3,0,86,56,21
02213,02,5,51,28,7,0,0,0,12,0,23,30,5
80213,80,15,63,55,10,7,0,0,0,7,31,30,12
76213,76,14,48,39,15,1,1,0,2,2,42,37,16
51213,51,2,6,1,0,0,0,0,13,0,0,5,0
70213,70,6,37,22,1,0,0,5,3,5,17,27,1
95213,95,10,59,81,18,7,7,6,22,5,81,60,19
60213,60,26,109,82,14,0,5,0,7,0,61,72,14
64213,64,41,146,295,98,6,15,5,84,4,222,203,90
59213,59,14,73,47,14,0,4,1,0,2,59,41,14
57213,57,23,93,72,27,6,8,0,0,7,57,67,21
54213,54,13,58,38,11,4,0,0,0,3,34,37,17
31213,31,0,20,25,4,0,0,0,0,6,11,18,6
52213,52,0,25,12,6,0,1,0,13,3,11,9,0
65213,65,5,7,11,1,1,0,0,14,0,9,3,7
67213,67,16,80,68,14,2,4,3,18,1,54,68,24
24213,24,6,17,17,7,0,0,0,12,0,17,13,7
33213,33,97,417,598,190,19,34,9,58,25,496,399,179
71213,71,20,77,64,15,0,1,0,7,3,58,53,21
88213,88,0,23,11,1,6,2,4,0,2,6,10,3
73213,73,207,818,849,207,19,53,15,56,47,679,763,213
61213,61,11,37,28,7,4,0,5,6,0,17,29,4
972213,972,373,1810,4257,1596,371,523,80,242,220,4316,2813,1652
25213,25,23,78,77,15,0,9,0,8,6,59,75,18
63213,63,39,165,268,63,3,16,6,12,10,188,148,71
01213,01,39,152,121,35,0,8,1,0,3,95,125,23
44213,44,154,459,994,280,30,42,9,35,18,730,694,293
32213,32,38,169,216,71,6,10,0,56,13,173,157,69
38213,38,7,59,64,14,1,1,0,0,5,59,44,19
28213,28,17,65,54,11,0,5,1,0,0,46,62,8
17213,17,4,12,15,4,0,6,0,0,1,11,12,5
10213,10,5,20,13,1,6,0,5,0,1,11,18,1
11213,11,0,4,9,0,3,2,1,0,5,0,5,6
16213,16,8,36,43,6,6,0,0,0,6,27,30,9
68213,68,17,44,35,13,5,4,1,0,5,20,40,12
45213,45,15,76,85,15,7,7,4,0,7,43,76,16
26213,26,11,86,70,26,1,2,1,0,5,62,60,21
09213,09,0,24,16,10,0,6,5,0,5,13,16,9
72213,72,106,558,539,149,18,25,12,44,11,430,734,138
40213,40,13,51,73,29,5,2,0,7,5,66,50,26
46213,46,3,17,18,6,0,6,2,4,0,17,9,11
2B213,2B,0,13,10,0,0,0,0,15,0,11,12,2
29213,29,25,94,209,75,2,8,0,43,5,144,137,83
22213,22,95,293,521,161,9,30,4,6,17,327,354,162
74213,74,214,676,884,198,21,42,7,79,51,547,900,179
79213,79,57,197,294,78,4,16,2,23,8,191,200,73
58213,58,19,59,63,12,3,7,5,0,0,34,43,20
34213,34,126,824,681,180,7,41,2,46,37,720,548,190
81213,81,3,8,8,1,5,0,5,4,0,7,4,5
47213,47,25,118,100,27,7,3,0,5,2,96,79,33
03213,03,6,26,28,6,3,0,0,14,5,29,22,2
30213,30,4,1,5,6,0,3,0,0,0,0,6,6
85213,85,117,393,562,111,18,32,10,4,15,268,548,110
86213,86,55,219,287,79,13,16,11,12,10,248,202,83
07213,07,10,21,20,11,6,0,0,0,4,13,14,4
12213,12,19,49,85,15,0,0,4,37,2,60,62,18
37213,37,21,85,124,30,9,8,6,0,9,73,101,31
42213,42,11,46,37,13,3,5,5,0,1,22,31,9
53213,53,15,41,60,12,4,0,0,0,3,26,58,11
18213,18,127,558,499,126,17,26,11,25,16,469,456,130
41213,41,4,12,11,6,0,0,0,7,0,12,10,0
56213,56,33,117,182,52,9,2,5,7,7,104,123,42
19213,19,19,59,89,20,3,6,3,13,4,63,55,26
23213,23,4,18,27,10,0,5,0,2,4,13,12,4
43213,43,71,243,251,55,16,10,9,5,18,185,193,57
15213,15,7,22,29,7,4,2,5,6,0,20,23,4
36213,36,6,33,29,9,2,1,0,0,0,30,34,6
66213,66,118,1110,667,201,14,39,7,110,36,724,622,171
27213,27,174,860,585,137,34,33,20,32,25,478,529,161
62214,62,19,95,57,12,4,5,4,0,1,63,43,16
02214,02,5,2,3,3,2,0,3,0,2,0,9,0
80214,80,11,45,26,2,0,0,0,9,6,22,20,3
21214,21,1,19,20,0,0,0,2,3,6,11,19,1
14214,14,6,13,17,10,0,2,3,0,0,17,20,9
51214,51,8,13,16,0,0,3,0,2,3,6,13,3
76214,76,7,38,31,3,0,1,0,0,1,34,18,3
25214,25,16,66,50,9,3,2,0,9,2,51,46,10
27214,27,20,94,65,11,7,8,3,0,5,49,59,12
95214,95,4,0,9,0,5,0,0,0,0,5,0,6
70214,70,0,19,14,5,0,5,0,0,1,0,11,4
60214,60,1,35,25,8,0,5,0,0,3,2,22,5
64214,64,5,39,58,22,2,0,0,26,0,52,45,21
39214,39,0,9,15,5,0,0,5,0,0,12,6,6
59214,59,29,134,100,26,3,10,5,13,3,101,78,33
57214,57,8,55,33,7,1,3,0,0,4,36,33,7
54214,54,17,81,68,19,0,2,3,20,3,72,48,14
71214,71,17,48,49,7,5,2,1,0,3,30,39,12
55214,55,15,55,31,4,6,4,1,0,0,12,23,7
50214,50,13,30,32,8,4,4,0,0,5,5,31,11
88214,88,6,6,11,1,0,0,3,0,0,0,11,6
77214,77,27,102,103,21,2,6,2,0,0,85,82,29
65214,65,3,0,6,6,1,5,0,0,0,0,2,3
08214,08,5,58,32,8,0,1,0,23,1,41,30,6
67214,67,29,103,83,16,3,0,0,27,9,53,79,19
24214,24,21,87,106,34,0,1,0,19,0,94,79,25
61214,61,167,736,669,160,42,31,8,28,27,430,757,159
52214,52,1,10,1,0,2,0,0,1,0,3,0,3
28214,28,70,316,257,73,9,12,9,4,13,174,254,75
33214,33,141,584,848,238,16,50,3,93,25,726,566,253
89214,89,4,25,14,7,0,2,3,0,4,14,11,8
972214,972,72,434,1003,409,76,121,19,108,47,1086,696,381
63214,63,95,345,584,141,4,28,10,10,17,460,335,146
01214,01,0,15,12,9,0,1,1,1,5,15,18,5
32214,32,8,14,20,0,0,0,0,5,0,15,6,0
17214,17,20,64,64,16,3,2,3,0,4,48,49,11
38214,38,46,211,257,61,4,8,3,31,10,206,174,62
10214,10,1,17,13,4,0,0,0,0,0,5,7,0
11214,11,9,56,34,12,0,5,1,6,0,49,27,9
45214,45,7,23,26,3,6,4,0,0,0,3,28,7
49214,49,210,664,982,262,26,63,12,45,32,624,904,255
68214,68,19,45,37,5,0,0,0,10,5,34,40,6
26214,26,0,13,4,0,0,0,0,0,0,9,6,5
09214,09,13,87,78,33,5,1,3,9,2,91,40,35
72214,72,0,0,0,6,3,0,1,0,5,0,0,0
40214,40,15,44,51,20,0,4,0,22,0,42,36,21
35214,35,12,35,80,19,0,3,0,28,4,49,51,22
46214,46,6,35,61,9,3,6,0,3,0,46,38,17
2B214,2B,0,2,6,5,2,5,0,0,0,0,3,0
22214,22,74,311,510,166,21,30,6,23,10,350,352,155
29214,29,17,57,103,45,7,5,5,0,6,71,62,45
58214,58,66,276,254,75,4,15,6,14,10,189,178,78
34214,34,27,152,112,27,7,5,1,0,0,129,109,32
47214,47,21,79,75,23,0,0,0,15,3,56,60,24
81214,81,5,0,14,8,5,5,0,0,4,0,7,1
30214,30,35,283,191,43,1,11,0,17,12,212,156,43
73214,73,9,24,31,6,3,0,5,0,0,25,22,8
03214,03,9,33,34,2,4,6,0,0,0,23,22,7
07214,07,3,20,18,6,2,0,0,25,0,18,18,2
86214,86,176,680,835,241,41,54,9,22,29,650,614,244
12214,12,7,47,64,15,4,4,0,12,0,56,46,16
42214,42,32,109,118,32,0,3,3,0,0,91,92,33
37214,37,428,1416,1778,501,60,94,43,59,69,1409,1612,535
53214,53,2,8,22,7,0,1,0,3,3,10,14,7
56214,56,56,206,315,86,11,21,8,9,12,209,246,88
18214,18,15,76,68,14,2,0,0,9,2,63,62,22
41214,41,17,83,70,21,5,8,0,0,8,30,72,15
69214,69,23,91,152,37,0,3,0,10,11,114,137,46
19214,19,12,42,65,11,0,2,0,18,2,52,50,18
23214,23,10,17,30,11,0,0,0,9,0,20,21,5
43214,43,8,14,14,3,4,2,2,4,0,16,8,2
15214,15,10,21,29,2,0,7,0,5,0,24,27,1
85214,85,65,207,299,63,3,10,1,30,4,170,290,67
36214,36,9,42,36,12,3,0,1,10,1,26,32,7
04214,04,3,15,9,8,3,2,0,0,0,0,14,5
66214,66,17,170,110,28,0,5,2,17,7,115,108,25
44214,44,45,107,258,69,10,10,1,0,7,160,177,74
62215,62,410,2713,1503,419,83,101,36,117,63,1531,1195,398
02215,02,20,132,69,11,4,3,6,0,5,43,60,20
80215,80,0,29,24,9,0,5,0,2,4,19,22,4
21215,21,6,20,22,4,0,0,0,0,1,9,9,4
14215,14,40,199,254,64,7,15,8,0,9,152,204,67
51215,51,3,22,17,6,0,6,0,0,6,0,11,2
27215,27,7,64,40,12,0,0,0,3,7,43,41,6
91215,91,259,647,1036,242,28,39,16,72,45,809,691,273
60215,60,11,78,51,18,7,0,6,0,5,47,54,10
70215,70,11,42,24,9,2,0,1,19,0,21,22,6
64215,64,0,2,10,4,4,5,0,0,0,0,8,0
59215,59,23,133,101,27,7,8,6,6,4,102,90,32
57215,57,8,49,37,13,5,0,4,0,0,30,30,6
54215,54,171,763,661,168,26,42,6,32,27,577,498,190
31215,31,9,42,74,26,0,4,5,2,0,60,41,21
71215,71,71,312,275,86,10,20,5,26,10,198,241,76
55215,55,24,109,73,18,8,0,2,17,3,49,79,22
50215,50,96,352,426,107,16,31,13,45,29,254,368,106
88215,88,6,15,13,0,0,0,0,0,3,2,3,2
77215,77,196,740,731,178,25,26,13,41,34,650,543,168
65215,65,0,7,7,0,3,1,0,0,0,1,8,0
08215,08,4,0,3,5,5,4,0,0,0,0,9,0
67215,67,14,61,63,20,1,4,0,7,0,36,55,15
24215,24,8,25,24,4,0,3,0,0,4,22,14,5
25215,25,3,9,6,5,4,0,0,0,3,0,13,1
26215,26,7,65,48,16,2,0,0,13,1,46,46,13
33215,33,0,26,24,8,0,1,0,0,3,18,25,12
89215,89,3,27,19,5,0,3,0,9,0,18,17,3
61215,61,5,49,33,10,0,0,2,16,0,20,43,9
32215,32,6,22,17,10,3,0,0,0,0,4,19,12
28215,28,13,37,34,10,0,0,2,0,0,0,29,9
17215,17,3,5,5,3,0,0,0,0,5,0,5,0
38215,38,50,257,278,79,5,18,5,43,15,239,209,74
972215,972,13,77,151,68,19,16,7,5,4,165,97,67
10215,10,6,44,23,2,0,2,5,0,0,17,34,0
11215,11,21,124,86,27,3,6,5,0,4,71,57,32
63215,63,14,46,79,18,7,4,0,25,0,61,43,23
45215,45,7,28,30,3,0,0,1,0,0,4,28,10
49215,49,117,321,481,109,20,27,11,14,4,297,436,119
68215,68,26,125,91,25,7,10,3,0,6,62,93,23
16215,16,5,13,22,2,0,5,5,1,0,10,14,8
09215,09,1,15,20,1,3,0,1,0,1,18,9,3
72215,72,18,92,93,27,8,3,2,0,8,71,120,19
40215,40,2,25,39,11,6,2,4,0,0,23,28,19
35215,35,33,82,186,55,7,8,0,0,3,105,111,57
46215,46,11,51,82,25,2,4,6,7,1,82,49,20
2A215,2A,16,123,77,12,0,2,0,41,4,58,107,22
22215,22,211,848,1440,450,44,70,24,106,38,959,951,437
29215,29,62,226,459,161,6,24,13,2,14,277,290,159
79215,79,8,32,48,13,4,0,0,0,3,18,24,13
58215,58,41,184,181,53,2,8,0,9,10,149,135,58
34215,34,22,127,95,27,7,8,1,0,0,91,84,23
74215,74,43,122,145,32,6,9,3,3,6,93,154,28
47215,47,86,437,346,95,7,22,14,92,12,327,337,99
81215,81,21,71,81,18,4,3,0,25,2,65,65,23
30215,30,6,62,34,5,1,0,1,4,1,45,33,13
03215,03,11,59,63,10,7,7,5,0,6,55,44,20
07215,07,5,32,31,11,2,4,2,0,2,20,16,2
12215,12,28,90,157,33,9,5,3,25,1,104,117,42
42215,42,36,129,137,38,9,2,6,20,2,105,102,27
85215,85,92,328,462,105,11,23,5,10,8,278,460,93
56215,56,31,96,165,38,8,9,0,9,1,99,108,36
18215,18,0,17,25,3,0,2,0,10,2,16,22,1
41215,41,2,8,7,0,4,0,2,2,2,5,15,7
69215,69,15,76,115,27,7,4,0,0,5,75,95,31
19215,19,5,7,14,4,0,0,5,0,6,17,17,0
23215,23,7,19,9,2,0,6,1,8,0,8,10,0
43215,43,5,37,27,10,0,4,0,5,1,26,24,5
15215,15,31,123,175,31,0,3,0,24,7,110,145,33
01215,01,6,10,7,0,5,4,3,5,7,12,8,6
36215,36,10,52,36,15,7,6,0,0,0,21,44,15
66215,66,7,26,17,4,0,6,4,0,0,4,15,0
73215,73,93,375,397,100,7,23,6,30,21,315,343,112
44215,44,568,1717,3609,1021,64,142,18,201,85,2692,2434,1003
02216,02,3,50,23,6,0,5,0,13,3,18,26,3
80216,80,4,25,14,3,2,0,5,15,4,11,8,1
21216,21,5,6,14,4,2,0,0,0,0,0,12,0
14216,14,1,26,24,5,3,1,1,8,4,18,19,12
51216,51,4,35,27,4,0,0,0,2,4,20,22,3
76216,76,215,1042,890,254,35,51,21,47,34,904,733,250
25216,25,12,39,34,6,0,2,4,4,0,21,28,12
27216,27,18,85,53,15,2,3,1,0,0,44,55,11
91216,91,317,764,1177,316,29,52,6,27,59,969,831,311
60216,60,10,29,12,9,6,0,0,0,2,7,11,3
70216,70,8,67,43,16,4,6,0,10,3,37,43,12
64216,64,22,81,148,38,6,7,4,21,6,102,101,47
59216,59,13,54,43,15,0,1,0,0,2,21,31,15
39216,39,14,36,31,12,0,2,1,0,0,24,30,8
57216,57,6,11,21,7,0,1,3,0,6,0,16,2
54216,54,0,24,18,0,5,4,2,0,0,9,11,0
71216,71,5,18,16,10,2,5,5,0,0,15,18,5
52216,52,5,0,7,0,0,1,2,0,3,0,0,6
55216,55,0,5,4,0,0,0,3,0,5,0,3,4
50216,50,22,72,91,27,6,0,0,0,4,53,75,22
88216,88,24,102,62,15,2,10,0,0,6,42,63,19
77216,77,39,133,131,28,3,2,0,20,7,118,104,39
31216,31,5,26,42,20,6,3,1,0,7,41,30,13
65216,65,2,10,7,0,2,3,0,2,5,11,12,1
08216,08,5,53,31,8,0,7,0,3,5,24,27,6
67216,67,92,320,282,76,8,18,6,0,19,166,299,72
62216,62,5,40,19,9,0,3,1,0,3,15,10,3
24216,24,6,11,19,6,5,2,3,0,4,8,10,3
61216,61,4,24,19,5,0,3,4,4,1,11,24,4
33216,33,6,14,27,2,0,3,2,0,0,15,14,3
89216,89,5,37,28,4,0,6,0,10,0,23,30,2
972216,972,40,217,500,194,31,58,9,35,31,545,327,180
34216,34,7,42,27,11,3,3,4,0,0,23,28,9
01216,01,19,98,92,25,0,0,0,23,7,62,78,18
32216,32,6,9,19,8,0,6,4,0,6,8,14,1
28216,28,9,22,20,3,0,1,1,0,0,19,24,3
17216,17,23,91,115,21,1,10,6,0,6,80,104,30
10216,10,37,166,114,22,0,7,0,9,1,76,131,19
38216,38,7,4,12,1,0,0,0,0,0,9,8,3
11216,11,7,47,32,12,0,3,0,28,0,34,22,10
63216,63,2,13,10,5,4,0,0,8,0,10,4,2
49216,49,15,45,73,21,1,1,3,0,0,24,59,19
68216,68,14,57,47,10,0,0,6,0,0,28,43,6
45216,45,9,13,14,0,2,0,2,0,0,0,19,6
16216,16,16,92,99,31,0,5,4,0,0,76,74,22
09216,09,0,9,6,3,0,1,0,0,4,2,5,0
72216,72,17,60,55,14,0,0,6,10,4,55,75,11
40216,40,1,23,23,10,3,0,3,0,4,14,17,5
35216,35,33,111,215,71,4,14,4,0,0,142,141,70
46216,46,14,61,90,31,3,10,0,4,4,85,57,25
2B216,2B,0,2,0,0,5,1,0,0,0,0,8,1
22216,22,13,46,80,23,0,4,5,23,4,66,59,23
29216,29,75,271,563,219,9,26,4,11,9,374,355,232
58216,58,2,12,18,5,0,0,5,6,0,20,9,2
79216,79,51,177,274,63,15,21,3,7,3,184,185,69
74216,74,26,79,97,26,0,8,0,0,8,56,103,16
81216,81,6,29,20,11,1,0,0,0,0,21,19,11
47216,47,16,76,63,15,0,1,2,3,6,60,48,11
30216,30,15,106,61,12,0,6,6,13,0,79,69,19
73216,73,11,47,58,19,6,7,1,0,0,34,56,12
03216,03,2,17,23,2,0,2,0,0,0,11,16,5
07216,07,19,53,54,16,3,4,2,0,6,47,36,12
12216,12,30,102,165,36,9,9,1,22,6,144,151,49
42216,42,14,82,82,22,0,4,0,9,8,58,55,23
37216,37,29,134,178,49,3,3,0,18,6,133,140,60
53216,53,27,72,127,33,2,8,2,5,0,65,121,31
56216,56,11,35,53,15,0,0,5,0,4,8,41,14
18216,18,10,56,64,14,7,7,1,0,7,56,50,8
41216,41,20,61,52,17,5,8,0,0,4,20,62,15
26216,26,34,137,120,27,7,13,0,0,5,101,91,32
19216,19,7,24,30,6,3,7,5,0,1,18,23,4
69216,69,10,38,63,21,4,4,0,10,7,50,58,21
23216,23,7,17,24,11,0,1,0,0,6,3,24,13
43216,43,66,270,280,67,15,21,10,19,6,202,212,59
15216,15,7,42,63,8,3,1,0,12,0,37,62,11
85216,85,57,195,266,60,15,13,1,3,3,119,246,56
36216,36,7,6,4,3,2,3,0,0,3,0,7,2
04216,04,3,29,30,9,6,0,0,0,6,14,27,4
66216,66,0,15,12,0,0,0,3,0,1,0,9,6
44216,44,89,273,546,144,3,25,1,41,7,410,392,161
62217,62,64,424,237,75,15,19,4,14,13,243,183,70
02217,02,24,121,69,20,8,3,0,0,4,59,58,17
80217,80,0,0,4,6,4,3,0,0,4,0,5,2
21217,21,5,0,23,6,5,6,3,0,6,0,15,5
76217,76,674,3302,2818,822,115,158,57,178,97,2886,2322,799
51217,51,80,364,270,57,9,16,0,16,7,174,291,65
25217,25,12,49,48,13,0,6,0,27,7,38,46,8
27217,27,12,63,53,14,0,2,3,0,4,42,51,11
78217,78,119,338,785,172,8,7,5,37,29,453,721,177
60217,60,4,37,29,9,3,0,0,0,4,10,22,2
70217,70,2,14,13,8,0,5,0,0,1,0,15,7
64217,64,11,41,79,21,5,0,0,0,6,59,42,26
59217,59,7,47,38,6,4,5,0,0,0,22,33,6
39217,39,9,68,59,19,0,4,0,0,0,54,56,7
57217,57,18,134,94,21,3,13,9,5,3,57,68,27
52217,52,6,13,15,1,3,4,0,0,5,0,8,2
71217,71,7,0,21,8,0,0,3,0,4,0,18,8
55217,55,9,16,12,0,0,0,0,2,5,6,12,0
77217,77,71,282,267,62,2,11,4,17,24,230,192,69
54217,54,6,17,13,7,0,0,0,1,0,21,15,2
31217,31,4,0,12,6,0,0,3,0,0,0,6,7
08217,08,2,13,4,0,0,0,0,0,3,3,10,2
65217,65,2,10,6,0,0,0,0,0,0,7,7,0
67217,67,12,54,45,11,0,3,0,0,3,20,38,13
24217,24,15,41,57,19,6,6,0,0,3,40,44,14
61217,61,3,5,1,0,1,1,5,0,0,0,7,6
26217,26,10,19,17,6,0,0,5,2,3,19,16,7
89217,89,2,17,18,1,6,4,4,0,3,10,11,0
50217,50,22,60,80,17,4,8,2,0,0,35,65,16
972217,972,85,460,1072,411,92,142,21,31,68,1089,706,412
35217,35,22,89,192,57,13,14,0,5,5,133,119,51
32217,32,0,11,5,5,0,3,3,0,0,4,1,1
28217,28,2,26,21,1,4,0,0,1,0,14,24,5
17217,17,9,25,23,7,3,0,0,7,0,25,22,2
10217,10,0,6,2,4,2,0,0,3,1,0,6,0
38217,38,5,5,10,7,3,0,2,0,5,0,11,0
11217,11,19,176,126,45,3,4,4,25,2,136,105,37
16217,16,28,121,146,41,4,6,1,6,2,120,90,32
49217,49,26,58,103,19,6,2,0,0,3,43,92,26
68217,68,62,225,146,42,3,13,7,0,8,112,175,30
45217,45,3,16,14,3,3,6,0,1,1,10,21,6
72217,72,49,256,249,75,12,16,7,32,10,206,365,73
09217,09,2,13,21,6,2,0,0,2,4,19,12,7
40217,40,130,551,718,252,20,45,12,139,25,613,518,273
46217,46,13,26,48,19,0,0,0,0,1,42,37,20
2B217,2B,3,5,12,1,2,4,2,0,0,1,10,0
22217,22,5,30,67,17,0,1,0,23,3,41,33,17
29217,29,59,201,399,147,14,20,10,8,6,261,246,145
58217,58,8,25,15,3,5,0,1,11,4,12,12,1
34217,34,111,712,600,162,18,34,6,17,30,656,507,165
79217,79,35,90,120,27,0,0,4,16,5,68,92,31
81217,81,16,52,53,16,0,7,0,0,0,38,37,19
47217,47,19,116,93,30,5,4,5,0,1,77,85,22
30217,30,153,1169,739,195,22,35,11,49,41,862,701,197
73217,73,5,41,33,5,0,0,0,4,5,35,32,12
03217,03,23,89,98,21,5,0,1,4,8,79,73,27
07217,07,25,100,91,25,7,11,2,0,2,93,75,21
86217,86,4,33,46,9,0,4,0,0,5,36,26,7
42217,42,7,43,47,13,3,7,0,0,7,38,38,14
37217,37,44,129,183,58,7,10,2,0,11,110,162,53
18217,18,2,21,23,7,6,6,2,0,2,5,14,6
19217,19,6,16,23,3,6,0,1,0,2,16,15,6
41217,41,20,98,92,17,2,1,4,24,0,65,87,21
69217,69,10,58,96,21,5,3,5,20,6,73,91,20
23217,23,13,39,36,19,2,0,0,0,6,24,33,10
43217,43,13,72,67,22,0,0,4,28,0,48,49,16
15217,15,7,7,18,7,0,0,0,0,4,0,17,8
12217,12,15,65,97,30,0,3,0,28,0,84,79,28
36217,36,4,10,9,3,6,2,3,0,0,3,12,3
04217,04,15,101,79,22,3,5,3,0,2,77,73,13
66217,66,36,309,195,50,0,13,6,13,11,222,171,41
44217,44,120,401,854,231,18,41,18,32,22,601,575,235
62218,62,8,58,38,14,3,0,2,0,0,34,25,4
02218,02,15,95,41,10,4,6,2,0,4,32,47,9
80218,80,7,21,20,8,0,0,4,0,1,8,16,3
21218,21,6,15,19,0,0,5,0,0,0,2,9,2
14218,14,5,28,35,8,4,3,5,4,0,22,25,13
76218,76,0,16,7,7,0,2,0,0,0,0,10,8
27218,27,41,204,125,37,6,5,6,0,7,102,121,30
25218,25,0,9,19,0,0,5,1,0,6,7,11,1
95218,95,310,1185,1715,479,34,81,21,124,110,1571,1328,470
60218,60,29,178,119,34,4,11,4,24,3,110,107,25
70218,70,0,16,18,4,1,0,5,0,6,0,12,5
64218,64,11,24,48,18,1,7,0,0,0,36,35,16
39218,39,11,43,36,5,7,5,0,12,6,35,40,6
59218,59,30,156,117,29,6,9,2,0,6,116,107,38
57218,57,49,193,140,41,2,5,5,11,13,132,128,37
31218,31,7,9,20,4,3,0,0,0,1,8,15,1
52218,52,5,4,8,3,0,5,0,0,0,0,9,0
71218,71,17,80,77,19,0,6,0,0,7,51,60,17
88218,88,85,370,248,62,10,18,7,31,13,217,230,53
50218,50,326,1273,1559,418,54,80,29,94,34,1010,1335,411
55218,55,2,5,1,0,0,0,4,0,0,0,0,3
77218,77,3,18,7,1,1,1,0,0,1,6,15,8
54218,54,0,9,2,2,5,0,2,4,0,2,2,1
65218,65,10,57,69,29,4,8,4,8,0,75,36,24
67218,67,739,2778,2545,572,80,124,32,158,114,1568,2474,624
24218,24,26,112,118,32,3,5,0,25,6,133,96,33
61218,61,54,219,211,53,12,16,1,1,7,132,237,46
33218,33,33,123,167,43,8,5,0,18,4,137,112,51
89218,89,33,169,109,27,1,8,4,0,1,98,103,26
972218,972,56,286,713,269,58,64,2,40,36,674,456,255
45218,45,8,16,14,3,5,2,5,0,0,10,11,1
35218,35,16,54,119,34,4,5,5,0,2,61,67,31
08218,08,23,206,108,27,3,8,8,25,0,108,115,25
32218,32,0,0,13,7,5,3,4,0,3,0,0,3
28218,28,373,1465,1291,322,51,51,27,93,59,896,1267,274
10218,10,2,19,9,7,0,5,0,11,3,7,19,0
17218,17,129,493,562,124,28,32,17,9,17,423,473,126
38218,38,19,101,106,30,0,4,0,0,5,83,64,29
11218,11,0,12,12,5,0,0,0,0,3,0,12,4
63218,63,5,16,25,9,4,0,4,0,5,24,24,6
16218,16,7,31,39,12,0,3,2,18,0,36,30,9
49218,49,419,1236,1919,458,76,109,29,151,35,1209,1702,476
68218,68,127,480,350,94,11,27,11,27,19,243,397,79
26218,26,78,316,296,79,6,8,3,12,14,270,239,88
72218,72,5,38,25,6,6,3,5,0,0,24,48,3
09218,09,0,11,16,2,5,6,1,0,0,14,4,10
40218,40,9,35,57,22,0,0,0,8,7,46,38,19
46218,46,0,15,21,8,0,1,3,0,0,9,9,8
2B218,2B,2,23,11,0,0,3,1,16,3,17,17,1
22218,22,34,123,226,57,9,19,7,9,8,142,145,62
29218,29,31,111,228,85,8,5,6,9,4,160,127,78
34218,34,1,47,31,5,4,0,0,9,2,37,22,6
79218,79,0,17,27,4,4,6,0,0,0,13,24,9
58218,58,40,227,212,62,10,6,7,0,13,146,154,64
74218,74,183,522,670,141,14,36,7,101,36,457,708,135
81218,81,100,420,419,128,12,31,10,47,19,399,356,131
47218,47,11,25,23,5,2,0,1,12,2,22,22,2
30218,30,7,36,19,10,6,6,0,0,0,18,20,1
73218,73,27,78,84,19,1,1,1,35,1,65,79,24
03218,03,10,27,30,5,3,7,1,0,1,17,27,11
07218,07,5,42,35,11,2,1,5,7,5,42,32,16
86218,86,9,22,18,6,0,3,4,0,1,11,20,11
42218,42,3194,13276,12681,3163,364,566,210,868,465,9969,10000,3118
37218,37,21,49,73,23,5,0,0,9,1,47,56,14
85218,85,43,149,224,35,3,5,4,15,8,115,223,42
56218,56,13,74,116,26,5,3,0,0,0,69,75,34
41218,41,21,96,80,20,5,1,0,33,4,70,87,19
18218,18,24,86,80,20,5,8,0,0,2,51,57,23
69218,69,20,74,125,30,3,5,3,12,7,90,116,34
23218,23,5,8,11,1,0,3,3,13,0,12,14,3
43218,43,35,130,138,26,9,6,6,16,2,108,105,29
15218,15,5,2,16,4,0,0,5,0,0,0,14,0
53218,53,27,74,98,21,3,3,6,0,3,46,114,27
36218,36,1,13,17,6,0,1,3,1,0,13,18,9
04218,04,5,33,29,7,0,4,0,0,0,26,27,5
66218,66,4,52,35,10,3,0,0,12,0,36,28,7
51218,51,2,16,18,1,0,3,3,0,0,10,20,2
44218,44,10,52,96,30,1,2,5,0,1,60,69,31
72219,72,17,83,76,19,3,0,1,11,2,70,119,25
62219,62,3,32,17,9,1,0,0,5,0,15,10,4
02219,02,2,24,16,0,3,0,2,4,2,11,19,1
80219,80,1,15,3,2,0,0,0,0,4,4,11,0
21219,21,0,15,19,2,5,4,1,2,2,10,15,1
76219,76,54,300,254,70,15,17,2,29,1,272,200,61
51219,51,0,25,20,3,0,4,3,1,2,18,17,0
25219,25,16,67,69,22,2,0,0,15,0,51,56,21
27219,27,17,79,50,9,3,0,0,8,0,41,41,16
95219,95,518,1966,2938,811,61,132,42,119,157,2571,2103,760
60219,60,7,15,21,9,1,0,0,0,4,0,16,6
70219,70,14,108,59,19,6,0,0,16,0,58,61,14
64219,64,8,20,38,10,5,4,0,0,0,19,22,13
59219,59,13,90,72,15,8,3,6,7,2,66,54,21
39219,39,19,71,55,14,2,2,1,12,0,55,58,13
57219,57,17,84,63,20,0,0,0,5,0,43,46,9
54219,54,4,3,7,5,1,0,0,0,5,0,11,0
31219,31,9,32,49,17,6,0,0,20,2,44,28,13
52219,52,0,2,1,3,0,0,0,4,1,0,0,0
71219,71,11,55,47,21,0,3,4,4,0,45,43,20
50219,50,25,69,87,25,6,6,0,0,0,47,71,24
88219,88,5,22,11,2,0,0,4,0,0,14,16,7
55219,55,0,20,12,1,0,4,2,3,1,4,8,0
77219,77,79,254,269,74,11,8,4,0,8,221,195,58
08219,08,0,17,8,6,0,4,0,0,5,14,5,0
65219,65,1,5,10,7,0,4,0,9,0,14,9,0
61219,61,4,12,22,9,1,0,0,0,0,3,24,4
33219,33,44,200,283,78,12,16,2,4,19,231,177,80
89219,89,6,22,12,2,2,0,0,0,0,9,19,2
972219,972,18,94,222,73,21,27,7,12,12,225,159,95
68219,68,41,129,91,22,6,7,0,22,4,63,94,20
01219,01,6,26,14,0,0,4,5,0,0,11,14,3
28219,28,14,48,46,8,5,0,0,0,2,19,40,8
32219,32,11,31,39,7,3,0,0,0,1,25,33,12
10219,10,0,0,10,5,1,0,2,0,0,0,9,6
38219,38,11,66,79,20,4,4,2,23,8,61,54,22
17219,17,163,690,793,181,36,43,4,104,26,611,662,198
11219,11,1,5,5,0,0,0,5,0,1,0,8,1
63219,63,19,57,89,19,0,6,1,9,0,75,57,28
49219,49,10,39,60,14,0,4,0,12,0,42,47,9
45219,45,9,23,15,6,5,0,4,0,6,3,22,3
09219,09,6,17,18,9,0,5,0,0,0,15,15,12
40219,40,7,11,14,0,0,1,0,0,0,4,13,6
46219,46,10,28,61,16,2,2,0,0,6,43,38,19
2B219,2B,0,15,12,3,0,6,2,12,1,6,15,7
35219,35,76,220,500,160,5,25,6,14,9,320,300,141
22219,22,46,200,319,90,1,11,5,30,7,219,207,88
34219,34,10,72,60,9,0,2,0,0,7,58,49,9
58219,58,4,26,22,10,0,3,0,0,0,12,22,9
81219,81,76,340,350,105,14,24,2,25,12,318,261,104
74219,74,38,117,151,33,5,7,2,0,3,86,151,37
47219,47,0,21,14,0,0,3,4,0,0,18,17,6
30219,30,3,18,14,0,0,0,3,3,0,8,7,4
73219,73,24,74,69,18,0,2,0,1,4,56,76,22
07219,07,5,26,23,8,0,0,0,18,5,32,20,7
03219,03,6,18,28,2,0,0,0,8,6,15,20,7
42219,42,25,122,120,25,6,0,5,0,7,83,90,34
37219,37,26,84,105,35,0,5,0,0,3,90,103,29
53219,53,38,94,166,30,8,4,6,0,5,85,166,40
56219,56,31,103,169,38,0,10,1,14,0,99,127,36
18219,18,13,48,51,13,7,6,0,0,5,22,34,14
69219,69,51,179,295,73,15,11,0,21,12,230,261,84
41219,41,6,35,35,13,1,7,5,0,0,21,33,7
23219,23,26,106,114,35,9,6,5,31,3,113,96,37
43219,43,3,17,12,7,2,0,0,0,0,12,16,0
12219,12,13,32,57,18,2,4,0,4,7,36,39,15
19219,19,1,3,9,0,3,6,0,0,2,0,8,1
15219,15,7,26,50,9,6,6,0,0,0,21,43,9
36219,36,15,61,53,20,0,5,3,6,0,61,54,22
04219,04,4,38,27,3,1,0,0,20,0,39,25,11
66219,66,0,8,13,0,1,0,0,11,3,8,5,0
62220,62,8,77,46,9,0,0,5,8,0,43,32,6
02220,02,10,77,42,12,5,0,2,0,3,29,42,5
80220,80,6,15,10,0,2,0,0,3,0,7,5,5
21220,21,9,19,12,9,3,0,0,0,2,3,16,0
14220,14,102,433,526,136,18,15,4,56,20,378,427,149
76220,76,8,52,54,10,1,2,3,0,2,54,43,13
51220,51,6,13,10,3,0,4,0,2,6,11,9,6
25220,25,15,67,62,21,3,2,4,0,7,22,53,18
27220,27,4,38,25,4,0,3,0,12,1,26,34,11
60220,60,17,68,48,10,0,0,0,5,1,38,37,13
70220,70,15,56,29,13,0,4,0,1,3,29,34,3
64220,64,7,36,66,15,6,3,1,18,4,58,56,21
59220,59,379,2121,1546,420,67,74,23,86,41,1557,1301,447
39220,39,9,48,34,12,0,0,0,4,0,35,40,5
57220,57,6,19,13,3,6,5,0,0,0,10,12,7
31220,31,4,27,39,18,0,0,0,16,0,31,28,10
52220,52,4,22,14,5,0,5,3,0,4,3,16,3
71220,71,19,60,48,17,0,0,5,7,0,48,44,11
88220,88,5,3,1,3,1,2,0,0,0,0,7,3
55220,55,5,13,11,4,4,6,0,0,0,1,4,0
77220,77,7,26,31,3,6,5,1,0,0,31,19,9
54220,54,0,5,5,3,0,0,4,4,1,7,7,1
08220,08,4,52,21,11,0,5,4,0,0,19,25,7
65220,65,9,22,23,6,1,4,5,0,4,3,14,12
67220,67,16,46,39,7,0,0,3,0,1,18,40,13
24220,24,10,54,65,15,0,5,0,30,3,61,52,16
33220,33,25,84,124,43,0,9,0,14,0,114,91,37
89220,89,10,47,33,4,0,3,0,3,0,33,30,10
34220,34,9,31,29,13,0,4,3,0,0,19,27,8
78220,78,136,410,894,197,19,20,15,52,31,457,847,215
16220,16,10,58,84,21,0,0,0,13,4,70,56,14
04220,04,14,46,33,13,0,7,0,0,0,46,33,11
28220,28,189,809,709,181,20,24,6,60,39,506,687,166
32220,32,0,8,20,6,0,5,4,2,0,12,17,5
10220,10,46,238,141,29,0,6,5,46,1,105,183,33
17220,17,13,38,46,14,0,7,0,5,7,39,41,9
11220,11,9,95,62,14,0,7,0,19,4,73,45,15
63220,63,4,8,20,2,0,5,2,0,1,14,14,6
49220,49,88,282,426,105,17,26,8,19,15,262,396,103
45220,45,17,62,68,15,0,8,0,1,0,45,57,9
72220,72,13,83,81,25,0,9,0,0,0,79,124,28
26220,26,167,780,734,194,22,27,13,66,28,653,613,189
09220,09,2,16,20,2,0,0,0,17,1,21,16,3
2B220,2B,3,12,12,5,3,2,2,2,0,5,20,0
46220,46,11,66,105,30,3,2,0,0,6,84,67,28
35220,35,66,183,404,118,9,15,5,13,6,226,249,128
22220,22,34,126,211,65,10,2,1,21,5,138,133,66
29220,29,165,559,1136,411,21,60,15,44,31,747,694,400
79220,79,12,53,73,13,4,9,0,0,0,44,46,24
40220,40,1,15,12,9,0,0,1,1,3,16,14,7
81220,81,137,637,624,183,24,42,14,106,25,567,497,179
58220,58,15,79,77,15,7,7,5,0,8,55,49,23
47220,47,10,36,22,3,0,3,0,12,0,21,23,5
74220,74,222,651,836,197,19,40,5,31,47,582,862,201
972220,972,150,715,1763,677,131,215,45,25,79,1766,1105,654
30220,30,6,35,24,3,3,0,0,0,5,14,27,9
73220,73,14,45,44,8,5,2,3,0,2,39,51,8
03220,03,16,75,77,23,6,3,1,12,0,72,59,14
07220,07,0,8,17,6,3,0,0,0,1,17,9,2
42220,42,15,74,68,11,0,0,1,8,0,57,55,12
86220,86,8,29,40,15,4,1,0,1,3,34,32,8
53220,53,15,25,47,6,4,5,1,0,0,18,48,13
85220,85,45,133,189,36,10,5,5,0,1,84,184,35
37220,37,8,33,39,17,4,0,0,0,0,32,42,10
41220,41,120,469,405,111,7,21,0,51,18,325,411,112
69220,69,33,139,222,48,7,4,3,0,11,159,186,58
18220,18,7,39,41,11,0,2,0,18,5,38,31,7
19220,19,6,45,68,15,5,7,1,0,7,41,35,20
23220,23,20,66,69,20,8,6,7,1,0,32,53,26
43220,43,9,22,27,10,4,5,5,0,0,11,26,11
12220,12,14,30,57,15,3,7,2,0,3,19,45,10
56220,56,26,127,194,54,8,10,1,0,8,90,139,51
15220,15,9,14,23,3,5,6,4,0,6,0,27,10
36220,36,31,115,90,31,6,2,2,14,8,87,91,26
66220,66,1,12,1,1,2,0,2,0,0,5,11,0
44220,44,39,101,220,63,6,20,3,13,3,150,152,64
62221,62,6,39,17,9,2,2,0,0,5,23,22,6
02221,02,6,23,13,4,4,1,0,0,6,8,13,0
80221,80,7,50,40,8,1,2,4,0,2,21,30,4
21221,21,0,2,8,3,0,0,0,3,2,9,3,0
76221,76,2,35,26,7,2,0,0,9,0,28,16,6
14221,14,77,325,413,104,15,16,11,0,3,280,321,107
25221,25,0,1,2,1,4,0,3,0,0,1,11,6
60221,60,15,100,64,9,2,7,6,0,8,45,58,14
64221,64,1,14,14,2,0,3,2,0,3,14,19,5
70221,70,10,42,23,7,5,0,1,18,3,24,21,3
59221,59,56,318,220,66,11,4,0,11,13,220,177,60
39221,39,0,2,0,6,0,0,0,0,3,0,5,0
57221,57,302,1456,1042,259,46,56,25,92,63,885,900,285
54221,54,3,28,24,5,2,4,1,23,0,23,17,11
52221,52,0,17,16,3,4,0,5,0,3,4,8,3
71221,71,129,468,440,110,5,28,14,14,22,361,356,109
31221,31,0,7,19,5,0,4,0,0,0,7,7,5
50221,50,2,8,9,0,0,0,0,1,0,4,7,5
88221,88,4,41,29,6,0,0,0,0,6,12,27,1
77221,77,40,130,133,33,4,2,3,0,9,109,95,26
55221,55,13,46,26,9,1,3,0,2,1,17,28,3
65221,65,3,16,31,7,1,0,0,0,1,26,19,8
67221,67,5,36,34,3,4,3,2,0,7,24,30,6
44221,44,22,73,177,48,1,4,3,7,4,134,108,46
33221,33,24,85,139,40,0,11,0,15,0,99,81,36
61221,61,19,51,54,8,0,0,3,5,1,31,51,10
74221,74,19,43,62,14,0,7,0,13,3,44,65,12
11221,11,10,33,22,9,4,0,0,15,2,32,16,7
89221,89,13,56,39,4,0,0,1,0,1,27,40,3
28221,28,2,22,17,7,4,1,0,3,6,10,15,3
32221,32,2,22,28,13,0,6,0,2,0,23,26,5
10221,10,1,21,11,5,1,0,0,12,0,13,25,0
38221,38,0,20,21,3,0,3,3,0,0,13,16,4
17221,17,27,87,100,20,6,2,6,5,0,76,83,26
63221,63,4,17,19,1,2,0,2,0,0,7,13,5
16221,16,9,32,29,8,6,4,0,0,3,11,25,13
49221,49,20,66,100,19,2,8,0,17,0,75,85,25
68221,68,31,104,74,20,8,9,0,12,5,52,96,17
72221,72,11,36,42,7,6,0,0,5,4,27,47,13
26221,26,8,17,8,0,2,1,0,0,2,3,4,7
09221,09,5,24,29,9,1,0,4,0,0,22,15,7
40221,40,5,28,47,10,0,0,0,28,3,34,37,12
2B221,2B,0,1,6,3,3,4,0,0,1,0,5,0
46221,46,12,42,71,25,1,8,0,0,1,56,39,24
22221,22,33,139,232,82,9,6,0,6,6,165,169,86
35221,35,54,200,417,113,10,12,8,5,8,231,253,114
29221,29,37,139,302,97,8,5,6,2,6,193,181,117
34221,34,7,67,44,19,4,0,0,11,0,50,44,18
81221,81,11,29,27,7,4,0,0,0,1,16,27,11
972221,972,142,669,1597,562,137,183,28,103,88,1664,1062,623
30221,30,114,765,482,117,5,19,13,39,32,533,428,124
24221,24,0,8,15,4,0,0,0,0,4,6,11,8
47221,47,24,76,77,15,4,0,4,0,5,37,64,23
58221,58,5,12,15,4,1,0,0,20,0,8,12,0
73221,73,9,17,29,8,3,6,4,0,0,0,26,5
03221,03,20,83,80,20,0,7,0,18,0,69,62,22
07221,07,9,33,29,6,5,6,0,3,4,27,22,11
12221,12,10,35,51,14,6,0,0,5,2,41,43,7
86221,86,33,119,133,41,10,12,3,0,9,94,108,37
53221,53,11,38,57,14,0,4,1,0,0,8,55,13
85221,85,79,238,356,74,16,14,5,26,9,188,334,65
37221,37,13,63,81,25,6,4,4,0,3,51,63,15
56221,56,32,136,207,54,0,10,0,21,10,126,150,53
18221,18,7,38,36,12,0,4,0,0,0,10,29,12
41221,41,17,89,72,19,2,0,5,18,0,57,68,13
19221,19,0,5,13,7,0,0,2,9,1,9,6,6
23221,23,2,26,23,9,0,0,0,17,6,25,16,10
43221,43,17,47,56,15,5,6,2,0,2,42,40,8
42221,42,8,46,44,11,0,4,1,12,6,34,46,18
15221,15,35,116,181,31,5,11,0,37,0,100,151,30
36221,36,16,56,38,7,2,3,0,4,0,35,40,11
66221,66,0,6,4,1,3,4,0,0,0,9,5,6
62222,62,4,27,8,1,0,6,0,6,0,14,6,5
02222,02,0,2,6,0,3,1,0,0,4,2,0,0
80222,80,40,194,152,27,8,10,0,24,6,119,103,36
21222,21,7,8,12,8,0,0,0,6,0,14,7,4
76222,76,101,507,434,115,9,29,8,37,15,439,333,120
51222,51,1,19,9,1,4,0,0,0,3,6,6,5
27222,27,9,27,23,1,6,3,0,0,0,0,23,9
60222,60,12,80,54,13,0,3,4,0,2,35,48,10
25222,25,41,142,142,36,3,10,5,2,6,99,138,32
64222,64,0,0,15,2,1,5,0,0,3,0,7,8
70222,70,5,9,14,0,0,2,0,0,4,0,12,0
59222,59,50,328,211,69,7,8,10,20,8,234,180,66
39222,39,0,13,10,6,0,3,2,0,4,1,11,1
57222,57,49,201,151,27,16,10,11,1,4,92,125,37
54222,54,32,146,120,34,1,12,5,11,3,128,91,41
52222,52,3,0,1,1,0,0,1,0,3,0,0,4
31222,31,2,10,8,0,0,0,0,0,0,8,0,4
71222,71,34,120,114,37,4,9,0,4,3,91,105,39
50222,50,22,74,106,21,6,8,3,12,0,62,76,24
88222,88,10,24,17,1,2,3,0,20,0,15,16,0
77222,77,120,483,467,107,17,20,4,30,23,420,369,112
55222,55,2,11,2,0,3,0,0,0,0,3,0,0
08222,08,43,247,149,40,8,13,7,9,6,133,136,46
65222,65,7,16,20,11,2,1,0,0,0,5,11,10
67222,67,112,467,416,97,17,21,1,14,16,261,405,95
24222,24,66,258,275,84,11,14,0,47,16,277,203,77
44222,44,30,70,156,41,8,5,0,0,4,98,105,48
30222,30,0,21,24,7,0,0,3,1,0,24,17,1
47222,47,15,61,47,8,0,4,0,9,7,48,47,14
33222,33,7,58,76,29,0,7,0,0,5,64,52,29
61222,61,23,98,92,23,1,2,0,6,2,61,88,16
972222,972,258,1239,2770,1042,231,343,38,94,130,2926,1873,1051
89222,89,10,31,26,2,3,2,3,0,1,16,26,10
28222,28,13,50,49,13,0,6,0,0,1,31,40,12
32222,32,1,22,21,5,0,1,5,19,3,18,12,3
10222,10,19,59,42,13,0,1,0,4,7,24,49,9
17222,17,81,349,412,94,3,18,3,66,11,321,330,100
11222,11,4,24,15,5,0,0,0,8,4,15,18,10
38222,38,22,90,97,21,3,2,4,0,3,63,66,18
63222,63,12,51,81,18,0,3,2,0,0,55,44,22
16222,16,11,29,33,11,0,0,3,11,0,33,26,14
49222,49,53,166,258,62,12,9,8,24,11,159,226,59
68222,68,36,136,112,21,1,1,0,13,5,77,117,26
45222,45,40,140,135,32,1,1,6,27,7,98,120,29
72222,72,6,31,22,6,2,5,2,1,0,23,42,5
26222,26,0,2,6,1,5,0,4,0,4,0,1,0
09222,09,1,0,3,0,4,4,0,0,5,0,0,7
40222,40,16,64,87,28,0,5,3,25,0,68,55,24
2B222,2B,0,9,5,7,0,5,4,4,0,6,7,2
35222,35,34,120,261,67,3,11,5,23,2,165,170,80
22222,22,103,438,707,219,15,39,3,57,10,510,482,229
46222,46,2,8,19,8,0,3,0,9,0,22,19,3
29222,29,3,23,50,24,0,1,0,19,1,36,35,14
34222,34,10,58,47,21,0,2,0,26,0,52,37,14
74222,74,11,40,57,15,1,5,1,9,0,41,58,16
58222,58,5,30,28,9,0,0,4,0,6,9,12,9
81222,81,90,382,382,110,2,20,6,17,15,365,300,107
73222,73,181,695,746,192,15,38,3,57,43,554,683,183
03222,03,3,14,6,7,2,2,0,0,0,3,5,8
07222,07,4,23,28,11,0,0,3,0,0,26,26,7
12222,12,1,23,33,2,0,2,2,7,4,28,19,3
42222,42,152,618,617,142,14,41,4,10,15,494,472,137
86222,86,104,395,490,146,13,37,9,68,5,429,357,147
53222,53,10,25,39,5,6,0,1,16,0,19,44,5
85222,85,276,840,1236,233,32,58,20,104,28,640,1124,229
56222,56,67,247,378,108,4,23,6,40,1,234,286,105
37222,37,14,69,93,25,1,9,0,6,5,76,76,19
41222,41,14,44,30,7,2,0,0,0,5,22,30,13
19222,19,8,46,60,18,0,2,4,4,0,52,36,17
23222,23,5,13,26,11,1,0,1,0,2,10,19,7
43222,43,10,17,25,3,4,1,3,0,1,0,23,9
15222,15,6,16,30,8,1,1,0,6,1,19,28,3
36222,36,8,26,30,5,0,0,3,3,0,24,22,9
04222,04,8,38,33,10,5,7,0,0,1,16,24,11
66222,66,24,258,152,44,4,12,1,0,3,173,137,48
12223,12,42,129,214,60,8,12,11,12,8,161,180,70
62223,62,3,42,19,10,3,0,5,5,1,30,16,8
02223,02,6,47,30,10,5,0,3,0,0,24,26,6
80223,80,7,8,12,3,1,0,5,0,2,0,13,6
21223,21,44,171,196,49,2,9,6,0,5,138,169,48
76223,76,19,65,61,19,7,0,1,0,2,63,43,20
51223,51,1,7,7,2,5,0,4,0,0,0,5,0
60223,60,94,584,368,90,22,13,9,4,18,317,348,82
91223,91,565,1328,2147,537,51,70,40,166,117,1655,1441,539
25223,25,2,39,38,11,1,5,0,7,10,31,27,13
64223,64,0,7,7,3,4,1,2,2,0,7,11,7
39223,39,10,21,20,3,2,4,0,1,1,18,12,5
44223,44,69,239,519,153,6,24,3,49,13,415,334,135
54223,54,6,22,21,5,2,3,5,5,6,17,14,5
52223,52,4,8,10,3,0,0,2,0,0,0,9,7
31223,31,0,6,2,6,0,0,0,0,3,4,6,0
88223,88,8,16,17,4,4,0,5,0,0,0,11,7
77223,77,16,63,57,20,4,3,0,0,4,39,49,16
08223,08,1,22,11,4,1,6,4,0,0,0,6,8
65223,65,30,125,151,53,0,6,0,47,0,140,86,52
67223,67,44,143,129,37,8,5,2,12,3,97,144,32
71223,71,21,79,63,16,1,6,0,16,0,54,67,16
74223,74,20,51,62,14,0,0,1,0,1,21,62,14
24223,24,77,345,354,95,17,28,11,45,12,364,271,92
33223,33,0,7,16,7,0,5,0,0,5,8,14,9
14223,14,3,2,10,2,5,6,5,0,3,0,5,3
59223,59,6,58,42,19,0,0,3,23,5,45,31,9
81223,81,8,8,15,6,1,0,0,0,5,0,6,7
28223,28,37,147,137,34,0,6,0,13,1,98,132,29
89223,89,24,98,66,11,0,5,0,11,0,58,62,13
32223,32,1,8,4,1,5,0,2,0,0,2,6,7
10223,10,18,91,48,16,0,0,6,0,7,34,65,8
11223,11,4,0,0,1,0,2,0,0,0,0,0,5
17223,17,0,17,19,7,5,5,1,0,6,16,20,2
38223,38,43,196,219,63,3,10,2,24,3,176,171,59
63223,63,17,52,76,14,0,0,4,14,6,56,40,18
16223,16,58,216,232,64,9,15,0,34,8,189,160,68
68223,68,26,115,75,22,8,3,3,17,1,62,87,18
49223,49,155,484,723,196,24,40,14,8,18,465,669,184
45223,45,14,32,39,11,0,5,4,0,6,0,37,8
72223,72,45,255,240,67,9,18,0,3,7,205,351,65
26223,26,17,74,57,15,2,3,5,0,4,37,57,22
09223,09,5,61,52,24,2,7,0,12,7,67,36,27
40223,40,7,17,31,12,5,3,0,3,4,31,19,7
2B223,2B,14,92,56,18,0,4,0,7,2,46,83,10
22223,22,43,151,247,80,11,12,2,7,3,172,146,67
35223,35,90,268,558,171,13,13,4,16,6,316,345,151
46223,46,2,18,32,3,0,3,0,0,5,29,10,3
79223,79,4,7,9,0,0,0,0,0,0,2,5,0
34223,34,14,146,117,30,6,8,6,12,7,116,87,29
47223,47,6,32,16,3,2,1,2,7,0,23,18,4
30223,30,95,644,399,95,9,14,4,35,21,481,370,106
58223,58,16,74,61,12,4,1,2,6,6,58,43,13
73223,73,12,66,58,19,0,6,0,5,1,55,62,14
03223,03,15,61,66,16,5,1,0,6,0,46,42,12
07223,07,5,19,18,5,0,1,5,0,0,21,10,2
972223,972,100,516,1157,444,84,144,26,68,57,1196,800,441
42223,42,152,636,621,162,21,27,3,63,11,490,485,151
86223,86,23,86,102,27,3,9,1,17,4,88,86,29
53223,53,8,35,45,10,1,2,2,15,0,21,49,5
56223,56,34,130,209,55,5,14,1,11,6,128,147,61
37223,37,13,26,41,12,0,0,0,0,4,14,36,12
41223,41,16,86,67,17,5,6,1,24,0,50,75,22
19223,19,2,29,33,6,1,0,0,5,2,25,29,13
18223,18,58,255,239,51,14,12,3,14,7,205,205,52
23223,23,5,19,23,4,1,7,1,8,0,26,17,11
43223,43,41,140,131,27,6,6,0,11,4,110,116,30
85223,85,67,225,306,54,5,11,6,7,5,187,298,67
15223,15,8,19,32,7,3,0,0,11,3,17,30,3
36223,36,2,11,18,0,3,4,0,0,2,13,18,2
66223,66,7,42,25,2,2,0,0,0,4,20,25,2
62224,62,83,576,297,83,16,19,0,5,10,282,233,84
02224,02,10,69,26,4,3,7,0,6,4,24,27,4
80224,80,4,22,8,4,6,0,0,0,3,0,9,8
21224,21,4,8,13,0,4,0,0,0,0,5,7,0
14224,14,5,0,7,0,5,0,3,0,2,0,8,6
76224,76,24,113,94,29,6,8,6,0,8,60,83,29
51224,51,9,28,13,1,2,0,0,0,4,14,16,5
27224,27,18,69,46,15,2,1,5,0,0,33,52,17
60224,60,3,15,19,1,0,3,0,5,4,8,9,2
25224,25,22,92,86,29,4,6,0,15,0,81,81,17
70224,70,24,95,60,18,0,8,0,6,0,52,63,13
64224,64,18,39,89,21,0,1,2,33,7,60,68,26
57224,57,95,519,375,95,16,9,3,61,22,298,316,102
59224,59,30,217,160,35,8,9,1,9,7,157,117,45
54224,54,8,15,9,1,2,2,2,0,0,5,13,8
31224,31,20,99,150,39,2,6,0,11,2,125,83,52
71224,71,7,7,16,7,0,0,0,1,1,5,9,3
88224,88,16,53,39,8,0,5,4,0,5,20,28,11
55224,55,12,92,56,11,0,2,0,20,0,40,52,16
77224,77,2,14,22,0,2,0,5,4,6,10,13,4
65224,65,11,23,36,6,0,0,0,7,4,26,23,5
78224,78,111,311,682,151,16,19,11,32,18,384,672,174
44224,44,34,104,214,57,8,14,0,0,8,148,129,50
74224,74,257,789,1000,226,46,35,21,105,48,693,1104,221
30224,30,9,70,56,16,3,3,0,0,6,57,39,16
15224,15,4,13,25,8,4,0,0,0,0,0,23,2
24224,24,20,64,77,25,0,4,0,20,4,74,54,22
33224,33,0,5,13,3,0,3,0,2,3,12,13,4
61224,61,17,53,48,16,4,2,0,0,1,17,55,7
81224,81,0,15,12,1,0,0,0,8,0,10,8,4
89224,89,3,26,11,9,0,5,0,2,1,12,13,0
01224,01,67,313,290,65,8,5,0,30,9,202,263,55
32224,32,2,30,33,5,0,0,0,0,0,27,27,14
10224,10,41,215,130,35,6,3,0,13,8,108,162,26
11224,11,6,0,8,2,5,0,0,0,0,0,0,0
17224,17,61,213,240,57,1,19,8,41,9,186,222,49
38224,38,5,4,7,7,4,6,2,0,1,0,13,8
16224,16,20,88,87,19,3,6,4,20,2,74,57,28
68224,68,2138,8429,6224,1462,244,364,143,599,435,4315,6970,1456
63224,63,30,130,212,52,10,8,0,15,10,167,133,56
49224,49,19,64,110,27,2,3,0,22,3,71,96,25
45224,45,136,467,479,117,1,29,3,34,27,342,428,113
72224,72,10,54,45,18,0,0,0,0,2,40,69,10
26224,26,2,33,29,12,0,2,0,0,0,13,26,9
09224,09,8,43,47,20,3,8,0,6,0,64,23,13
40224,40,67,295,403,136,15,18,12,44,11,317,295,154
2B224,2B,14,108,65,15,3,0,5,17,7,46,88,12
35224,35,47,162,381,114,11,4,12,15,2,226,236,112
22224,22,32,133,220,60,3,14,5,0,10,150,159,74
29224,29,27,76,185,59,4,10,0,14,8,114,101,65
46224,46,79,250,435,105,10,30,5,36,15,367,263,122
34224,34,21,174,133,43,4,10,6,0,5,127,114,34
47224,47,3,31,21,10,4,0,0,0,6,13,12,4
58224,58,3,14,9,0,2,0,0,0,2,4,5,6
73224,73,15,82,84,24,4,0,0,2,8,69,68,23
07224,07,9,30,33,5,0,3,5,0,0,30,29,4
03224,03,4,45,47,15,1,1,0,0,0,34,31,11
42224,42,88,330,330,87,17,17,6,0,21,240,259,70
12224,12,45,167,275,57,9,14,0,50,8,203,221,63
53224,53,23,80,124,25,6,3,1,21,2,73,130,28
86224,86,26,108,135,43,6,3,0,3,5,111,106,44
972224,972,158,802,1883,721,151,223,48,93,88,1957,1267,745
37224,37,27,76,95,27,0,3,4,20,1,72,81,31
56224,56,14,37,50,14,6,0,0,0,4,28,34,16
41224,41,7,26,23,9,1,6,0,0,0,19,23,2
18224,18,11,35,39,4,0,5,2,1,0,24,25,13
23224,23,0,12,16,2,0,0,1,5,0,9,10,9
43224,43,172,646,640,139,27,32,2,82,14,496,515,133
36224,36,25,143,120,35,7,9,0,0,10,83,112,37
04224,04,4,19,17,0,4,5,0,0,2,20,8,0
66224,66,52,475,288,85,7,8,2,0,20,332,278,86
64225,64,8,42,90,21,1,1,0,43,6,65,63,27
38225,38,83,394,399,103,6,19,0,44,14,324,281,116
62225,62,12,98,52,14,7,1,4,24,3,52,40,9
02225,02,5,13,7,4,1,6,0,0,2,0,7,7
80225,80,1,40,25,7,6,0,0,0,4,15,26,2
21225,21,7,14,10,4,0,0,4,3,0,5,11,3
14225,14,150,578,670,184,26,23,7,43,28,507,593,181
76225,76,10,38,39,13,5,1,1,8,2,39,26,9
51225,51,7,47,30,9,0,0,4,1,0,20,36,8
91225,91,122,256,427,102,7,13,0,14,11,347,304,104
60225,60,23,136,97,21,0,6,3,0,8,79,77,16
25225,25,10,17,18,10,5,3,1,0,0,6,18,7
70225,70,8,18,17,0,6,2,0,0,0,6,10,2
59225,59,140,835,584,169,21,26,12,31,21,602,481,174
39225,39,1,29,23,9,0,4,1,2,1,20,18,1
57225,57,4,17,7,5,0,4,2,0,5,7,8,7
42225,42,115,428,411,99,16,15,11,75,10,334,315,96
31225,31,3,14,15,10,5,2,3,0,0,10,16,6
71225,71,23,67,67,12,4,3,4,0,1,37,58,14
54225,54,1,29,26,2,0,5,0,0,5,13,19,3
88225,88,69,336,237,60,9,14,8,19,10,196,209,60
55225,55,8,19,15,6,1,0,0,1,4,6,14,5
08225,08,8,29,11,6,4,2,2,0,0,10,20,7
65225,65,4,17,10,0,3,0,0,7,3,10,14,0
67225,67,5,18,9,0,0,0,0,0,5,1,19,4
77225,77,10,33,35,4,2,6,3,0,0,14,26,11
45225,45,7,41,35,9,3,4,0,15,4,24,33,7
24225,24,53,259,268,88,10,17,2,13,18,297,208,79
33225,33,45,179,259,69,8,21,8,2,12,234,177,90
50225,50,4,11,10,4,0,0,1,7,4,3,9,0
36225,36,2,16,18,4,2,0,0,11,4,14,15,0
17225,17,67,283,311,79,5,19,2,8,14,223,248,69
89225,89,1,6,7,0,2,0,5,0,4,0,8,6
61225,61,0,5,0,5,0,0,1,1,0,8,4,2
01225,01,13,64,55,11,5,0,5,0,0,34,47,8
28225,28,19,77,63,17,3,3,0,12,0,47,76,23
32225,32,3,9,13,3,2,2,0,2,0,14,9,1
10225,10,7,34,29,5,6,0,0,0,1,9,37,10
11225,11,21,130,85,26,7,0,0,8,4,91,63,28
63225,63,22,105,176,46,10,7,0,9,4,143,91,37
16225,16,9,62,79,19,3,1,2,0,2,52,48,22
68225,68,57,227,160,41,10,9,0,14,12,119,172,35
72225,72,14,51,51,17,2,2,1,3,0,52,82,14
09225,09,194,1195,1206,455,43,75,9,121,46,1512,706,443
26225,26,13,71,69,17,1,8,5,0,8,46,56,15
40225,40,0,17,26,10,5,0,0,6,0,15,14,13
2B225,2B,5,26,18,2,2,0,4,16,0,8,26,0
35225,35,16,53,119,35,4,4,6,0,2,56,62,37
22225,22,116,404,707,243,12,32,17,7,22,494,479,231
29225,29,35,148,308,109,0,15,6,33,6,206,188,122
46225,46,52,202,320,89,5,15,1,24,8,292,199,80
34225,34,58,369,277,89,6,16,2,24,8,308,229,72
79225,79,9,30,49,9,1,4,2,5,0,30,26,11
81225,81,24,115,119,28,6,6,0,3,9,110,100,31
47225,47,47,264,215,57,6,10,4,64,13,201,184,61
74225,74,376,1172,1490,323,11,43,12,90,63,943,1507,310
30225,30,49,266,181,42,1,8,9,6,8,159,160,47
58225,58,10,39,43,17,5,4,0,2,0,35,30,15
73225,73,78,314,334,80,12,18,3,16,10,278,322,82
07225,07,30,132,137,40,0,7,0,36,3,131,108,32
03225,03,10,45,52,7,5,5,1,32,1,39,37,9
12225,12,51,130,211,50,5,9,5,14,13,158,191,53
53225,53,6,29,53,7,4,0,0,16,6,23,54,7
86225,86,29,109,144,35,6,6,10,11,6,102,109,42
56225,56,7,13,30,12,0,6,2,0,1,10,22,2
69225,69,10,45,75,22,0,1,3,0,7,48,73,17
41225,41,19,89,81,25,6,9,0,0,5,46,85,22
37225,37,90,277,349,95,16,12,6,33,19,279,299,113
18225,18,6,37,28,8,0,0,0,7,2,23,24,3
19225,19,8,12,32,2,0,0,0,17,0,20,13,1
23225,23,4,8,18,0,0,3,1,2,0,9,13,2
972225,972,53,247,598,212,59,60,6,27,36,618,367,225
43225,43,0,0,12,5,0,4,4,0,0,0,5,5
15225,15,7,17,38,4,0,4,4,0,0,17,32,3
66225,66,31,260,149,46,5,3,0,33,9,188,145,37
02226,02,43,326,169,43,6,15,4,26,9,146,141,32
80226,80,11,43,29,2,1,2,0,1,0,20,27,8
21226,21,5,42,42,12,2,6,0,0,0,17,38,10
14226,14,7,22,36,14,0,3,1,0,5,18,30,10
76226,76,8,13,16,10,0,2,0,0,3,7,17,7
51226,51,0,6,10,3,3,1,3,0,3,0,6,6
25226,25,5,29,32,4,2,0,0,6,6,19,25,3
91226,91,218,529,816,223,19,27,7,22,53,602,570,199
27226,27,96,530,353,91,16,22,5,79,9,304,329,86
60226,60,6,54,34,5,4,6,0,0,7,34,31,9
70226,70,11,55,39,12,2,6,0,0,6,21,27,4
59226,59,27,158,113,33,1,2,5,25,4,133,99,36
64226,64,0,13,21,8,0,1,5,8,4,17,13,3
57226,57,86,402,295,67,17,18,10,22,26,213,246,92
54226,54,9,16,20,7,0,6,4,0,1,3,15,1
31226,31,7,13,9,7,0,4,0,0,2,0,10,2
71226,71,0,1,2,2,0,0,0,0,3,2,8,5
88226,88,9,24,15,0,5,0,0,0,0,0,18,4
55226,55,8,19,10,2,5,3,4,0,0,0,9,0
08226,08,6,25,16,6,6,0,0,0,0,12,18,4
77226,77,77,284,300,67,3,3,5,13,15,242,212,80
65226,65,63,239,340,94,6,15,9,69,10,298,195,104
67226,67,61,245,215,52,0,12,2,20,6,160,221,55
24226,24,28,120,140,34,2,4,0,14,7,141,100,31
33226,33,44,154,213,64,0,14,1,8,9,190,155,64
26226,26,6,32,28,6,2,0,4,10,0,27,32,14
79226,79,7,26,37,6,4,0,0,3,0,19,26,5
89226,89,10,16,21,2,2,3,0,0,0,13,10,5
28226,28,22,117,95,19,5,6,4,14,1,64,93,25
32226,32,1,9,9,7,0,1,0,0,0,9,11,0
10226,10,5,11,6,0,0,0,5,11,5,3,8,0
11226,11,6,11,6,0,0,5,0,0,3,3,7,0
17226,17,23,105,110,23,5,6,0,27,0,89,101,35
38226,38,43,164,176,51,8,10,0,23,7,150,132,43
16226,16,14,71,87,16,3,10,4,19,0,68,56,19
68226,68,149,563,406,95,20,25,4,27,34,301,469,91
63226,63,65,293,450,112,20,22,6,13,13,358,274,125
45226,45,33,137,135,39,2,1,6,5,3,101,112,30
72226,72,33,129,129,37,9,2,3,0,7,102,173,40
09226,09,0,5,6,0,3,0,0,1,3,2,6,0
2B226,2B,0,13,8,2,1,4,5,3,0,5,12,5
40226,40,2,25,24,5,0,0,4,2,1,24,18,9
35226,35,43,111,250,70,6,14,6,0,9,157,150,72
22226,22,63,211,357,108,16,11,7,5,13,226,232,108
29226,29,30,114,230,83,7,16,0,7,9,160,135,89
46226,46,1,14,34,10,5,4,3,0,5,11,22,6
34226,34,29,219,185,52,6,6,1,10,9,209,161,56
47226,47,7,70,61,19,0,1,2,0,0,53,46,15
58226,58,6,24,24,3,1,0,1,4,0,15,10,4
30226,30,28,183,113,36,0,5,0,27,4,126,104,31
74226,74,20,60,76,12,5,0,0,18,0,55,77,22
73226,73,49,167,198,44,8,10,6,11,6,148,181,41
07226,07,0,21,16,0,0,0,4,0,0,15,7,7
03226,03,8,28,33,11,1,0,0,0,0,16,19,5
42226,42,8,40,39,9,0,2,4,9,6,31,28,9
85226,85,413,1298,1861,352,54,75,28,103,52,1076,1883,399
53226,53,15,71,94,20,0,4,3,9,0,58,101,19
12226,12,16,37,56,18,0,0,3,22,0,54,45,13
86226,86,68,285,351,101,6,19,7,25,14,283,258,102
56226,56,10,43,71,22,0,7,3,0,3,25,51,24
19226,19,4,14,20,0,5,0,0,7,0,16,7,0
18226,18,13,51,46,11,3,5,0,4,7,39,49,10
41226,41,89,390,328,88,24,14,8,48,10,228,337,89
23226,23,5,22,25,9,5,0,0,0,0,21,16,5
43226,43,7,13,20,0,0,1,5,0,1,6,11,5
972226,972,59,286,670,257,69,77,17,49,26,689,448,251
37226,37,96,355,459,129,16,24,9,21,18,330,382,131
15226,15,3,20,29,10,5,0,1,0,0,19,23,5
36226,36,7,35,41,10,0,0,5,7,0,33,37,7
04226,04,16,88,67,15,6,8,3,6,0,69,67,11
66226,66,14,157,103,33,6,3,0,28,8,114,93,24
62227,62,4,38,21,4,0,0,4,0,0,1,18,9
73227,73,77,261,276,73,13,10,0,21,15,196,241,70
02227,02,8,19,13,0,0,2,3,0,0,9,13,1
80227,80,6,66,50,13,7,4,2,0,2,28,30,9
21227,21,12,46,55,14,1,5,3,0,5,21,43,17
14227,14,6,19,25,7,0,2,3,0,6,22,29,11
76227,76,20,79,62,25,0,3,0,12,1,67,56,13
51227,51,14,60,47,10,7,4,2,0,0,25,49,14
25227,25,10,32,23,2,6,0,2,0,2,7,24,9
27227,27,17,101,61,16,6,1,5,0,1,41,60,20
78227,78,11,43,101,19,3,0,2,21,0,57,84,19
60227,60,0,20,20,3,6,0,5,3,0,13,8,3
70227,70,19,82,45,16,7,3,0,0,0,43,46,17
59227,59,130,735,530,156,27,24,8,8,12,547,435,156
39227,39,11,28,32,6,2,0,0,0,1,23,18,5
57227,57,510,2327,1723,441,75,95,39,167,67,1421,1423,459
64227,64,9,50,82,26,6,1,4,22,7,68,60,21
54227,54,32,152,131,37,4,6,0,9,1,132,100,44
31227,31,14,92,138,45,5,2,1,6,3,131,79,42
52227,52,9,40,25,0,6,2,3,0,0,9,22,8
71227,71,13,66,50,21,1,4,2,0,3,39,49,16
88227,88,0,17,5,5,0,4,3,0,0,8,8,0
77227,77,22,56,65,17,4,0,0,6,2,50,52,12
67227,67,8,29,30,9,0,4,0,10,0,22,29,3
33227,33,120,527,756,213,11,35,9,80,32,617,505,215
24227,24,18,94,106,21,5,2,0,6,0,97,82,29
50227,50,3,32,41,8,3,5,5,6,1,22,27,6
61227,61,3,15,19,9,3,0,1,0,1,0,24,4
89227,89,27,152,103,30,0,17,7,0,17,75,105,29
01227,01,26,89,83,20,4,0,1,0,5,35,68,19
28227,28,140,560,485,113,14,25,6,30,22,308,485,105
32227,32,12,74,79,29,0,4,0,34,3,77,61,31
10227,10,10,47,26,11,2,6,0,4,0,25,34,3
11227,11,3,0,4,7,0,4,0,0,0,0,4,6
17227,17,10,24,31,7,0,0,0,2,0,28,29,3
63227,63,47,199,298,82,11,17,0,45,4,227,169,79
16227,16,4,21,17,6,3,0,0,0,0,10,13,2
68227,68,46,171,117,24,0,12,3,0,12,79,148,35
45227,45,26,123,135,27,0,7,4,6,0,85,121,35
72227,72,6,0,4,3,0,4,0,0,3,0,0,0
26227,26,6,0,3,0,0,0,0,0,0,0,0,5
2B227,2B,6,0,9,0,4,0,2,0,4,0,0,5
40227,40,35,138,170,62,7,5,0,50,1,150,119,55
35227,35,75,199,429,125,12,14,9,37,7,285,292,129
22227,22,14,64,104,28,4,2,0,0,2,58,64,35
29227,29,22,103,226,76,5,11,10,1,7,143,135,78
46227,46,8,22,26,4,1,0,0,16,4,22,16,7
09227,09,1,23,23,6,0,3,0,6,2,33,13,10
34227,34,35,272,205,67,7,2,10,2,9,230,160,47
81227,81,48,244,241,68,11,16,7,29,8,208,194,71
47227,47,5,24,19,10,0,0,2,4,2,23,13,5
58227,58,26,139,149,33,7,3,2,40,2,111,100,34
30227,30,65,435,274,78,7,14,1,42,8,333,258,58
07227,07,31,150,146,46,5,12,0,31,3,138,126,38
03227,03,5,32,35,9,0,7,3,8,0,28,31,8
42227,42,11,55,49,15,0,0,0,0,0,33,42,14
85227,85,52,167,240,51,11,7,2,11,9,138,241,51
12227,12,0,16,25,3,0,0,2,13,4,21,28,3
86227,86,7,13,23,3,0,5,4,0,0,0,15,3
56227,56,17,39,76,16,0,6,1,0,0,36,58,14
69227,69,88,315,504,124,14,11,3,33,16,391,426,129
19227,19,38,115,190,42,0,9,0,45,9,137,112,38
23227,23,1,22,20,9,0,3,0,16,6,21,17,12
43227,43,26,97,101,24,0,5,0,3,6,74,84,26
972227,972,109,510,1245,455,83,134,18,113,39,1290,796,424
18227,18,8,30,25,9,0,1,0,0,5,4,23,11
36227,36,3,27,24,10,0,0,0,9,5,19,28,3
04227,04,4,47,28,13,3,0,4,0,5,28,33,5
66227,66,86,713,428,108,7,17,4,13,21,487,409,120
53228,53,20,44,76,17,1,9,4,0,2,15,82,17
69228,69,88,307,504,124,15,20,6,43,14,391,427,120
62228,62,4,48,29,11,5,0,1,2,0,26,27,11
02228,02,9,47,28,6,1,2,5,0,0,4,24,5
14228,14,135,513,640,170,20,18,11,35,23,506,517,164
21228,21,8,15,20,0,0,2,1,0,6,6,11,0
76228,76,7,50,45,13,7,5,4,3,6,58,38,8
51228,51,5,12,8,0,3,1,0,4,2,9,7,0
25228,25,75,383,382,101,24,18,3,30,24,286,343,89
27228,27,5,45,21,3,3,6,5,0,0,16,27,4
91228,91,1522,3503,5526,1401,109,222,61,312,250,4481,3849,1395
70228,70,20,151,95,18,6,7,4,0,1,69,84,19
60228,60,14,67,37,12,0,0,5,0,0,25,30,13
39228,39,36,123,114,24,7,11,6,7,10,97,91,21
57228,57,0,31,14,10,0,5,5,0,4,5,22,2
59228,59,33,212,152,48,6,4,0,2,9,150,130,45
64228,64,5,12,34,8,3,4,5,0,0,22,24,14
54228,54,5,6,8,1,0,1,3,0,0,0,8,7
31228,31,37,174,296,92,5,8,3,25,15,247,174,81
52228,52,5,0,7,1,1,3,2,0,4,0,6,3
71228,71,10,19,18,11,4,0,0,0,0,10,24,8
88228,88,5,17,10,2,0,5,0,14,0,10,13,5
50228,50,22,100,134,31,6,8,3,7,2,93,102,27
55228,55,14,93,50,14,0,9,0,6,4,35,47,8
77228,77,13,23,32,11,0,0,0,0,2,22,24,7
65228,65,3,10,20,3,4,0,3,0,3,13,14,4
61228,61,15,85,87,20,6,7,0,0,5,55,88,21
08228,08,4,31,12,7,2,0,0,4,6,15,12,8
24228,24,16,49,55,15,0,3,1,22,6,56,41,18
33228,33,13,74,93,27,0,10,3,0,7,77,58,25
80228,80,51,363,243,50,12,16,4,24,16,212,193,47
89228,89,36,180,122,25,6,9,6,16,4,102,133,32
01228,01,23,71,57,21,1,4,2,0,7,45,62,11
32228,32,1,15,15,6,0,1,0,1,0,10,8,0
10228,10,4,32,24,1,0,1,0,5,0,17,24,0
11228,11,6,19,11,0,0,0,0,0,6,24,16,7
38228,38,14,57,65,14,1,0,3,0,4,51,41,19
63228,63,8,33,56,15,7,1,0,7,5,40,33,13
68228,68,11,57,53,15,1,7,0,0,1,35,50,15
17228,17,81,340,363,91,2,19,5,64,14,307,320,88
67228,67,30,110,100,22,0,2,2,5,2,62,102,28
45228,45,39,123,126,32,6,6,1,0,7,87,118,38
49228,49,138,427,683,190,20,49,28,22,40,356,610,141
72228,72,54,217,214,57,3,13,3,23,4,179,298,60
26228,26,6,0,0,0,5,0,0,0,0,0,0,4
09228,09,7,29,31,9,1,0,4,0,0,24,21,14
2A228,2A,20,241,164,32,7,8,5,69,7,107,209,28
35228,35,135,481,1016,296,27,29,18,74,12,634,650,305
22228,22,34,118,186,65,8,6,0,0,6,139,138,66
40228,40,30,116,166,60,5,12,1,31,0,143,125,53
29228,29,20,49,114,37,0,2,2,0,2,79,65,48
46228,46,11,64,100,26,0,5,0,40,0,87,60,26
34228,34,3,13,11,1,0,1,0,0,0,9,14,2
81228,81,14,55,42,14,6,2,0,3,2,43,43,9
58228,58,9,75,61,14,0,3,0,9,3,51,54,19
47228,47,20,76,68,11,0,0,0,24,0,53,52,16
74228,74,7,28,40,10,2,0,0,0,2,31,38,12
73228,73,21,91,92,26,0,1,6,0,7,68,89,25
07228,07,20,92,83,28,2,8,1,0,5,78,59,19
03228,03,6,5,5,0,0,0,0,0,4,0,11,5
42228,42,44,172,167,44,9,11,6,0,8,105,125,41
12228,12,5,29,50,16,3,0,5,0,1,43,46,12
86228,86,9,23,20,12,1,2,4,0,0,4,18,9
56228,56,34,110,154,41,0,13,0,8,1,97,123,35
37228,37,24,95,121,39,1,11,5,0,4,97,104,28
18228,18,11,25,20,5,0,0,3,5,0,20,27,1
19228,19,1,3,16,4,0,3,3,0,0,0,7,5
23228,23,1,20,26,11,0,0,0,6,0,15,15,12
41228,41,13,30,32,4,0,0,1,0,0,19,25,12
43228,43,4,21,23,8,5,0,0,0,0,3,9,6
30228,30,44,277,189,49,2,10,1,14,12,214,162,46
972228,972,202,1087,2554,979,210,280,35,141,151,2689,1670,1015
15228,15,12,50,89,20,1,6,0,1,3,46,79,12
04228,04,0,10,4,1,4,1,5,0,0,4,2,5
36228,36,55,290,233,75,11,9,6,16,11,219,223,71
66228,66,30,209,119,39,1,9,0,0,11,122,121,36
62229,62,24,138,69,18,5,0,0,0,6,65,50,16
02229,02,5,0,10,5,5,5,0,0,0,0,4,6
80229,80,12,61,52,2,0,2,10,0,1,32,27,2
21229,21,8,11,10,4,3,6,3,0,0,6,6,0
14229,14,46,195,234,64,6,20,3,4,0,173,182,68
76229,76,12,56,45,20,0,5,0,4,0,50,39,13
51229,51,0,8,8,6,4,0,0,0,3,7,15,0
25229,25,10,39,31,10,0,5,0,2,0,33,35,9
27229,27,880,4618,3140,790,111,199,48,281,160,2676,2928,807
95229,95,159,651,963,251,22,37,12,40,57,920,683,261
70229,70,12,40,31,9,0,1,2,0,6,9,26,2
39229,39,1,21,17,1,0,0,0,28,2,23,14,5
57229,57,3,29,21,0,3,0,1,2,0,10,16,8
59229,59,15,78,44,18,0,0,2,0,0,48,49,17
64229,64,6,7,16,1,1,1,2,0,2,7,8,7
54229,54,12,43,39,15,2,6,0,0,3,13,22,12
31229,31,11,59,100,27,7,6,0,29,1,85,55,29
52229,52,7,18,11,0,0,0,1,13,0,13,13,0
50229,50,1,7,14,4,4,2,1,0,0,3,13,6
55229,55,5,43,26,8,0,3,0,18,0,16,25,12
88229,88,2,19,8,0,1,0,2,0,0,5,7,5
08229,08,9,22,11,5,0,0,0,2,0,7,10,6
65229,65,2,4,1,7,1,0,2,0,0,2,5,0
67229,67,2,21,22,7,6,0,3,4,3,9,27,4
77229,77,53,178,188,40,3,5,1,29,10,167,148,54
26229,26,2,7,14,6,0,0,4,0,0,0,4,8
79229,79,12,34,64,14,0,2,4,4,4,41,40,12
33229,33,170,721,1032,297,27,76,7,84,30,862,683,271
60229,60,10,30,19,0,6,0,0,1,0,17,21,5
24229,24,33,163,178,47,10,6,2,49,0,181,130,52
09229,09,9,58,53,23,2,1,0,0,0,65,26,16
71229,71,10,32,24,9,3,0,0,0,4,22,18,4
89229,89,18,58,50,5,1,5,0,5,0,41,40,6
61229,61,8,15,22,7,1,1,3,0,1,5,22,0
28229,28,275,1120,968,236,40,51,22,48,49,674,955,220
01229,01,41,151,125,26,8,2,0,10,3,83,119,36
32229,32,2,0,9,7,0,5,0,0,1,0,9,7
10229,10,0,10,6,1,0,4,0,8,4,5,17,0
11229,11,1,2,11,6,4,0,0,0,3,0,4,7
38229,38,445,1925,2149,584,65,91,41,36,87,1649,1462,561
63229,63,33,108,162,52,7,11,0,11,9,128,95,52
16229,16,1,20,32,7,0,0,1,16,1,17,11,3
68229,68,9,15,16,5,5,6,5,0,2,0,20,5
17229,17,2,23,36,2,0,7,0,0,6,20,31,9
45229,45,65,254,245,59,4,19,0,0,9,152,220,57
72229,72,7,49,41,7,1,0,4,6,1,30,56,16
2B229,2B,7,60,34,19,5,5,0,15,0,27,57,8
22229,22,21,85,139,43,8,6,3,6,8,98,98,51
35229,35,26,84,163,49,6,9,6,8,7,104,118,51
40229,40,38,127,196,57,7,10,0,36,10,140,138,57
46229,46,23,81,127,33,0,6,0,11,0,98,77,31
29229,29,14,63,124,48,4,3,0,0,8,59,73,47
34229,34,11,111,82,18,7,5,3,6,4,87,76,30
81229,81,0,9,13,3,2,6,2,6,1,16,10,2
30229,30,15,98,63,11,1,3,4,9,5,58,55,14
58229,58,13,47,31,11,3,2,0,0,0,34,27,6
47229,47,3,23,21,1,0,0,0,11,0,19,11,1
74229,74,90,265,355,73,2,21,1,23,19,238,358,76
73229,73,12,57,63,10,1,3,3,0,0,47,57,15
07229,07,27,106,93,28,0,10,0,0,2,77,77,31
03229,03,13,66,67,22,0,1,0,19,3,62,59,12
42229,42,3,36,32,10,5,0,5,0,0,12,26,9
85229,85,12,59,69,18,0,0,3,21,4,37,66,14
12229,12,1,16,35,3,6,7,1,9,3,28,21,10
53229,53,45,120,193,38,3,14,6,4,8,116,188,38
86229,86,14,35,40,12,0,4,0,23,0,36,29,9
56229,56,33,106,162,41,0,9,2,0,1,97,120,40
37229,37,4,31,33,8,3,5,2,0,4,12,32,7
69229,69,10,56,91,16,6,0,0,8,2,61,76,24
18229,18,17,67,63,17,3,7,4,8,5,54,53,18
19229,19,128,431,686,170,31,46,10,14,27,508,427,154
23229,23,11,39,40,11,0,7,4,0,0,31,27,10
41229,41,40,179,135,32,1,5,5,11,10,117,158,36
43229,43,23,68,60,12,3,1,0,5,1,56,50,19
972229,972,179,1003,2323,870,187,263,43,210,113,2398,1546,912
15229,15,6,13,13,4,0,2,0,0,0,0,19,6
36229,36,30,112,102,32,9,5,0,0,8,75,85,31
04229,04,2,37,30,7,2,0,2,6,2,26,19,8
62230,62,24,148,74,17,0,6,4,9,0,79,66,18
02230,02,8,27,10,3,0,0,3,7,0,13,10,8
80230,80,2,48,28,10,6,0,1,1,5,29,23,3
21230,21,13,41,39,12,0,0,3,3,0,34,33,6
14230,14,8,12,11,1,2,0,5,3,0,10,11,1
76230,76,12,58,40,11,4,3,4,0,0,45,38,7
51230,51,543,2658,1940,419,53,84,42,164,78,1312,2094,448
25230,25,73,343,318,89,9,28,14,41,16,229,309,80
27230,27,94,508,331,96,9,20,0,20,17,290,315,77
59230,59,108,666,482,133,11,17,9,42,18,504,402,130
39230,39,0,12,6,0,0,2,0,4,4,5,9,1
57230,57,1,29,23,2,2,0,5,0,1,21,18,11
70230,70,0,17,12,3,0,3,0,7,1,5,9,7
64230,64,101,362,685,197,10,50,16,211,14,496,473,192
54230,54,3,0,12,0,0,0,4,0,4,0,5,4
31230,31,60,282,444,136,11,18,5,62,19,406,287,143
52230,52,4,54,30,6,10,1,8,0,6,17,39,0
71230,71,209,806,756,201,32,41,11,35,22,559,643,210
88230,88,0,2,4,0,0,3,1,0,0,0,8,0
50230,50,20,91,102,21,4,3,6,0,4,56,98,32
08230,08,5,52,24,3,0,0,3,15,0,24,32,12
77230,77,9,12,12,5,0,5,5,0,5,6,12,5
65230,65,1,33,33,12,0,3,0,0,0,37,26,13
67230,67,75,294,258,61,12,17,0,34,9,186,273,64
78230,78,7,32,74,13,0,0,4,0,5,50,80,22
972230,972,161,669,1562,592,126,178,17,81,73,1667,1050,613
33230,33,11,38,70,22,5,0,5,2,2,57,35,12
24230,24,2,12,12,5,0,1,5,0,6,9,16,6
60230,60,11,91,54,13,7,8,1,0,8,23,46,19
63230,63,5,21,30,9,1,0,0,4,0,29,16,14
09230,09,0,0,11,6,0,2,5,0,5,0,4,0
34230,34,0,22,20,6,0,0,5,0,6,9,11,7
61230,61,105,327,334,73,13,22,15,38,27,175,347,79
89230,89,10,69,48,14,4,0,3,0,4,21,50,8
28230,28,13,48,40,8,0,0,3,0,0,15,43,8
32230,32,5,1,12,1,0,0,4,0,0,1,7,2
01230,01,5,46,36,3,1,7,0,0,1,28,31,12
10230,10,14,99,56,12,1,0,1,6,4,42,76,17
17230,17,93,378,439,118,14,26,0,69,11,355,388,108
38230,38,35,136,128,32,5,1,0,0,4,115,100,43
16230,16,58,239,274,79,13,7,10,11,2,239,180,68
11230,11,3,6,3,2,0,0,0,15,0,9,4,1
68230,68,22,79,56,10,3,7,5,0,6,22,59,15
45230,45,23,85,89,14,1,0,2,8,0,50,83,16
72230,72,20,108,96,31,6,11,2,9,6,88,144,23
2B230,2B,6,23,14,7,1,2,2,0,0,2,24,0
35230,35,9,31,52,14,0,7,0,0,0,34,33,11
40230,40,60,253,340,113,4,6,0,105,8,283,224,122
46230,46,2,8,11,7,4,2,0,0,4,5,4,2
29230,29,40,101,221,87,7,7,2,26,4,158,147,89
79230,79,12,65,102,19,8,9,0,0,3,66,69,19
81230,81,23,87,86,28,2,5,0,6,8,88,78,34
30230,30,11,70,47,14,0,3,0,1,8,54,42,15
47230,47,5,52,40,6,0,3,4,22,4,34,35,6
58230,58,0,10,9,0,3,4,0,0,0,0,9,8
73230,73,8,48,53,10,2,1,4,0,4,28,38,14
07230,07,8,46,52,14,0,6,4,0,3,40,41,11
03230,03,12,53,50,15,4,0,2,17,7,41,43,8
42230,42,46,186,175,42,0,3,1,0,5,132,143,50
12230,12,13,40,48,17,0,0,2,0,4,39,44,17
53230,53,6,20,33,2,0,1,0,0,0,19,28,8
86230,86,7,15,21,10,0,1,0,0,3,13,10,4
56230,56,14,37,60,24,1,4,0,13,0,41,49,20
37230,37,29,95,116,30,1,1,0,17,3,90,108,40
19230,19,10,39,47,9,0,5,0,0,6,43,36,17
23230,23,7,20,24,6,5,2,0,0,4,3,19,6
18230,18,12,31,35,6,0,2,5,9,0,25,34,3
41230,41,59,217,173,51,10,10,0,16,10,139,209,52
43230,43,35,126,126,34,6,3,0,0,9,83,96,28
69230,69,12,19,42,14,0,4,5,0,0,20,37,14
15230,15,6,20,33,9,3,3,0,4,0,16,23,1
04230,04,71,371,314,91,7,20,8,49,6,352,292,74
36230,36,56,219,201,54,14,16,4,24,5,176,174,57
66230,66,39,274,165,53,2,7,1,46,11,195,156,45
14231,14,17,57,65,13,1,5,0,0,0,43,54,12
62231,62,3,20,9,0,0,0,1,3,5,20,14,3
02231,02,15,136,62,16,1,3,0,0,5,59,60,22
80231,80,5,30,19,5,0,3,0,0,0,6,17,5
21231,21,2693,11445,12044,3029,276,467,183,788,437,8844,10943,2998
76231,76,273,1483,1246,339,48,72,37,73,44,1288,1054,353
25231,25,7,10,14,0,0,6,1,0,0,9,9,3
27231,27,10,55,46,12,1,1,0,9,0,33,33,15
78231,78,4,11,24,11,1,4,0,0,0,8,17,5
60231,60,14,71,39,11,2,1,5,2,0,43,36,8
59231,59,28,125,99,25,9,1,0,7,0,91,82,20
70231,70,1,6,2,0,0,3,2,0,4,0,6,0
57231,57,6,19,12,3,0,0,0,1,0,10,7,0
64231,64,6,29,63,17,0,8,3,23,0,44,40,23
54231,54,7,28,18,3,5,0,4,0,6,3,9,6
31231,31,11,54,104,32,4,0,0,6,1,95,64,27
52231,52,7,16,15,0,5,3,0,0,1,0,8,1
88231,88,16,62,42,15,4,0,6,0,5,28,48,16
50231,50,26,81,110,21,0,6,0,0,0,75,90,24
77231,77,22,64,70,19,0,0,4,0,9,58,56,18
65231,65,3,23,26,12,0,0,0,0,0,14,17,9
67231,67,7,31,22,3,0,1,0,0,0,17,21,3
51231,51,14,84,58,7,0,3,3,0,6,45,67,15
71231,71,20,74,55,11,3,7,0,3,3,51,52,22
28231,28,9,18,23,8,0,0,0,0,0,7,13,2
63231,63,30,113,192,49,1,12,5,6,5,162,121,48
33231,33,1,25,46,14,0,0,0,6,1,30,25,14
24231,24,0,6,12,0,0,0,0,18,0,10,4,2
10231,10,18,81,52,8,4,2,0,0,4,28,62,15
09231,09,1,27,26,4,0,0,0,13,0,22,9,10
972231,972,81,402,910,357,80,109,10,41,50,975,639,347
01231,01,63,263,225,55,6,5,0,0,16,161,203,54
32231,32,13,47,50,24,0,4,0,4,0,47,38,24
17231,17,6,12,21,0,0,5,1,0,1,15,11,0
38231,38,17,89,103,23,6,1,0,5,0,80,62,29
16231,16,4,36,48,11,0,0,1,9,4,28,30,5
11231,11,5,9,11,7,0,0,1,0,0,7,5,0
68231,68,47,196,160,31,1,10,2,9,11,114,180,29
49231,49,35,113,185,39,1,13,0,21,4,120,171,51
45231,45,6,10,21,5,1,4,1,0,0,0,14,8
72231,72,98,500,506,139,23,33,2,25,13,439,721,139
26231,26,79,296,272,80,9,18,0,33,14,264,244,74
2B231,2B,0,18,14,0,0,0,2,0,2,8,16,0
22231,22,6,26,52,12,0,0,5,1,0,31,34,8
35231,35,25,84,163,48,5,7,0,6,9,119,103,43
40231,40,25,82,133,37,3,5,6,16,3,102,87,42
46231,46,39,149,242,70,9,7,4,19,0,227,165,64
79231,79,13,54,88,18,0,5,6,0,5,64,66,23
34231,34,3,2,4,5,0,0,1,0,0,0,0,2
81231,81,15,49,46,17,2,4,0,0,0,41,32,8
30231,30,17,90,52,13,0,2,1,0,5,49,50,20
58231,58,9,55,41,9,2,8,0,0,7,32,36,8
47231,47,7,24,25,9,1,2,0,0,0,15,18,0
73231,73,31,121,134,29,6,3,0,12,6,104,131,29
07231,07,74,307,287,81,11,26,0,38,15,291,221,80
74231,74,13,57,68,14,0,6,0,3,0,49,72,11
03231,03,6,27,22,3,2,0,0,5,0,24,13,3
42231,42,39,131,131,31,9,8,2,17,4,99,103,35
85231,85,17,78,96,17,0,6,0,23,1,56,103,15
12231,12,21,64,95,26,0,0,1,0,5,66,82,19
86231,86,9,46,61,23,1,6,0,0,0,48,50,15
56231,56,101,371,564,158,23,30,5,0,19,307,433,161
19231,19,7,20,29,11,2,0,0,0,1,0,17,10
37231,37,51,162,210,60,4,7,0,0,9,154,178,60
69231,69,54,207,331,87,15,16,0,9,9,247,280,82
18231,18,18,107,85,22,0,9,0,0,0,78,83,25
41231,41,39,154,138,35,2,3,5,16,0,101,140,32
43231,43,6,19,26,6,0,0,0,11,4,25,14,5
15231,15,20,61,88,22,5,4,2,0,7,36,74,11
04231,04,1,27,24,11,1,6,0,0,5,18,30,11
36231,36,21,115,101,24,1,9,0,27,5,84,86,27
66231,66,4,77,52,13,6,4,0,0,1,50,41,12
37232,37,56,174,223,57,17,13,13,0,12,140,184,64
02232,02,3,33,18,2,0,0,0,9,3,23,18,8
80232,80,1,33,21,1,1,0,3,11,6,14,10,0
21232,21,11,25,21,7,3,6,0,0,3,14,30,3
14232,14,0,15,13,6,0,2,3,16,0,11,12,0
76232,76,14,80,61,19,0,0,2,16,3,73,60,18
51232,51,8,55,39,9,0,3,1,20,0,27,43,7
25232,25,3,10,16,0,3,2,5,0,2,0,10,0
27232,27,11,53,36,13,2,3,0,0,0,12,26,12
60232,60,10,61,39,9,4,6,1,14,0,36,45,6
70232,70,6,26,14,1,3,0,2,0,1,6,19,0
39232,39,13,56,43,12,3,6,2,16,3,40,37,13
57232,57,15,95,81,20,7,9,2,13,0,61,69,13
64232,64,1,15,29,11,0,0,0,15,0,16,13,2
54232,54,65,377,326,93,9,25,11,8,18,255,241,100
31232,31,127,665,1034,313,23,38,8,54,30,909,619,309
52232,52,3,5,4,0,2,4,3,0,0,0,5,2
88232,88,12,39,19,10,1,7,0,0,6,0,24,5
55232,55,8,14,16,0,2,0,0,0,0,0,15,5
71232,71,11,32,27,4,1,0,0,0,2,15,16,8
50232,50,15,49,43,13,0,0,3,10,2,32,40,9
08232,08,13,54,29,14,4,0,1,8,0,28,29,5
77232,77,28,106,92,28,2,0,0,10,3,88,76,22
65232,65,0,7,5,8,4,0,0,1,4,4,6,0
67232,67,11,26,29,6,0,3,1,0,4,4,28,8
62232,62,19,147,78,28,8,1,1,29,0,89,58,26
91232,91,117,261,413,109,8,9,9,54,20,333,284,99
59232,59,8,42,31,9,6,2,0,13,1,33,27,12
33232,33,4,5,11,0,5,0,0,0,2,0,0,4
24232,24,0,9,5,7,0,6,0,1,0,6,7,7
972232,972,113,551,1266,492,111,150,23,13,65,1316,847,485
46232,46,10,82,125,36,6,0,2,13,11,107,78,40
61232,61,31,150,122,38,8,4,6,0,7,86,160,31
89232,89,14,44,28,4,1,3,0,12,5,20,27,3
28232,28,16,64,53,8,1,0,4,16,0,39,49,17
32232,32,5,0,10,1,2,1,0,0,0,0,3,2
01232,01,62,268,241,49,7,11,0,24,7,169,240,54
10232,10,10,42,23,8,0,1,5,0,0,19,39,8
17232,17,42,163,162,42,6,8,0,0,6,140,154,45
38232,38,19,67,86,22,4,6,3,0,4,58,63,26
11232,11,0,10,2,4,0,0,3,0,0,0,10,7
63232,63,6,37,76,14,3,1,6,4,1,57,39,24
16232,16,58,231,300,70,3,5,9,32,6,232,198,70
68232,68,13,46,39,14,1,0,5,2,7,32,37,9
72232,72,16,63,65,13,7,6,0,0,4,43,85,20
45232,45,541,2100,2097,486,49,98,18,81,78,1422,1910,490
26232,26,22,77,82,18,3,0,0,0,7,62,67,22
2A232,2A,9,40,21,1,3,2,0,12,3,18,45,1
22232,22,43,161,268,93,13,13,2,3,4,176,185,86
40232,40,0,27,25,10,0,1,0,6,3,17,24,10
09232,09,7,16,8,7,4,2,3,0,0,8,4,8
35232,35,4,19,54,15,3,4,0,0,6,26,26,11
29232,29,1065,3569,7514,2829,138,393,101,480,126,4977,4595,2779
34232,34,7,86,61,20,4,0,2,7,4,73,59,18
81232,81,10,72,79,22,0,0,3,22,2,67,55,25
30232,30,10,66,34,9,0,6,2,0,0,50,37,12
47232,47,8,66,51,19,5,8,3,6,0,44,46,15
58232,58,32,143,143,34,10,13,0,0,10,100,104,44
07232,07,13,55,52,15,5,1,0,0,0,29,42,15
74232,74,10,47,66,9,3,6,5,7,7,35,56,14
03232,03,4,39,43,6,0,0,0,0,3,30,31,14
42232,42,14,68,65,11,7,4,0,0,5,43,56,11
85232,85,25,67,111,26,0,2,6,0,3,54,93,26
12232,12,7,21,47,11,3,5,4,0,0,29,34,15
53232,53,3,28,35,9,5,5,5,0,0,16,34,12
19232,19,2,4,7,4,4,3,0,0,2,1,7,8
56232,56,25,104,155,46,1,4,0,27,1,103,124,42
23232,23,9,22,26,11,0,5,0,7,1,23,22,10
18232,18,4,25,34,11,0,7,0,6,2,21,19,4
73232,73,27,81,94,19,3,3,5,0,0,75,81,25
41232,41,146,629,515,130,18,29,15,6,13,415,563,159
43232,43,7,39,43,11,0,0,4,15,2,39,40,7
15232,15,1,15,27,2,4,0,0,16,2,15,31,7
36232,36,28,132,108,36,4,10,0,22,1,97,116,29
66232,66,5,0,6,3,1,0,1,0,3,0,3,5
62233,62,37,220,117,33,3,7,0,27,1,122,90,37
02233,02,7,18,13,1,1,5,1,2,0,6,5,8
80233,80,2,19,20,3,0,0,0,8,5,10,15,5
21233,21,0,19,25,0,0,5,5,0,5,15,19,1
76233,76,0,24,19,9,0,3,0,0,3,9,11,9
51233,51,5,12,12,6,0,0,0,0,2,0,8,2
25233,25,5,27,37,3,0,0,0,7,5,21,31,8
27233,27,15,106,79,21,3,5,0,0,7,45,74,19
78233,78,63,205,460,104,0,19,13,0,21,203,412,111
60233,60,31,206,114,31,5,3,5,2,11,113,105,29
59233,59,13,54,38,6,2,7,0,0,0,20,31,7
39233,39,44,208,177,45,2,12,2,48,8,174,177,39
57233,57,6,5,13,7,5,5,1,0,5,0,3,0
64233,64,26,75,135,41,1,12,0,46,4,119,103,36
54233,54,0,1,9,0,1,2,0,0,0,0,5,0
31233,31,24,92,126,44,3,7,0,7,2,119,77,43
52233,52,0,18,14,6,5,1,0,0,3,0,6,7
88233,88,14,86,61,13,5,8,0,8,2,43,61,15
50233,50,0,14,12,2,0,0,4,16,4,9,10,3
08233,08,0,7,4,0,0,1,0,3,0,0,9,0
77233,77,7,53,55,8,6,0,5,0,0,39,35,15
65233,65,2,34,36,11,6,0,0,12,3,42,17,8
67233,67,42,148,145,33,8,4,2,34,6,87,131,37
71233,71,12,40,27,8,0,3,3,3,2,28,28,4
36233,36,19,82,70,19,0,3,0,0,5,63,72,14
33233,33,57,224,318,95,7,23,5,22,20,264,223,96
972233,972,23,108,241,83,16,24,5,14,7,264,162,89
70233,70,0,22,18,3,0,0,3,0,0,5,11,6
61233,61,10,28,24,6,0,0,0,0,4,11,28,9
89233,89,3,32,15,8,6,0,0,9,0,9,27,3
28233,28,31,135,124,32,1,8,3,0,3,78,116,27
01233,01,6,22,11,2,1,0,3,0,3,5,16,2
32233,32,25,93,109,37,7,10,5,38,7,98,89,34
17233,17,13,30,37,10,4,0,2,0,0,32,34,13
11233,11,15,92,66,16,7,6,6,3,6,69,55,23
63233,63,24,87,137,29,7,8,2,2,9,113,72,34
16233,16,31,114,115,21,0,9,0,15,0,106,84,31
10233,10,41,174,104,27,2,6,3,0,5,65,120,28
45233,45,13,52,51,16,3,4,3,0,0,29,43,11
72233,72,1,2,3,0,0,3,5,6,5,2,6,4
2B233,2B,0,46,34,8,0,3,0,1,2,18,46,1
26233,26,10,42,31,4,0,4,5,0,0,17,32,13
22233,22,54,188,324,89,18,15,5,21,20,199,199,101
40233,40,65,270,388,115,7,18,1,75,15,315,256,119
09233,09,6,6,9,1,4,0,2,0,0,0,0,0
29233,29,204,718,1471,536,39,81,7,104,24,962,915,526
46233,46,7,5,13,7,0,6,0,5,0,15,9,2
35233,35,31,113,241,67,16,2,0,3,6,127,134,61
34233,34,5,23,19,9,0,0,0,0,6,11,8,0
30233,30,7,83,44,10,3,0,0,10,3,62,47,17
58233,58,8,24,21,11,0,1,0,0,4,0,22,5
07233,07,7,29,27,9,4,4,0,0,0,8,21,6
73233,73,4,25,24,1,0,2,0,1,0,13,27,9
74233,74,61,211,267,64,4,12,1,8,10,192,305,58
03233,03,6,38,36,8,4,0,0,7,3,40,26,11
42233,42,24,113,117,30,4,4,2,15,2,100,102,25
85233,85,18,54,64,12,0,4,0,8,6,35,64,16
12233,12,5,21,39,3,0,4,2,6,0,27,32,7
53233,53,11,29,34,9,1,1,0,0,2,16,43,7
19233,19,4,23,47,13,0,2,0,0,0,34,31,5
56233,56,42,171,237,62,14,8,0,27,7,151,194,58
37233,37,353,1301,1635,441,48,69,13,80,52,1224,1466,462
23233,23,5,15,14,5,1,0,0,2,0,17,8,9
69233,69,24,98,150,45,2,8,6,0,3,101,133,35
18233,18,36,170,151,37,7,11,4,10,6,144,129,33
47233,47,82,414,339,84,12,12,10,45,19,306,287,84
41233,41,29,116,106,34,6,9,2,1,9,79,106,25
43233,43,39,126,132,37,6,6,0,19,6,111,113,25
15233,15,7,27,45,9,0,0,0,8,2,19,36,5
81233,81,43,192,194,55,7,19,9,13,10,141,143,55
86233,86,62,268,319,84,10,16,3,14,11,245,237,88
04233,04,11,35,25,5,6,0,3,7,0,31,32,2
66233,66,8,29,10,4,4,4,0,6,0,14,11,3
972234,972,15,116,273,107,28,27,9,15,20,265,178,97
62234,62,7,40,15,0,1,4,0,0,0,13,19,7
02234,02,8,12,7,5,6,6,2,0,0,0,13,0
80234,80,13,118,77,17,6,4,0,10,0,72,53,12
21234,21,5,4,11,0,0,0,0,2,2,8,6,0
76234,76,14,84,68,16,2,8,0,2,8,81,60,19
51234,51,17,97,63,15,0,4,0,7,7,47,66,10
27234,27,10,51,36,5,0,3,3,0,5,4,31,13
25234,25,8,15,20,2,0,0,0,2,0,8,22,3
70234,70,5,34,18,9,4,0,5,0,0,12,22,2
60234,60,69,357,229,59,5,15,6,0,9,209,208,51
78234,78,8,6,24,8,0,0,0,0,0,14,20,8
59234,59,113,594,407,131,11,28,3,7,18,457,364,120
39234,39,2,7,12,0,0,3,4,0,1,3,7,7
57234,57,14,83,67,19,0,4,6,0,5,42,56,10
64234,64,8,17,21,4,0,0,2,4,5,22,19,5
54234,54,55,298,244,68,7,14,4,3,10,222,186,73
71234,71,9,37,39,13,0,6,0,3,5,28,33,12
52234,52,0,10,5,1,2,0,0,1,1,1,0,5
08234,08,2,17,12,0,3,2,1,4,0,11,10,0
77234,77,16,74,83,24,0,7,5,3,0,73,63,14
65234,65,4,14,10,0,0,0,2,0,0,13,5,8
67234,67,46,208,169,46,8,14,7,9,6,118,164,48
50234,50,7,5,4,1,4,5,2,0,0,0,5,0
33234,33,87,336,460,132,11,30,11,32,19,371,294,131
31234,31,8,28,53,16,0,0,5,10,7,48,28,16
66234,66,2,25,11,3,0,1,0,0,6,6,14,0
24234,24,4,37,36,14,1,0,0,16,6,41,33,7
61234,61,32,128,111,28,6,2,0,6,1,71,127,29
89234,89,1,15,19,0,0,1,3,0,0,12,9,8
28234,28,16,52,48,7,4,0,0,0,3,38,52,7
32234,32,4,24,29,11,2,5,0,16,0,26,20,7
01234,01,4,25,17,10,3,4,0,0,0,8,23,7
10234,10,12,36,20,0,5,0,0,4,5,12,19,1
17234,17,9,30,37,14,0,1,0,3,3,29,29,8
11234,11,0,29,17,5,0,0,4,0,0,18,14,7
63234,63,17,85,121,26,0,9,5,9,6,83,82,42
16234,16,24,83,85,27,4,3,0,1,2,68,53,26
68234,68,18,90,57,10,2,4,0,22,2,44,63,13
45234,45,2354,9293,9320,2344,267,388,129,584,344,6229,8323,2322
72234,72,9,44,39,9,1,7,5,0,5,16,54,6
2B234,2B,0,9,8,0,0,0,0,0,2,0,1,4
26234,26,31,121,106,24,0,8,3,0,3,79,97,30
22234,22,15,79,142,35,0,12,0,8,1,96,97,40
40234,40,15,67,93,27,3,7,0,17,5,82,56,34
09234,09,0,7,11,0,0,5,0,13,2,12,10,6
35234,35,25,86,165,57,5,8,2,2,2,106,104,54
46234,46,1,4,15,1,5,2,0,9,0,7,8,6
34234,34,7,12,10,7,0,0,0,0,6,10,10,2
81234,81,0,12,10,8,3,0,0,0,4,5,2,1
29234,29,51,190,393,143,10,20,6,23,13,245,243,152
58234,58,6,10,16,6,2,2,0,0,0,0,7,3
30234,30,7,48,24,5,4,0,0,0,0,30,29,7
47234,47,13,86,64,16,5,4,1,3,7,69,66,19
07234,07,5,29,28,5,6,2,3,0,0,24,21,3
74234,74,30,79,114,19,3,1,6,9,5,73,125,23
73234,73,3,18,24,2,2,0,4,0,1,18,25,6
03234,03,14,43,52,11,2,0,0,0,6,28,37,9
42234,42,88,431,410,107,4,18,0,50,18,322,308,91
85234,85,310,1021,1459,262,53,65,18,39,34,758,1348,286
53234,53,8,26,40,10,4,4,3,0,5,19,39,14
86234,86,10,26,43,13,3,1,0,0,0,23,31,16
19234,19,14,49,71,12,0,3,3,7,0,61,41,15
56234,56,73,246,391,107,9,21,4,83,3,248,301,99
23234,23,1,19,14,12,1,3,3,0,5,10,17,5
37234,37,18,42,61,20,4,0,5,0,2,51,47,10
69234,69,38,126,224,51,9,1,0,17,5,157,191,49
18234,18,11,60,53,15,6,0,5,3,0,51,41,19
12234,12,13,40,77,22,6,2,0,5,1,59,50,11
41234,41,3,29,30,9,5,6,5,5,3,17,28,9
43234,43,54,201,223,41,8,14,6,10,7,166,159,51
15234,15,10,28,52,13,6,5,0,0,0,20,49,14
04234,04,5,33,26,9,2,5,1,0,0,26,18,4
36234,36,7,37,30,6,7,3,0,7,3,30,27,15
62235,62,75,504,257,77,4,17,5,9,12,265,219,85
02235,02,0,13,4,0,0,6,0,8,0,8,13,0
80235,80,32,181,127,23,8,6,1,0,7,90,89,25
21235,21,0,3,12,0,0,0,5,0,3,0,7,0
76235,76,48,219,194,49,2,15,3,9,11,212,154,62
27235,27,5,22,11,0,0,3,0,1,5,11,8,8
25235,25,11,38,32,9,4,3,0,0,3,10,35,7
70235,70,3,27,15,0,1,4,0,7,0,11,9,8
60235,60,20,106,75,14,1,4,1,9,2,67,55,15
91235,91,169,375,598,145,21,25,6,53,31,489,414,137
39235,39,22,120,103,26,6,4,0,0,5,102,87,20
57235,57,32,153,121,36,3,12,0,0,6,98,95,34
64235,64,8,17,33,16,3,0,0,19,3,26,25,13
54235,54,8,51,33,8,1,0,0,13,0,39,28,14
31235,31,0,0,10,5,0,4,5,0,5,0,1,5
52235,52,13,38,27,5,1,0,0,0,3,18,31,5
71235,71,57,194,182,56,5,5,4,24,3,153,163,48
08235,08,10,86,54,13,5,7,5,0,5,16,45,10
77235,77,8,32,42,10,0,0,0,0,0,34,31,11
65235,65,100,377,521,139,11,12,14,124,18,488,300,146
67235,67,10,42,45,14,4,4,1,0,5,13,37,8
50235,50,5,33,36,6,0,2,2,7,0,22,24,12
33235,33,5,25,27,13,4,0,1,0,0,20,27,10
29235,29,213,809,1675,619,50,67,22,164,56,1067,1015,629
51235,51,5,40,22,1,0,2,1,0,0,15,30,10
15235,15,15,42,67,15,4,5,0,15,0,45,62,9
89235,89,27,125,86,16,0,8,0,2,7,63,92,16
28235,28,15,35,38,7,1,7,3,0,3,22,35,8
32235,32,9,9,16,8,1,0,2,7,0,17,15,1
01235,01,28,120,107,25,0,10,1,12,3,80,95,25
10235,10,6,5,5,0,5,3,0,0,0,0,6,1
17235,17,14,65,72,25,7,2,2,13,0,57,66,20
38235,38,6,37,48,10,1,3,0,1,6,40,39,19
11235,11,4,7,5,5,0,0,0,3,0,12,9,0
63235,63,8,51,72,20,1,0,1,7,0,54,38,13
68235,68,48,168,108,26,3,11,4,0,8,64,136,29
45235,45,114,455,457,107,10,20,9,80,19,307,399,106
49235,49,11,37,51,8,2,3,2,3,1,27,52,11
72235,72,5,37,40,12,0,2,0,0,6,21,49,9
26235,26,321,1484,1367,364,53,77,16,71,82,1161,1177,370
2B235,2B,0,22,20,7,0,1,4,0,3,0,26,0
22235,22,0,12,25,5,5,6,0,17,3,16,13,12
40235,40,19,56,75,27,1,5,3,0,6,48,57,31
09235,09,7,79,75,30,4,12,2,23,7,95,47,22
35235,35,29,69,162,42,0,3,0,12,7,95,91,50
46235,46,1,8,15,0,0,0,0,15,2,23,11,3
34235,34,3,52,34,15,6,6,4,0,4,24,31,9
73235,73,27,63,70,14,5,0,4,12,7,51,73,15
81235,81,24,84,83,23,5,0,2,15,2,76,57,22
79235,79,34,121,177,43,10,6,0,9,0,133,115,50
30235,30,17,115,79,19,2,4,2,0,7,82,65,24
58235,58,13,41,30,10,0,3,0,5,0,27,25,8
47235,47,14,50,40,13,0,6,3,26,4,37,37,9
74235,74,15,55,63,16,4,0,2,6,6,43,63,11
03235,03,16,93,103,25,0,1,1,3,0,83,85,18
42235,42,7,39,39,11,4,2,3,5,3,30,30,6
85235,85,11,46,60,13,4,6,0,2,0,28,58,7
12235,12,3,17,24,2,0,0,0,10,4,26,24,7
86235,86,21,106,144,34,7,7,6,12,7,111,94,31
19235,19,11,18,34,9,3,1,2,14,0,25,21,5
23235,23,18,77,79,23,8,3,3,7,8,81,63,32
69235,69,43,132,210,56,4,9,9,0,12,159,188,51
07235,07,9,27,24,13,0,1,3,3,3,29,19,10
53235,53,7,16,32,9,0,4,2,0,3,1,21,10
18235,18,39,152,134,30,8,3,6,0,5,93,117,38
41235,41,31,131,105,29,1,6,2,12,4,80,112,30
04235,04,6,8,4,0,4,0,4,0,0,8,7,2
36235,36,7,40,36,16,5,4,0,12,0,37,40,6
28236,28,69,271,235,52,8,6,1,13,16,155,228,43
62236,62,12,52,35,10,0,6,0,0,0,21,26,9
02236,02,9,58,29,4,4,3,1,0,1,22,21,9
80236,80,7,69,43,8,6,1,0,8,6,38,30,8
21236,21,3,29,33,12,6,0,2,0,6,22,33,8
14236,14,6,40,52,16,5,0,4,1,0,40,53,21
76236,76,14,42,36,15,3,0,0,0,4,33,38,10
25236,25,2,35,30,6,3,0,0,0,0,25,33,11
60236,60,5,30,24,9,0,5,0,0,3,10,23,4
59236,59,2,35,24,11,0,4,0,0,6,6,24,8
70236,70,13,74,52,7,0,2,0,23,0,32,36,12
78236,78,13,48,84,20,1,1,6,3,1,46,87,25
39236,39,3,7,0,0,3,0,0,3,0,1,0,3
57236,57,5,9,7,5,0,1,0,3,0,1,6,0
64236,64,6,8,11,4,1,3,4,0,0,1,4,0
54236,54,6,35,28,18,9,6,0,0,0,31,23,12
55236,55,26,144,89,16,3,6,0,3,8,60,81,25
31236,31,7,0,20,6,4,6,0,0,0,0,8,7
71236,71,24,98,98,27,4,4,0,11,2,70,85,28
08236,08,4,37,24,5,0,2,1,15,0,25,19,6
77236,77,18,33,36,9,3,7,3,0,6,14,38,17
65236,65,12,34,46,21,6,4,4,0,1,43,33,17
67236,67,21,87,70,14,7,8,2,0,1,45,70,12
88236,88,3,21,13,1,2,5,0,2,0,6,9,6
50236,50,111,403,506,140,22,19,8,44,25,343,442,129
43236,43,35,138,133,27,6,12,4,13,4,109,109,30
51236,51,0,24,13,1,0,1,0,14,6,7,13,0
33236,33,242,1024,1434,412,34,80,21,88,54,1223,922,400
24236,24,27,101,112,32,6,12,0,12,5,110,77,36
89236,89,28,157,100,19,4,9,6,0,9,87,112,26
32236,32,0,3,9,6,0,0,0,6,4,9,2,1
01236,01,34,119,103,28,0,9,1,0,8,67,95,26
10236,10,1,8,8,0,0,0,0,0,3,5,7,1
17236,17,41,142,158,33,3,6,2,33,6,117,129,36
38236,38,54,200,235,58,5,10,5,21,13,187,163,60
11236,11,0,36,19,4,5,0,0,4,0,24,24,12
63236,63,32,113,172,50,6,14,4,7,2,145,116,48
16236,16,64,286,337,78,7,23,4,17,9,273,234,84
49236,49,6,0,17,3,4,6,5,0,4,0,13,6
26236,26,5,26,16,10,1,5,2,0,5,2,13,5
72236,72,1,21,16,9,0,6,0,0,3,2,33,8
22236,22,9,47,96,27,5,9,1,8,0,63,64,28
2B236,2B,6,49,33,4,2,0,0,5,2,22,46,2
40236,40,14,77,108,37,0,9,3,19,8,80,67,35
09236,09,2,47,41,13,0,3,0,9,1,54,20,16
35236,35,167,548,1164,349,23,49,10,59,38,759,751,337
46236,46,0,20,30,5,6,0,0,0,0,15,10,10
29236,29,90,327,678,249,19,35,3,13,14,460,423,266
34236,34,0,15,12,0,0,0,0,0,0,2,9,7
81236,81,12,29,34,13,6,0,0,0,4,21,21,10
79236,79,14,58,82,23,6,5,0,0,4,59,62,15
30236,30,1,13,10,1,0,4,4,0,4,7,11,2
07236,07,26,130,125,35,1,9,2,0,9,110,86,31
73236,73,86,294,298,72,8,24,9,7,10,229,271,85
03236,03,79,349,371,100,3,12,4,54,17,325,303,88
74236,74,181,568,740,169,12,32,8,100,39,447,771,169
42236,42,13,47,49,11,0,2,0,1,0,43,43,13
85236,85,34,132,174,35,4,12,4,0,10,92,193,43
12236,12,10,16,29,2,0,0,4,0,0,14,23,10
53236,53,2,15,16,0,0,1,0,7,3,14,20,3
86236,86,20,81,88,34,0,8,1,21,0,79,62,24
19236,19,17,40,60,17,0,5,5,0,4,56,46,9
23236,23,4,29,29,6,0,4,3,5,2,30,27,9
69236,69,13,46,64,14,0,1,1,1,0,53,62,22
37236,37,12,55,60,23,5,1,0,5,0,60,56,21
56236,56,18,72,117,30,0,9,1,0,4,72,84,34
18236,18,2,12,16,0,0,4,0,0,6,3,16,2
47236,47,4,11,15,7,0,0,0,0,0,0,12,0
58236,58,9,13,12,3,4,6,0,0,5,0,11,8
41236,41,8,10,8,0,0,2,2,0,5,0,15,0
15236,15,17,52,81,22,6,4,0,17,6,46,72,20
04236,04,0,25,18,6,4,0,2,0,3,7,22,1
36236,36,7,45,33,6,1,3,0,13,7,30,33,16
62237,62,8,82,53,14,8,3,2,2,5,45,37,11
02237,02,26,221,101,26,5,3,0,8,7,104,94,25
80237,80,8,78,57,8,5,8,1,2,0,44,32,11
21237,21,4,10,12,8,2,3,0,0,5,0,6,0
14237,14,10,62,73,12,0,1,0,1,2,52,50,23
76237,76,12,56,56,9,0,2,0,10,4,56,39,21
51237,51,47,217,144,41,0,7,3,6,3,111,165,32
25237,25,51,226,217,49,9,10,3,9,14,186,218,51
70237,70,6,13,13,1,0,5,0,0,5,0,11,6
78237,78,4,4,26,7,5,5,0,0,0,0,18,7
60237,60,0,10,4,3,0,2,0,8,2,11,8,0
59237,59,27,141,85,27,0,4,0,13,0,90,82,20
39237,39,0,4,11,0,0,1,1,0,0,10,6,6
57237,57,10,46,35,8,0,1,0,12,0,30,21,3
64237,64,68,232,444,134,8,27,4,121,4,331,288,123
54237,54,7,16,16,5,0,0,0,0,0,0,10,4
52237,52,12,42,30,8,4,0,0,0,0,14,32,5
55237,55,6,40,23,6,0,0,5,0,3,20,24,10
88237,88,9,49,39,7,2,2,0,23,0,26,26,4
31237,31,9,23,35,4,4,1,4,0,5,5,23,5
71237,71,16,69,54,23,5,4,1,0,0,49,47,19
08237,08,15,104,56,22,1,0,0,30,0,52,56,13
77237,77,18,67,64,13,4,8,4,0,3,58,59,17
65237,65,2,17,27,6,0,3,2,0,4,3,13,11
67237,67,87,331,290,77,12,16,5,20,7,196,298,81
50237,50,30,113,144,29,2,4,0,20,1,98,112,30
49237,49,4,9,12,5,3,0,2,2,5,11,20,1
29237,29,42,113,237,83,8,8,9,24,1,136,154,93
27237,27,2,21,21,2,2,3,0,0,4,15,20,8
09237,09,0,0,8,0,0,5,3,0,1,0,0,7
04237,04,10,25,26,7,4,1,1,0,0,13,15,1
24237,24,27,128,149,43,7,10,2,36,1,145,116,33
61237,61,10,35,31,12,0,0,0,0,0,20,37,11
33237,33,17,79,111,29,5,5,4,0,3,78,63,29
89237,89,10,65,49,15,4,0,1,4,7,45,50,17
28237,28,8,29,22,5,0,0,5,5,3,16,24,9
32237,32,11,49,65,25,0,1,0,14,0,47,49,21
01237,01,44,182,159,42,6,11,6,0,7,117,166,36
10237,10,15,93,55,9,0,1,0,5,5,37,71,17
38237,38,11,27,30,9,0,0,2,0,0,10,20,12
63237,63,5,42,72,22,3,4,0,3,2,58,33,11
16237,16,11,22,25,12,0,1,0,0,0,17,23,6
17237,17,8,60,58,19,2,2,6,0,7,48,61,17
68237,68,22,70,53,10,2,0,0,1,9,44,60,14
45237,45,2,18,13,1,4,6,0,0,6,14,12,3
72237,72,11,57,45,10,6,4,1,0,0,31,74,15
22237,22,44,183,311,90,17,18,0,32,0,221,199,99
40237,40,12,57,77,30,4,3,5,2,0,64,52,33
35237,35,25,61,137,35,7,4,0,1,1,84,80,33
46237,46,5,31,53,16,1,3,5,0,5,51,30,14
34237,34,35,288,228,56,1,8,4,27,16,258,203,53
81237,81,9,20,27,10,1,4,0,0,6,0,16,12
30237,30,9,90,59,12,4,6,0,11,3,58,51,11
58237,58,2,1,0,3,0,0,0,3,0,3,8,1
07237,07,23,99,86,30,0,6,2,0,0,78,61,30
73237,73,7,33,38,6,3,0,0,20,5,34,30,6
03237,03,14,53,46,11,0,4,0,0,0,40,41,10
74237,74,20,61,78,14,1,0,0,23,0,54,87,24
42237,42,167,720,667,160,21,28,6,89,30,524,543,177
12237,12,14,56,91,16,0,4,0,3,0,58,75,26
85237,85,12,26,38,12,0,1,2,6,0,28,47,3
53237,53,15,35,53,17,5,8,5,0,0,9,63,7
86237,86,21,83,101,31,1,11,6,0,1,55,77,34
23237,23,2,8,6,0,0,4,1,0,0,3,8,0
19237,19,29,84,135,29,5,12,3,0,9,88,77,26
37237,37,36,107,147,45,8,3,0,8,7,111,130,41
56237,56,49,175,282,73,3,13,2,4,5,174,213,73
47237,47,14,54,48,12,0,0,0,8,0,42,42,11
18237,18,9,52,59,11,1,4,0,8,6,40,45,13
41237,41,29,124,99,25,9,8,0,0,3,85,118,26
43237,43,10,38,42,5,0,0,2,0,3,28,35,5
15237,15,5,17,26,2,0,0,0,9,0,14,18,10
36237,36,15,91,77,18,2,8,0,3,8,80,80,25
62238,62,0,17,10,1,5,0,5,0,3,0,3,4
02238,02,45,312,151,34,11,5,0,0,4,132,149,38
80238,80,18,73,62,7,0,5,0,14,0,45,40,12
21238,21,8,4,18,2,4,0,5,0,6,0,8,8
14238,14,9,15,20,1,0,0,0,0,1,7,21,4
76238,76,63,359,317,81,18,18,10,13,13,314,243,85
51238,51,9,52,36,11,0,5,0,0,0,11,30,12
27238,27,32,153,110,23,0,7,6,41,1,90,105,23
25238,25,0,17,13,3,0,4,5,3,1,10,8,1
70238,70,6,25,23,5,0,0,0,2,0,11,18,4
60238,60,41,261,166,37,6,5,5,10,14,141,148,39
59238,59,34,227,157,44,3,4,6,1,3,172,138,43
78238,78,49,145,281,68,11,15,0,3,8,154,286,81
39238,39,2,9,12,2,3,0,0,5,6,15,9,1
57238,57,7,28,25,5,6,1,5,3,0,18,12,1
64238,64,32,133,264,79,5,21,0,82,9,192,192,72
54238,54,2,31,32,8,4,0,0,0,6,20,27,6
88238,88,7,44,33,10,2,0,0,22,0,28,29,10
31238,31,10,44,64,19,0,1,5,0,3,45,43,20
50238,50,7,42,50,12,0,0,0,24,1,29,37,10
71238,71,32,132,118,27,5,3,1,0,0,87,102,25
08238,08,0,7,12,0,5,3,2,0,1,0,9,6
77238,77,125,397,410,116,5,13,5,13,24,343,316,99
67238,67,17,85,78,20,0,1,5,0,8,35,78,13
65238,65,6,21,26,12,0,0,5,1,0,30,21,10
24238,24,7,14,13,2,4,0,0,6,0,11,17,2
26238,26,3,28,24,3,5,0,0,4,0,17,18,8
09238,09,10,71,61,30,4,5,0,21,0,84,49,23
61238,61,4,0,7,7,0,5,4,0,5,0,9,0
33238,33,222,986,1405,398,33,83,20,105,47,1073,910,398
89238,89,21,68,49,12,0,5,0,4,3,48,45,13
32238,32,3,12,10,0,2,2,0,0,2,13,6,4
01238,01,88,350,309,77,6,13,0,0,14,203,284,61
10238,10,16,66,41,6,0,3,0,0,5,12,42,10
38238,38,42,187,215,69,0,5,0,25,11,192,159,66
11238,11,3,10,14,9,0,5,0,0,4,6,10,0
63238,63,10,16,29,9,2,3,0,0,5,14,12,12
16238,16,8,10,8,8,0,0,5,0,4,0,10,0
68238,68,24,115,82,25,7,9,0,9,3,58,104,15
45238,45,27,86,86,25,2,0,3,0,3,52,72,26
72238,72,1,8,5,5,0,0,0,0,0,5,11,7
22238,22,13,49,78,32,0,4,3,19,0,60,53,23
2B238,2B,5,33,27,5,0,6,0,0,0,8,23,5
40238,40,13,55,85,28,3,7,0,0,8,66,62,33
35238,35,3241,10111,21919,6312,505,911,214,910,488,13577,13723,6436
46238,46,5,27,51,13,0,1,5,0,1,23,33,17
29238,29,14,68,143,50,6,4,3,15,0,96,83,54
81238,81,43,162,167,48,3,7,1,44,1,161,130,47
34238,34,5,7,11,4,0,0,5,0,0,0,4,0
79238,79,9,52,71,23,5,1,0,1,2,44,49,18
30238,30,3,18,12,0,0,4,0,0,3,6,7,8
58238,58,69,280,241,61,2,11,3,8,4,210,174,73
07238,07,5,40,34,11,0,1,1,0,5,27,28,6
03238,03,10,46,53,8,4,0,3,15,7,49,36,7
74238,74,28,98,130,30,0,6,0,35,10,100,134,27
42238,42,8,45,43,9,5,5,2,0,0,18,34,11
85238,85,107,328,463,89,10,21,6,20,20,241,440,79
12238,12,12,26,47,13,0,0,4,11,4,36,40,8
53238,53,15,54,76,20,0,4,3,0,0,30,78,14
23238,23,15,38,54,22,7,0,0,0,3,28,40,16
19238,19,5,24,35,3,0,0,1,7,2,20,19,13
37238,37,16,48,57,11,4,2,0,4,0,56,56,21
69238,69,78,280,446,112,13,8,3,34,13,313,389,116
56238,56,11,27,44,16,5,1,5,0,2,13,30,9
18238,18,3,17,9,5,0,2,0,7,0,7,9,2
47238,47,35,200,153,48,8,14,3,0,2,142,148,48
41238,41,51,234,205,58,11,7,0,28,13,152,209,54
43238,43,17,47,54,9,0,2,0,7,0,31,33,9
15238,15,9,12,24,1,0,6,5,0,0,2,18,9
36238,36,0,8,15,6,5,0,2,0,3,2,15,4
62239,62,63,464,255,64,11,12,16,0,17,233,181,63
02239,02,28,187,91,27,2,11,3,6,2,86,79,23
80239,80,4,7,5,3,0,5,0,0,0,0,9,0
21239,21,17,79,85,18,0,3,2,0,7,55,73,19
14239,14,0,6,7,0,0,0,0,13,2,11,4,6
76239,76,14,92,80,18,2,9,0,0,0,68,59,23
51239,51,3,17,10,2,0,4,0,0,5,0,12,5
27239,27,17,59,51,15,0,3,3,4,0,35,38,11
25239,25,0,18,27,10,0,2,5,0,4,0,25,8
60239,60,13,79,45,6,7,7,0,0,0,36,41,13
59239,59,126,811,562,164,24,18,6,15,30,585,493,157
78239,78,35,118,247,61,7,3,6,0,11,113,236,65
70239,70,2,30,25,7,2,0,0,9,0,15,14,1
39239,39,3,1,5,0,0,0,1,0,0,8,6,0
57239,57,10,58,44,16,2,6,0,0,0,32,41,13
64239,64,5,9,11,2,3,3,1,0,0,14,13,8
54239,54,5,10,18,5,4,1,0,0,5,6,11,0
88239,88,7,17,10,9,0,2,2,0,5,15,13,3
71239,71,19,78,68,18,0,2,1,20,2,58,63,24
77239,77,38,139,140,38,1,7,6,0,5,109,105,30
08239,08,34,172,89,21,10,11,5,17,1,91,84,23
67239,67,60,220,191,43,5,11,2,29,11,138,184,49
31239,31,39,141,229,74,0,8,3,0,3,200,137,66
65239,65,1,12,28,5,4,0,0,5,3,15,9,10
46239,46,2,15,28,8,2,5,2,15,1,30,15,8
33239,33,14,38,62,16,0,1,0,7,7,51,37,13
89239,89,44,240,170,43,3,13,5,33,1,149,165,38
32239,32,8,44,46,17,0,6,4,6,1,48,39,22
28239,28,25,115,86,20,8,7,0,0,8,62,98,19
01239,01,19,79,73,19,6,0,0,0,5,30,71,10
10239,10,15,90,63,16,0,2,5,0,0,46,72,13
38239,38,196,867,935,248,18,47,7,32,42,779,632,247
17239,17,16,40,51,16,5,1,0,0,5,29,38,14
11239,11,3,8,10,1,0,3,1,3,3,8,2,7
63239,63,19,66,97,24,0,6,0,2,7,74,63,24
16239,16,5,10,13,6,6,2,2,0,1,4,10,8
68239,68,11,56,46,14,1,3,0,5,5,27,50,6
45239,45,15,47,38,10,2,0,0,3,0,34,37,15
26239,26,4,27,25,8,1,5,0,0,5,10,22,6
22239,22,32,106,161,56,4,10,5,0,9,112,110,56
2B239,2B,1,32,19,5,0,0,0,24,6,16,29,5
72239,72,15,61,67,21,2,3,1,0,4,56,83,17
40239,40,7,5,7,8,1,0,2,8,0,13,5,3
09239,09,6,23,22,1,2,0,0,0,1,17,12,4
35239,35,87,270,586,191,20,19,11,11,7,358,380,182
29239,29,64,240,526,186,18,16,0,19,15,329,307,188
81239,81,18,99,103,31,3,5,0,4,7,84,81,26
34239,34,100,670,569,150,12,25,7,13,25,579,472,152
79239,79,44,153,214,55,13,8,0,45,6,166,162,51
47239,47,22,119,92,29,3,6,0,32,4,94,79,24
58239,58,6,14,23,8,4,4,1,0,0,0,14,9
07239,07,6,12,9,3,1,0,0,0,1,15,15,5
42239,42,38,145,135,28,2,7,0,0,0,109,102,32
74239,74,46,118,152,41,0,9,0,2,6,114,172,40
03239,03,1,23,25,11,0,3,2,12,0,24,25,8
85239,85,35,86,135,21,4,6,2,8,7,74,130,30
12239,12,3,31,37,14,5,6,4,0,6,18,33,13
19239,19,13,30,53,10,0,8,2,0,6,29,33,8
23239,23,21,69,68,18,2,8,4,7,0,62,49,29
56239,56,32,133,213,58,4,15,6,4,2,121,152,55
69239,69,21,103,160,42,0,4,5,15,6,110,137,42
30239,30,13,95,52,12,2,7,4,5,1,63,44,17
86239,86,0,20,15,10,0,0,4,5,4,12,18,2
41239,41,33,128,109,33,5,7,6,0,6,78,109,28
43239,43,19,92,106,28,7,8,0,0,4,78,80,27
50239,50,49,189,218,48,1,16,2,17,7,134,198,56
36239,36,9,57,49,9,2,6,0,4,0,49,41,19
62240,62,54,298,162,53,13,12,8,13,1,163,115,44
02240,02,2,31,24,4,0,2,0,5,0,14,21,4
80240,80,30,228,170,25,15,2,2,5,5,130,123,35
21240,21,10,26,32,3,3,0,5,0,2,24,26,2
14240,14,15,57,59,22,1,0,0,0,7,28,52,19
76240,76,22,125,107,26,0,9,0,11,0,99,85,25
51240,51,0,12,20,2,5,5,5,0,0,0,21,0
59240,59,4,23,8,6,2,0,3,0,5,7,16,3
60240,60,2,44,24,6,0,0,2,1,0,24,26,6
91240,91,6,17,21,9,5,0,0,0,5,2,21,9
70240,70,35,200,124,28,6,5,2,0,8,96,115,28
39240,39,8,23,14,4,0,2,0,9,0,14,24,1
57240,57,325,1549,1135,294,45,64,11,94,41,996,940,289
54240,54,3,4,7,7,0,0,5,0,0,0,1,4
64240,64,2,16,31,13,0,1,4,7,5,28,25,8
50240,50,10,40,56,12,5,8,3,0,3,37,54,18
88240,88,4,40,30,9,0,0,0,7,2,22,28,2
52240,52,3,32,22,1,1,6,0,0,4,5,17,9
68240,68,39,176,135,24,2,6,6,9,6,93,133,33
31240,31,14,45,69,18,6,8,0,29,5,60,41,18
71240,71,12,44,44,12,4,0,5,0,2,31,45,13
77240,77,58,216,220,53,9,3,4,15,12,204,167,43
08240,08,4,20,19,6,3,4,0,8,0,18,14,2
67240,67,25,88,72,19,4,7,2,1,3,54,72,18
27240,27,11,34,15,6,0,0,0,3,1,15,21,1
49240,49,34,84,133,37,3,5,4,1,0,97,117,31
65240,65,5,41,49,14,0,6,1,0,0,52,32,13
35240,35,183,503,1074,315,32,37,15,29,38,661,698,316
25240,25,67,312,272,78,10,21,6,13,16,224,269,79
33240,33,107,490,677,210,9,37,13,6,36,535,438,200
24240,24,10,43,42,16,0,0,0,0,3,37,27,15
61240,61,14,56,41,9,0,7,1,6,6,27,47,15
89240,89,5,50,24,2,2,5,4,5,2,27,24,10
32240,32,4,6,1,0,0,5,2,0,5,0,6,0
01240,01,25,82,69,12,1,6,4,0,4,32,71,20
28240,28,10,58,46,8,3,3,0,8,6,33,48,15
10240,10,17,75,45,8,6,0,0,1,7,28,52,8
38240,38,18,84,84,24,0,0,0,18,0,67,60,17
11240,11,11,61,47,11,0,6,5,18,0,52,38,10
17240,17,79,298,356,78,19,20,6,5,16,269,296,80
63240,63,15,42,57,21,7,0,4,0,4,28,41,20
16240,16,0,4,10,2,2,0,0,0,5,2,2,7
45240,45,39,133,129,28,9,1,0,18,10,89,114,36
26240,26,5,29,19,6,0,4,5,0,0,7,20,7
22240,22,22,87,139,49,5,4,0,27,0,97,87,46
2A240,2A,0,23,23,0,0,2,0,16,2,15,23,0
09240,09,9,25,23,7,5,2,0,13,0,38,19,10
40240,40,7,46,69,25,0,2,1,22,0,48,48,22
46240,46,13,40,81,19,3,3,0,0,5,74,50,27
29240,29,14,73,144,52,6,6,2,1,1,85,89,50
81240,81,0,16,17,7,1,6,0,0,1,1,14,0
34240,34,74,482,367,98,12,21,0,7,22,393,328,114
30240,30,12,48,37,7,0,0,5,1,3,42,24,6
47240,47,10,35,26,9,0,6,0,7,1,31,24,11
58240,58,7,19,11,5,2,2,0,0,0,3,5,0
07240,07,55,243,235,63,6,17,5,30,21,235,178,69
42240,42,19,91,100,26,3,3,6,9,0,68,74,17
74240,74,25,80,106,25,0,9,0,42,5,71,109,20
03240,03,14,64,67,17,0,5,0,12,0,64,56,23
85240,85,40,147,220,39,8,10,4,0,3,114,201,47
53240,53,16,33,57,7,5,4,0,11,6,37,62,10
12240,12,4,35,54,11,0,6,5,24,0,39,38,17
19240,19,11,28,48,10,6,5,0,20,0,32,28,8
23240,23,16,44,54,20,0,7,0,0,0,39,42,24
69240,69,14,64,101,22,0,2,0,0,7,58,87,23
73240,73,25,89,87,30,1,3,1,4,8,74,92,24
18240,18,14,83,79,18,8,5,6,8,7,65,74,15
56240,56,233,901,1385,356,51,58,25,47,30,805,1067,361
37240,37,15,67,71,23,2,1,0,18,0,64,63,18
43240,43,9,39,34,6,0,2,0,5,3,33,28,3
15240,15,8,19,27,6,5,1,4,0,0,3,22,2
36240,36,6,44,30,8,0,4,0,0,0,25,34,14
04240,04,6,40,32,13,3,7,3,0,0,38,28,6
62241,62,4,42,30,2,6,6,0,2,3,27,16,8
80241,80,20,156,107,23,5,8,0,3,0,95,74,27
21241,21,12,28,39,5,0,4,3,0,0,17,35,3
14241,14,11,61,72,17,6,3,0,20,0,66,65,17
76241,76,1,15,22,2,2,1,2,0,3,7,18,7
51241,51,0,14,8,5,2,0,1,0,2,8,10,2
27241,27,3,22,24,0,0,0,0,15,0,11,13,8
25241,25,7,16,22,8,6,3,4,0,2,0,18,0
59241,59,8,67,49,12,0,0,0,16,6,54,37,19
60241,60,15,51,32,14,4,2,0,5,6,32,31,5
95241,95,34,134,206,56,3,2,6,1,11,190,134,47
57241,57,8,17,11,4,0,3,1,8,0,19,12,0
39241,39,6,40,35,11,6,0,5,1,0,42,41,8
54241,54,0,16,11,4,2,0,1,0,3,0,7,3
64241,64,9,38,67,16,1,10,0,24,3,56,50,25
55241,55,5,3,12,0,0,5,0,0,0,0,12,7
88241,88,15,57,35,7,0,6,5,0,7,25,41,11
50241,50,4,14,17,11,4,0,4,8,0,17,16,4
31241,31,5,31,42,16,6,0,3,0,0,22,20,17
71241,71,13,60,63,12,0,8,2,2,4,48,46,18
77241,77,46,186,205,53,9,13,6,0,15,176,146,51
67241,67,0,23,19,3,0,3,4,9,0,8,18,1
02241,02,2,13,9,3,2,0,1,0,5,1,10,4
61241,61,14,42,32,8,5,7,5,0,0,18,36,6
35241,35,53,176,361,104,7,11,1,14,5,258,242,119
15241,15,0,0,3,6,3,0,5,0,0,0,6,4
65241,65,0,12,16,4,2,0,0,0,2,6,5,7
49241,49,72,220,339,80,8,11,5,45,10,230,315,84
26241,26,3,12,8,0,2,0,3,2,0,14,14,6
33241,33,11,38,55,12,0,7,5,0,5,46,32,12
24241,24,15,45,57,9,6,2,0,9,3,48,45,13
32241,32,0,22,15,4,0,0,0,13,5,11,18,4
01241,01,31,158,138,36,5,11,5,12,6,90,124,31
10241,10,0,11,1,2,1,2,0,0,4,1,7,2
38241,38,0,2,1,5,0,2,0,0,0,0,4,0
11241,11,8,41,32,8,0,0,0,10,0,32,27,14
72241,72,53,282,301,72,2,4,9,33,15,253,414,75
17241,17,42,150,180,36,6,9,4,28,3,122,149,41
63241,63,10,36,58,22,7,4,0,0,6,37,42,14
16241,16,6,21,23,10,4,3,0,4,2,16,16,9
68241,68,24,76,49,19,0,5,0,9,0,45,58,14
45241,45,8,51,49,9,2,0,0,19,5,35,51,20
22241,22,22,76,121,36,8,5,0,6,1,86,87,33
2B241,2B,5,9,1,0,0,0,4,1,3,2,7,0
09241,09,12,42,40,19,2,1,2,16,0,48,20,20
29241,29,141,491,1041,385,11,73,17,30,37,685,656,396
46241,46,1,18,30,7,1,4,3,0,3,20,11,6
34241,34,14,121,95,20,5,3,0,0,3,112,81,25
30241,30,42,250,152,41,2,13,0,15,12,197,143,39
79241,79,18,52,63,21,3,6,0,0,4,42,51,18
47241,47,13,75,68,15,4,1,1,18,5,50,48,18
07241,07,23,82,74,19,0,0,6,24,2,76,67,22
58241,58,6,39,42,13,0,4,5,5,4,28,27,11
74241,74,80,302,359,86,19,2,10,27,18,242,383,81
42241,42,5,42,33,7,2,4,0,8,0,37,27,8
03241,03,12,45,44,13,0,7,0,0,1,24,37,8
86241,86,14,33,45,9,3,8,5,1,6,45,35,11
19241,19,11,29,40,5,4,2,5,0,5,14,24,10
23241,23,9,23,27,6,1,5,4,0,0,19,22,13
73241,73,30,121,127,31,4,9,0,8,10,107,122,34
12241,12,46,152,223,56,12,21,0,68,6,174,192,47
18241,18,31,149,129,28,8,6,3,19,3,95,111,41
56241,56,20,92,143,37,5,11,1,0,0,80,115,45
37241,37,28,117,145,44,1,9,5,22,5,114,133,50
41241,41,35,161,130,32,3,5,0,10,10,109,145,35
43241,43,34,142,159,32,6,9,4,9,2,110,129,38
69241,69,50,192,336,91,2,9,1,0,16,234,291,94
36241,36,71,312,248,80,15,14,0,19,15,234,230,83
04241,04,5,24,24,4,6,0,2,0,0,19,15,10
62242,62,4,20,14,6,0,0,0,0,3,2,9,0
02242,02,15,93,53,9,0,0,0,8,0,45,46,17
80242,80,4,51,46,8,4,4,0,0,4,28,33,10
21242,21,8,22,24,8,4,2,5,0,5,11,31,9
14242,14,39,134,164,48,5,5,0,2,9,127,135,48
76242,76,6,27,17,12,1,1,5,0,0,21,16,10
51242,51,140,679,483,93,22,27,9,26,12,342,533,115
25242,25,0,9,16,0,0,2,0,9,4,13,9,1
60242,60,17,78,49,9,1,0,5,2,0,37,47,13
59242,59,13,93,59,12,2,0,0,20,5,70,48,16
78242,78,219,641,1437,341,27,32,19,43,51,807,1366,340
70242,70,4,18,8,4,0,5,5,0,1,0,11,7
57242,57,81,402,319,79,11,22,8,15,13,242,248,77
64242,64,0,1,11,0,0,0,1,8,5,6,5,6
54242,54,12,28,25,12,4,3,0,2,0,21,26,5
52242,52,26,150,88,28,9,7,14,13,6,57,83,13
55242,55,6,19,9,5,0,2,4,2,0,5,10,1
88242,88,2,0,1,2,5,0,0,0,4,0,4,2
71242,71,14,49,45,8,6,3,1,0,7,33,40,15
31242,31,0,3,6,0,0,0,0,0,0,7,7,4
77242,77,8,53,42,15,0,2,0,0,0,40,43,15
67242,67,21,71,56,12,0,1,5,0,1,28,61,12
65242,65,8,27,35,9,3,2,1,0,0,19,23,8
08242,08,12,73,37,14,4,1,0,19,0,38,39,7
27242,27,26,138,103,21,0,6,2,21,4,85,95,24
61242,61,4,24,26,11,3,0,4,6,4,15,29,7
26242,26,0,0,0,3,0,0,0,0,3,0,1,6
15242,15,0,8,9,2,1,1,0,12,0,14,8,3
33242,33,9,40,57,16,0,7,0,27,0,49,35,17
24242,24,6,26,27,4,2,0,1,19,3,39,19,7
89242,89,17,101,59,10,5,2,0,5,0,57,64,22
32242,32,32,125,149,50,1,11,0,34,6,118,106,44
10242,10,4,31,17,3,0,0,0,1,1,14,27,5
38242,38,32,123,146,40,4,3,2,9,2,115,102,35
11242,11,0,29,21,4,2,0,0,3,1,11,14,1
17242,17,27,82,93,28,1,7,1,0,0,67,85,24
63242,63,7,33,50,19,2,0,0,3,7,38,40,21
01242,01,5,13,19,0,1,0,3,0,3,2,20,6
28242,28,0,16,14,3,0,3,1,0,1,3,11,0
16242,16,36,138,148,49,12,19,9,8,11,108,119,42
68242,68,38,164,130,24,5,11,1,8,13,86,146,33
45242,45,12,27,24,7,0,6,5,0,2,15,19,8
22242,22,35,142,223,66,3,9,2,31,8,155,146,73
2B242,2B,13,94,62,16,0,6,2,7,7,47,79,12
09242,09,5,0,9,6,0,0,0,0,5,0,2,0
40242,40,0,14,9,0,4,1,5,1,0,6,12,0
35242,35,7,22,48,13,0,6,0,0,0,29,36,20
46242,46,0,13,28,13,5,1,2,0,1,18,23,8
81242,81,11,28,31,13,0,2,0,0,3,24,20,4
34242,34,26,139,119,37,2,1,3,0,7,118,99,34
30242,30,1,36,20,4,0,5,1,3,0,18,14,7
47242,47,7,67,48,16,6,5,4,0,2,32,50,18
58242,58,6,17,10,2,4,0,5,0,0,4,12,8
07242,07,5,16,12,10,0,4,0,0,3,11,17,2
73242,73,4,33,33,6,0,1,0,23,0,32,29,9
74242,74,191,620,794,176,23,20,11,77,46,505,814,182
42242,42,52,211,215,60,0,12,3,19,6,156,158,49
03242,03,19,68,63,20,3,5,4,0,0,55,57,19
85242,85,21,85,107,18,0,0,2,0,6,59,113,25
53242,53,10,20,24,2,0,4,1,4,0,21,25,10
86242,86,9,36,52,10,5,0,0,0,3,32,37,12
12242,12,11,30,43,9,0,1,3,0,5,18,30,15
23242,23,9,17,25,10,4,0,3,0,0,8,15,13
19242,19,14,32,64,19,0,0,0,0,7,40,40,13
18242,18,80,325,297,70,7,20,4,13,3,248,268,78
37242,37,46,137,177,52,4,6,2,0,7,150,149,53
41242,41,116,502,398,108,7,21,14,44,19,303,442,107
56242,56,18,58,92,26,2,6,6,0,6,50,77,23
43242,43,5,4,13,0,0,0,4,0,0,0,11,3
69242,69,19,80,109,34,0,7,0,0,3,89,100,30
36242,36,3,19,11,3,0,4,0,0,5,2,16,5
04242,04,110,518,395,107,19,21,1,66,15,405,369,102
79242,79,31,91,134,39,12,12,1,4,9,84,101,33
85243,85,85,260,405,74,12,25,0,18,13,221,382,69
62243,62,5,26,15,0,0,2,1,0,0,7,5,6
02243,02,63,485,244,55,8,11,9,43,18,222,209,53
80243,80,2,0,1,0,3,5,0,0,5,0,8,2
21243,21,3,7,10,2,0,6,3,0,0,7,14,5
14243,14,27,124,149,44,8,12,0,3,6,123,129,37
76243,76,8,38,24,12,2,7,0,0,4,16,16,10
51243,51,13,51,35,11,1,2,0,0,3,1,36,11
27243,27,16,105,74,15,3,1,3,19,4,64,79,17
25243,25,8,65,58,20,3,6,4,0,2,36,54,19
60243,60,0,19,16,6,1,6,0,3,0,17,10,0
59243,59,28,134,98,33,8,3,0,0,1,89,85,26
91243,91,69,151,241,71,5,14,6,25,14,202,168,61
70243,70,7,45,23,3,0,1,3,7,2,17,25,10
64243,64,7,8,33,10,0,0,1,0,5,15,21,9
54243,54,7,28,22,6,0,0,0,2,0,27,14,5
55243,55,3,23,21,3,0,0,0,18,0,8,18,1
50243,50,19,54,72,13,7,8,5,0,5,23,62,14
88243,88,21,77,54,18,4,8,4,6,0,45,51,14
52243,52,1,22,9,6,6,0,0,2,4,8,7,0
71243,71,7,44,48,15,0,0,0,8,0,35,38,11
31243,31,0,10,14,2,5,3,3,0,1,2,8,5
65243,65,7,41,64,11,4,0,5,0,6,55,39,15
77243,77,475,1826,1920,439,51,66,31,145,92,1621,1441,467
08243,08,6,28,12,9,6,4,0,3,0,13,12,0
38243,38,10,38,43,8,0,5,0,0,4,10,28,13
26243,26,28,104,100,26,2,7,2,0,4,88,78,22
33243,33,418,1848,2644,757,62,156,29,111,99,2029,1703,769
24243,24,16,98,98,29,0,6,0,17,0,92,77,28
61243,61,37,172,144,43,8,6,5,15,1,105,166,42
32243,32,7,23,35,12,0,2,0,10,0,27,25,8
01243,01,36,129,125,24,8,4,0,28,1,96,114,25
10243,10,0,20,8,0,0,1,3,2,5,6,13,0
11243,11,12,76,48,12,0,8,3,0,3,53,31,16
17243,17,30,105,119,27,0,1,0,35,0,94,101,34
63243,63,6,32,46,14,2,0,5,9,1,31,29,12
28243,28,10,30,15,2,0,0,0,0,0,15,20,7
16243,16,21,112,140,38,5,10,1,14,2,101,88,34
68243,68,1,21,19,5,0,3,0,0,0,0,23,7
45243,45,9,30,33,5,5,2,0,5,1,29,34,9
22243,22,8,48,75,20,4,2,3,1,5,46,46,23
2B243,2B,0,8,3,5,0,4,2,0,0,0,13,1
72243,72,26,148,141,39,8,11,5,8,3,127,212,42
40243,40,58,265,342,125,1,22,6,86,15,290,237,125
35243,35,40,135,319,92,9,6,3,9,5,198,199,96
46243,46,5,18,27,8,0,0,0,9,0,18,18,2
09243,09,6,13,8,6,3,3,5,0,3,0,2,6
34243,34,33,238,179,59,0,14,4,29,12,203,161,52
81243,81,7,20,10,0,4,3,1,4,0,11,7,5
30243,30,170,1122,740,183,14,41,7,27,28,802,647,185
29243,29,9,26,62,22,0,0,0,0,0,36,30,22
79243,79,9,19,36,13,0,1,3,0,4,17,18,4
58243,58,0,21,17,6,1,0,5,0,0,5,10,1
07243,07,5,30,33,10,0,0,1,6,2,38,25,11
73243,73,51,184,204,58,7,14,0,25,12,172,190,51
42243,42,13,29,36,13,0,0,0,0,0,7,30,13
74243,74,281,858,1110,256,18,52,7,63,59,740,1143,225
03243,03,6,19,22,2,1,3,0,0,6,0,13,8
53243,53,50,140,213,53,8,9,5,0,7,119,224,48
12243,12,25,76,105,29,0,4,6,4,5,89,87,33
23243,23,0,17,14,7,0,0,0,0,0,16,17,2
19243,19,18,83,118,29,8,2,0,14,4,90,80,30
18243,18,14,55,48,12,0,0,0,14,0,47,38,7
37243,37,80,310,375,116,15,12,1,20,15,318,339,116
41243,41,19,110,79,28,5,2,0,7,5,67,80,23
56243,56,221,830,1324,361,45,69,27,47,38,748,994,354
69243,69,181,645,1046,256,12,33,12,91,42,752,938,280
15243,15,11,48,86,13,0,1,0,21,6,48,68,10
36243,36,15,40,37,9,4,0,0,4,0,27,35,13
63244,63,29,136,202,52,7,1,1,32,8,158,131,53
62244,62,129,985,541,161,17,33,12,27,30,500,390,145
02244,02,4,0,8,0,2,3,3,0,0,0,5,5
80244,80,3,33,18,2,6,2,5,0,3,20,17,3
21244,21,3,0,10,6,2,5,2,0,3,0,3,4
14244,14,11,31,45,9,0,6,0,0,0,18,34,12
76244,76,14,58,52,12,0,1,3,0,2,37,34,13
51244,51,10,36,36,7,1,0,0,9,0,21,27,2
25244,25,4,2,4,3,3,5,5,0,2,0,13,1
59244,59,41,226,160,39,7,12,4,10,9,164,138,52
60244,60,1,22,22,9,0,0,5,0,0,10,12,3
91244,91,40,93,156,46,5,6,0,28,6,134,105,37
70244,70,7,18,9,3,0,5,1,0,2,1,8,0
39244,39,4,31,28,2,5,0,3,0,0,13,24,1
57244,57,20,78,59,16,0,6,0,1,4,55,43,17
64244,64,8,14,36,6,0,1,1,5,1,31,25,15
54244,54,6,22,14,0,0,3,0,0,1,8,11,0
55244,55,3,44,20,6,5,4,0,0,4,20,27,6
52244,52,18,113,59,17,2,3,1,16,3,53,65,20
71244,71,17,47,42,14,2,5,0,11,0,35,36,15
31244,31,6,27,54,15,4,0,1,0,6,42,32,20
67244,67,9,22,15,6,0,0,0,0,1,6,22,2
88244,88,23,71,50,14,3,1,5,11,8,40,43,17
65244,65,8,53,72,25,6,2,3,9,7,58,39,23
08244,08,3,9,11,0,2,4,5,0,0,0,8,0
77244,77,20,86,97,21,7,9,0,18,2,80,66,25
26244,26,0,16,12,4,0,0,2,1,0,11,11,9
33244,33,10,37,48,19,0,6,0,0,0,29,35,18
24244,24,2,15,14,8,0,0,3,0,6,4,7,7
61244,61,6,42,38,5,6,1,0,0,4,22,31,7
89244,89,3,16,5,3,3,0,0,4,0,2,4,4
49244,49,511,1527,2430,594,83,90,28,57,60,1463,2189,589
32244,32,1,19,20,9,6,4,0,0,0,17,19,2
01244,01,188,828,771,190,16,36,6,82,35,505,697,176
38244,38,16,87,95,19,0,0,2,16,0,72,65,27
11244,11,0,27,11,10,1,4,2,0,3,8,7,5
17244,17,22,62,77,20,2,4,0,0,6,43,71,18
16244,16,54,234,264,75,18,15,11,15,9,206,199,73
68244,68,10,56,47,8,3,0,3,13,0,26,42,10
45244,45,83,313,311,67,8,9,0,21,7,202,285,72
22244,22,9,39,62,24,3,7,0,0,4,12,43,24
2B244,2B,0,12,5,2,0,0,0,6,1,5,14,3
72244,72,54,303,274,84,9,19,4,0,16,218,407,68
09244,09,15,72,67,27,3,5,0,0,3,66,41,22
40244,40,29,119,146,51,4,5,0,35,0,118,116,59
35244,35,2,14,43,14,6,4,0,0,2,10,27,15
46244,46,0,5,15,6,1,0,1,12,4,10,4,2
81244,81,57,256,232,67,8,18,0,15,12,229,190,73
34244,34,54,390,328,95,1,7,10,21,17,344,274,93
30244,30,12,55,35,13,3,5,0,0,3,9,30,9
79244,79,9,34,46,17,3,0,5,0,4,28,27,12
29244,29,8,53,111,33,5,4,0,23,0,63,56,32
58244,58,8,25,24,7,0,4,4,4,0,23,27,3
07244,07,11,27,31,13,0,0,0,0,0,34,24,9
74244,74,29,85,114,28,6,3,3,0,4,58,108,22
03244,03,0,23,20,10,5,6,5,0,0,4,13,1
85244,85,19,65,103,23,8,2,6,0,1,56,92,22
12244,12,12,61,90,21,0,8,3,16,7,76,78,18
86244,86,30,122,147,40,1,14,0,20,2,119,111,49
23244,23,13,64,73,19,7,8,1,11,5,65,56,27
19244,19,5,11,12,2,1,0,0,0,5,4,7,4
47244,47,13,33,29,8,5,3,3,5,0,32,27,8
18244,18,2,14,3,0,3,0,0,4,0,4,9,0
37244,37,11,27,30,10,1,7,0,0,0,22,37,11
56244,56,75,260,412,99,5,22,8,8,7,222,298,104
69244,69,376,1445,2421,596,36,48,36,176,104,1754,2069,589
43244,43,106,382,402,88,11,19,9,28,11,272,310,97
15244,15,10,41,60,7,4,6,3,4,0,34,57,8
36244,36,15,118,104,37,2,9,0,2,7,67,93,25
04244,04,46,194,162,40,4,8,7,5,9,170,148,43
01245,01,25,109,101,19,0,7,2,0,8,72,100,23
62245,62,14,117,55,12,0,6,4,9,0,67,42,19
02245,02,36,266,143,28,4,9,0,24,6,126,130,37
80245,80,5,48,43,8,0,6,0,0,6,15,30,8
21245,21,10,38,40,7,5,2,0,0,0,23,35,9
14245,14,12,38,42,12,5,0,4,0,0,15,28,13
76245,76,31,174,143,36,5,4,2,0,9,159,111,38
51245,51,16,79,67,13,0,7,0,0,7,43,60,15
27245,27,3,34,31,4,0,7,0,0,3,20,32,11
25245,25,36,135,132,35,1,17,3,1,3,95,134,39
78245,78,9,32,68,18,0,7,0,0,0,30,62,15
60245,60,62,326,230,54,1,12,8,18,17,142,190,54
70245,70,125,620,383,85,19,34,1,10,22,308,348,95
39245,39,6,49,39,8,1,5,0,0,2,31,31,13
57245,57,12,88,63,12,0,7,1,15,1,56,46,20
64245,64,16,36,75,21,6,10,0,31,0,57,52,24
54245,54,0,7,1,0,4,0,4,0,4,1,3,0
55245,55,4,30,12,6,4,3,0,0,5,0,21,9
52245,52,0,10,13,0,1,3,4,0,3,0,9,4
88245,88,12,41,35,6,4,0,3,0,5,22,34,7
71245,71,12,28,29,6,2,0,1,0,6,14,32,12
31245,31,5,11,28,6,5,0,2,0,0,13,20,12
67245,67,3,28,24,5,6,0,0,14,0,13,23,1
65245,65,0,18,27,13,0,0,0,12,5,30,18,11
08245,08,3,10,5,0,0,0,0,2,2,2,0,0
77245,77,11,56,58,8,4,0,0,0,3,41,40,15
33245,33,13,67,110,24,0,8,5,4,6,88,62,34
24245,24,10,31,29,13,5,0,1,1,2,25,17,7
89245,89,29,122,84,15,8,7,6,0,1,51,79,26
32245,32,6,19,19,3,0,1,0,0,1,19,21,8
28245,28,9,52,38,7,2,0,0,3,0,26,38,15
38245,38,2,32,28,6,0,4,0,1,1,33,24,9
10245,10,25,118,78,19,0,2,0,0,8,46,90,10
11245,11,0,3,6,0,0,0,1,15,0,2,0,2
17245,17,27,92,106,22,0,2,0,21,8,87,94,22
63245,63,73,304,464,125,11,33,2,26,14,377,296,124
16245,16,26,96,99,26,9,3,0,13,5,93,66,24
68245,68,19,66,45,14,7,0,5,0,0,13,55,13
45245,45,25,127,108,27,1,3,0,27,3,75,100,33
22245,22,21,84,136,42,2,7,4,5,7,95,79,39
26245,26,1,5,1,2,0,0,0,0,0,0,2,0
2B245,2B,5,3,7,1,5,0,0,0,4,0,11,0
72245,72,10,71,65,23,0,5,2,0,6,55,86,15
09245,09,27,135,124,42,1,3,1,20,10,144,69,48
35245,35,72,259,548,158,15,28,8,14,16,327,337,149
40245,40,41,144,201,76,0,8,3,52,6,178,152,69
46245,46,0,10,12,7,1,0,2,0,0,6,9,6
34245,34,37,229,178,60,1,9,3,9,13,192,161,50
81245,81,8,19,20,4,0,0,4,0,6,1,10,5
30245,30,20,118,66,16,0,3,3,0,4,77,69,25
29245,29,34,95,211,70,6,13,2,6,6,146,118,76
47245,47,4,7,5,1,0,5,1,0,0,0,8,5
58245,58,7,16,25,5,5,4,1,0,4,0,15,8
73245,73,20,89,102,18,2,5,2,17,0,71,81,17
07245,07,54,284,266,87,5,20,2,14,19,263,215,74
85245,85,7,12,23,1,3,0,0,0,5,0,21,8
03245,03,2,10,15,6,0,0,0,0,3,14,17,1
53245,53,24,82,136,29,8,9,0,0,3,72,133,26
23245,23,42,186,236,65,7,24,0,45,2,202,174,66
19245,19,1,6,14,0,0,2,2,14,1,9,13,8
18245,18,13,55,42,10,0,7,0,7,1,34,38,14
37245,37,62,205,263,65,8,16,3,0,13,165,231,73
86245,86,44,176,217,66,2,12,0,30,11,167,153,58
56245,56,14,27,52,11,3,4,0,0,6,28,38,20
41245,41,10,38,35,14,0,4,4,13,0,27,36,5
69245,69,11,69,112,21,0,3,2,7,0,82,81,25
43245,43,10,33,35,6,1,0,0,7,6,29,33,8
15245,15,4,26,38,6,0,0,0,0,5,23,38,3
04245,04,79,352,289,64,9,15,11,43,9,313,274,75
42245,42,14,75,66,16,3,10,4,3,6,40,61,14
62246,62,2,32,18,0,0,1,0,16,0,16,16,0
02246,02,11,116,54,16,0,1,0,19,0,47,51,12
80246,80,8,44,29,5,0,0,1,4,4,35,28,6
34246,34,41,271,214,64,3,12,5,2,6,230,180,68
21246,21,5,22,21,2,4,1,0,0,0,8,23,5
14246,14,14,82,105,25,8,3,2,0,1,77,86,27
51246,51,8,30,27,4,0,0,0,0,3,1,30,8
27246,27,53,260,172,39,3,7,0,8,6,151,162,49
25246,25,3,34,29,3,5,6,4,0,0,15,29,2
78246,78,17,63,131,33,4,0,0,1,9,75,129,30
59246,59,15,71,48,17,0,0,3,0,3,58,45,11
57246,57,2,33,25,9,0,0,0,16,0,18,21,3
39246,39,9,41,43,10,4,1,0,0,4,25,38,11
64246,64,10,22,33,5,0,0,4,0,4,21,24,8
54246,54,3,8,8,5,4,5,3,0,0,0,9,2
50246,50,7,2,7,0,0,0,0,0,3,0,12,3
52246,52,17,92,50,15,6,3,7,20,7,35,54,13
88246,88,20,69,42,12,6,2,0,9,0,37,37,17
55246,55,2,27,18,4,0,0,0,0,2,7,8,1
71246,71,6,32,23,6,0,0,0,1,0,16,25,5
67246,67,32,123,119,31,5,10,0,27,2,71,111,26
2B246,2B,4,51,37,12,5,0,0,0,0,14,45,6
31246,31,20,71,104,37,0,8,6,6,4,95,79,34
08246,08,8,20,9,1,0,4,0,0,0,0,8,7
56246,56,42,176,288,78,5,23,5,28,2,187,205,75
49246,49,336,1040,1619,395,49,78,21,49,56,973,1434,381
33246,33,8,19,15,9,3,6,0,0,0,3,16,8
24246,24,9,38,49,10,0,5,3,0,3,36,38,11
77246,77,21,56,57,14,0,3,0,0,3,43,39,18
89246,89,13,50,37,7,0,4,0,8,7,36,35,8
32246,32,7,23,16,9,0,2,0,0,5,2,21,11
28246,28,14,61,56,8,4,0,1,0,0,32,59,14
38246,38,22,123,139,40,7,1,0,0,9,100,85,38
10246,10,10,31,20,8,0,2,4,0,0,13,29,9
11246,11,4,3,7,0,2,0,1,0,1,3,2,7
17246,17,11,54,64,15,4,0,0,0,5,52,54,16
63246,63,12,46,80,25,0,7,5,0,4,48,43,14
01246,01,67,234,213,56,4,14,2,14,14,157,213,48
16246,16,10,31,40,11,0,0,1,0,0,17,25,10
68246,68,32,117,95,15,5,0,1,14,6,69,95,23
45246,45,7,6,15,5,1,5,2,0,0,0,6,8
22246,22,39,148,266,74,11,20,0,0,11,166,168,87
26246,26,4,21,10,0,1,1,0,9,1,15,7,0
72246,72,10,22,22,7,1,6,1,0,6,0,35,6
09246,09,8,59,53,26,0,2,0,6,0,66,33,15
35246,35,24,81,202,60,4,12,2,0,6,108,123,60
40246,40,27,97,131,41,4,4,0,25,3,107,92,51
46246,46,0,0,7,5,5,6,3,0,0,0,8,6
29246,29,5,11,23,7,3,6,2,5,0,15,17,12
47246,47,34,191,152,41,9,17,4,23,13,149,155,40
58246,58,17,93,76,29,3,5,0,3,6,72,63,23
73246,73,10,32,35,6,3,5,0,0,4,16,23,4
42246,42,31,139,131,34,0,1,0,12,2,112,94,36
85246,85,72,215,290,49,0,19,1,9,8,162,299,52
03246,03,9,70,67,10,0,0,0,30,4,54,58,11
53246,53,46,154,237,44,13,9,0,16,4,128,242,57
12246,12,19,53,71,20,4,0,0,0,6,46,54,22
86246,86,16,69,102,28,7,9,1,0,3,75,75,33
23246,23,14,44,44,17,4,0,0,0,3,36,31,12
19246,19,42,161,250,54,10,10,0,56,6,201,157,57
30246,30,0,24,12,7,0,5,0,0,0,4,15,4
81246,81,6,16,18,1,0,0,0,0,1,0,16,6
79246,79,10,54,74,26,8,7,3,0,0,54,63,18
18246,18,28,120,122,34,5,7,4,2,9,93,94,32
37246,37,0,22,27,8,3,0,0,0,5,1,15,11
41246,41,19,56,60,15,0,7,0,0,5,38,57,14
69246,69,24,103,146,32,0,3,0,14,11,125,126,37
43246,43,18,50,50,11,0,7,0,19,0,42,40,19
15246,15,6,28,48,3,0,3,0,0,3,20,39,11
36246,36,10,28,13,1,1,0,0,16,0,12,15,1
65247,65,0,13,20,3,0,0,5,0,3,0,10,4
62247,62,10,88,50,12,4,0,1,8,0,50,44,16
80247,80,17,91,67,9,2,4,0,23,3,53,44,16
21247,21,10,75,69,20,0,7,0,16,1,50,66,15
76247,76,8,58,44,20,2,0,2,0,4,58,41,18
27247,27,9,49,27,12,3,5,0,0,3,23,29,6
25247,25,4,5,11,0,0,4,3,0,0,0,15,6
59247,59,42,206,156,50,6,5,4,2,5,178,133,38
60247,60,8,14,8,4,0,6,2,0,5,6,6,0
70247,70,11,32,21,7,0,0,1,0,6,3,20,8
51247,51,6,22,23,6,3,4,0,0,4,7,17,1
39247,39,4,5,7,5,2,5,0,0,4,0,11,0
57247,57,5,14,10,4,5,6,0,0,1,3,5,6
64247,64,13,28,56,21,0,0,0,6,4,48,32,19
54247,54,0,31,19,1,0,3,2,0,0,24,16,6
50247,50,4,15,17,2,1,0,0,5,2,19,26,8
55247,55,3,5,8,0,0,0,0,0,0,0,11,6
88247,88,43,172,118,26,11,7,3,14,7,90,111,24
52247,52,4,34,23,2,0,2,1,9,3,17,21,9
71247,71,13,41,40,8,5,6,2,0,6,12,37,11
67247,67,35,128,118,27,0,6,6,0,7,57,111,28
91247,91,14,37,71,12,4,2,2,17,4,60,43,12
49247,49,68,189,312,78,11,11,6,0,9,192,293,72
31247,31,24,115,184,61,0,11,2,0,1,142,119,61
08247,08,2,16,16,0,2,6,0,2,1,11,12,2
28247,28,17,73,55,10,1,0,0,24,0,42,61,18
77247,77,11,54,46,11,4,3,0,11,4,44,33,15
33247,33,6,10,15,3,0,3,2,7,1,9,10,10
24247,24,8,9,15,6,0,0,0,5,3,15,8,3
32247,32,9,29,36,6,6,4,5,0,0,17,20,13
01247,01,8,30,28,10,0,2,5,8,2,26,26,5
38247,38,52,245,268,75,2,6,2,68,12,233,190,69
10247,10,10,28,11,3,5,1,0,0,0,1,21,2
11247,11,0,0,9,0,0,0,5,0,4,0,4,0
17247,17,19,90,107,20,5,10,0,5,3,78,97,31
63247,63,11,45,89,20,6,4,5,25,12,57,46,15
89247,89,12,38,22,3,0,4,0,0,6,22,31,3
68247,68,50,166,116,23,3,5,1,7,11,95,142,25
45247,45,103,404,363,91,11,23,7,15,14,257,353,112
26247,26,10,51,53,9,0,4,0,3,3,48,38,14
2A247,2A,202,1847,1129,219,27,77,21,320,50,866,1623,237
72247,72,28,145,148,41,7,7,0,6,9,122,205,34
09247,09,0,28,26,9,6,2,0,0,2,16,9,10
35247,35,24,55,130,35,8,2,0,4,0,80,90,44
46247,46,5,14,15,7,0,0,0,13,3,16,16,10
40247,40,5,17,28,12,0,0,0,0,4,7,21,11
81247,81,4,26,23,6,0,3,3,0,0,23,23,13
34247,34,83,587,443,129,10,8,10,59,17,521,377,138
30247,30,4,38,29,1,4,4,1,0,0,17,25,4
29247,29,66,239,519,183,13,13,15,79,10,336,304,175
58247,58,9,59,59,11,0,0,6,22,0,46,46,13
47247,47,5,27,25,3,1,0,0,1,5,23,14,11
73247,73,25,94,111,25,0,10,5,0,1,79,102,29
07247,07,13,82,78,15,7,6,4,0,6,67,66,22
42247,42,9,39,37,8,2,0,0,12,5,35,26,6
85247,85,23,100,132,27,3,1,6,2,0,67,133,30
03247,03,29,115,119,26,1,2,1,30,7,98,93,22
53247,53,64,175,295,61,4,16,9,12,8,149,286,58
12247,12,13,29,45,13,3,0,1,3,3,45,41,11
86247,86,10,49,61,14,0,3,4,0,0,45,46,17
23247,23,41,172,197,69,7,9,5,6,4,175,162,60
19247,19,8,22,31,2,0,6,5,0,5,0,21,8
18247,18,12,82,72,12,4,3,0,14,0,63,64,12
37247,37,21,65,69,21,0,2,5,12,3,55,57,14
41247,41,41,206,170,47,1,9,2,0,1,131,173,45
56247,56,82,309,504,114,19,27,7,0,15,283,368,134
43247,43,1,4,14,4,4,2,1,0,2,0,13,2
15247,15,0,7,3,0,3,3,0,0,0,0,4,3
36247,36,34,146,121,39,8,13,6,0,6,102,117,44
62248,62,9,70,37,12,1,0,4,0,6,26,35,14
41248,41,35,154,124,28,7,9,10,6,14,86,124,28
02248,02,6,31,18,0,0,0,0,0,0,4,17,0
80248,80,6,72,52,8,7,8,0,0,5,34,30,5
21248,21,1,12,10,7,0,0,0,0,0,5,5,3
14248,14,8,20,26,10,0,2,0,9,3,18,18,3
27248,27,3,35,25,1,0,4,1,0,5,12,18,3
60248,60,4,34,20,3,6,3,0,0,5,17,16,4
70248,70,53,256,152,34,3,13,4,5,6,120,134,43
51248,51,56,262,201,49,12,11,8,0,13,119,222,42
39248,39,2,4,7,3,0,0,0,0,0,1,0,2
57248,57,2,9,13,0,0,0,1,5,0,7,7,4
54248,54,0,19,11,7,0,6,3,0,0,2,5,0
55248,55,9,52,31,9,0,0,0,3,0,18,27,8
52248,52,18,74,42,14,6,7,0,0,0,33,45,12
88248,88,12,34,21,5,0,2,0,0,0,10,21,3
67248,67,49,224,178,52,12,10,4,20,7,116,188,40
91248,91,10,15,19,1,0,0,4,0,0,22,8,2
31248,31,100,464,720,234,17,28,19,15,20,630,460,220
71248,71,23,88,79,15,0,9,0,0,0,62,60,27
65248,65,10,17,26,10,0,6,0,0,4,14,19,12
08248,08,17,94,56,9,0,6,0,27,1,52,47,10
28248,28,10,36,33,10,0,3,0,6,4,26,37,12
25248,25,15,55,58,15,4,8,0,0,7,19,55,11
77248,77,23,68,74,22,7,6,4,0,0,58,52,22
33248,33,52,230,319,86,8,20,2,26,12,254,204,100
24248,24,2,37,37,13,4,2,4,0,0,25,27,14
61248,61,11,72,54,16,2,6,5,0,1,30,70,16
32248,32,7,11,12,3,1,3,0,23,3,9,9,1
89248,89,5,2,1,4,0,2,5,0,0,0,11,0
01248,01,60,300,245,56,6,11,0,29,10,166,247,58
38248,38,13,60,76,15,7,0,5,0,6,50,50,21
10248,10,10,60,40,10,0,0,3,13,1,24,55,9
11248,11,0,9,8,5,0,2,0,0,0,9,10,8
17248,17,28,105,127,28,0,10,0,14,7,101,97,25
63248,63,17,76,117,27,0,9,2,8,6,95,68,35
68248,68,20,93,75,10,1,0,5,0,0,54,74,21
49248,49,221,640,1039,237,42,51,9,48,29,603,894,246
16248,16,4,27,25,5,1,1,0,0,4,18,15,11
45248,45,60,215,203,55,10,1,1,25,16,138,188,44
22248,22,42,143,257,73,10,8,5,0,8,155,166,83
26248,26,8,21,21,10,2,3,0,0,2,9,9,2
2B248,2B,0,11,16,4,0,3,0,6,4,7,13,0
72248,72,13,76,82,25,7,5,1,1,6,69,104,21
35248,35,13,28,64,13,0,0,5,9,6,39,39,14
40248,40,43,166,204,81,0,8,1,20,6,167,156,80
30248,30,6,57,37,13,6,0,0,7,0,52,37,14
29248,29,16,48,105,47,0,9,5,0,6,64,76,48
81248,81,24,85,76,23,4,8,2,5,8,78,69,24
07248,07,9,39,27,8,0,2,0,2,3,36,32,5
73248,73,164,658,684,178,18,42,9,22,34,535,608,184
47248,47,11,71,59,14,0,8,3,0,5,26,53,20
42248,42,31,121,112,31,0,8,2,11,1,108,106,26
58248,58,6,32,29,8,5,5,0,0,0,12,17,4
85248,85,15,44,58,11,5,8,5,0,0,19,49,6
03248,03,9,27,16,2,4,0,3,0,6,13,17,0
53248,53,3,7,16,0,0,0,0,26,0,9,21,0
86248,86,15,58,64,26,0,9,6,0,7,51,44,21
12248,12,10,40,63,12,5,0,0,10,1,48,55,20
23248,23,8,41,43,10,0,1,1,2,5,39,33,9
19248,19,22,64,102,19,1,8,0,0,0,72,72,27
34248,34,18,119,94,21,0,0,3,0,5,100,74,30
18248,18,6,55,43,12,1,3,0,0,3,42,36,7
37248,37,6,24,36,6,0,0,0,5,6,36,38,6
56248,56,116,412,679,168,18,31,11,12,22,396,476,188
69248,69,101,395,662,166,16,19,6,36,29,458,567,171
15248,15,18,50,79,22,0,0,0,9,6,43,74,22
36248,36,7,26,20,5,2,7,3,0,1,16,23,12
62249,62,152,1051,578,156,41,17,7,8,23,561,423,162
02249,02,3,10,10,4,2,4,1,0,4,0,13,2
80249,80,4,40,33,5,5,2,0,14,6,24,19,7
21249,21,21,78,81,13,5,7,0,0,0,45,74,17
14249,14,40,138,176,42,10,13,5,7,3,125,147,56
76249,76,21,91,83,20,3,9,0,0,2,72,55,23
51249,51,6,49,38,9,2,4,1,15,4,26,49,7
27249,27,32,151,103,33,0,3,0,21,2,99,110,22
25249,25,4,0,12,7,5,0,1,0,0,0,3,2
91249,91,132,272,471,113,14,8,2,54,8,393,320,121
60249,60,1,34,18,2,0,0,0,0,3,19,21,7
59249,59,246,1516,1034,303,34,44,16,127,31,1059,898,300
70249,70,3,20,14,6,0,3,3,7,2,10,9,1
39249,39,3,9,7,0,2,2,1,0,3,0,13,7
57249,57,13,46,29,7,0,0,2,0,6,24,29,3
64249,64,27,95,205,53,7,13,0,60,9,148,128,62
54249,54,8,32,20,8,0,0,0,0,0,15,21,11
52249,52,1,29,14,0,3,3,0,0,1,1,17,6
88249,88,7,3,11,1,1,2,3,0,0,0,13,7
67249,67,3,24,23,1,0,3,5,13,0,17,19,3
72249,72,15,81,77,25,3,7,6,13,6,77,117,17
31249,31,18,101,162,43,0,5,6,22,1,139,102,52
71249,71,36,130,122,30,8,4,6,11,5,97,112,34
65249,65,6,9,9,0,0,1,5,0,3,11,4,0
08249,08,6,37,18,1,0,0,5,13,2,24,15,8
15249,15,0,10,16,0,0,5,0,0,0,10,7,5
33249,33,316,1307,1846,547,50,107,26,154,76,1534,1239,560
77249,77,226,838,851,203,18,39,21,51,53,737,653,222
32249,32,48,204,230,74,2,11,8,48,11,210,188,85
89249,89,0,14,9,0,0,1,0,1,1,3,10,2
01249,01,278,1086,991,214,26,39,7,121,43,688,917,218
38249,38,123,570,611,177,12,31,3,29,16,477,434,176
10249,10,9,65,40,5,1,0,0,1,7,34,58,13
11249,11,0,15,10,0,0,5,0,0,5,12,5,0
17249,17,1,16,19,4,0,5,5,7,0,16,14,1
28249,28,20,68,68,12,0,5,4,9,3,41,66,18
63249,63,11,52,75,23,7,6,2,0,3,39,40,24
16249,16,10,24,31,7,2,7,0,0,0,32,29,4
68249,68,114,442,325,61,7,13,7,47,30,217,363,74
45249,45,26,115,114,28,6,9,0,0,2,77,104,26
22249,22,13,54,85,20,0,1,0,8,0,57,53,27
26249,26,16,78,61,22,1,8,0,0,4,66,62,15
2A249,2A,51,430,282,50,9,16,0,53,13,218,404,59
09249,09,4,17,22,11,5,3,1,0,6,0,5,6
40249,40,14,38,58,26,4,4,3,0,4,40,42,23
46249,46,3,12,23,7,0,3,0,0,6,9,13,4
30249,30,16,152,103,20,4,7,5,32,0,103,80,20
34249,34,57,359,289,74,7,15,3,2,15,340,260,82
79249,79,60,195,267,72,11,21,6,0,15,170,198,83
29249,29,10,41,91,40,3,4,0,25,0,62,55,32
73249,73,36,171,188,45,3,14,2,25,6,145,166,50
07249,07,3,14,18,8,0,5,5,0,3,0,9,2
42249,42,39,180,172,43,5,7,7,43,5,145,143,38
47249,47,10,37,36,15,0,0,0,19,2,30,29,8
58249,58,8,30,30,3,3,0,0,0,4,13,22,9
03249,03,4,27,18,4,0,0,0,12,2,16,17,2
74249,74,75,231,305,58,6,7,0,43,23,188,315,63
12249,12,1,16,32,2,0,0,3,14,3,23,23,12
23249,23,11,19,28,5,0,0,5,0,3,23,20,5
19249,19,4,38,47,10,3,8,5,0,3,32,31,14
35249,35,19,60,140,46,4,6,3,0,1,72,83,39
81249,81,15,97,82,23,0,6,3,18,4,87,74,21
86249,86,4,14,26,2,4,1,0,0,3,18,14,2
18249,18,8,51,36,10,0,0,0,8,6,37,45,6
37249,37,29,128,165,50,8,9,0,0,8,116,129,43
41249,41,29,133,101,25,0,8,3,22,0,82,124,27
56249,56,53,214,315,83,2,7,3,8,3,186,237,90
69249,69,67,235,363,99,16,8,4,26,8,254,301,95
43249,43,19,58,59,9,0,9,3,14,5,43,55,15
53249,53,31,91,146,38,10,4,5,0,3,93,159,36
62250,62,257,1729,917,250,44,59,12,34,40,943,727,269
02250,02,7,0,9,6,4,2,2,0,4,0,0,3
80250,80,5,57,44,11,6,0,1,0,0,20,32,7
14250,14,12,31,35,7,6,1,3,0,4,22,35,14
21250,21,3,9,15,9,0,6,3,0,0,1,12,6
76250,76,31,123,116,29,2,11,0,0,0,121,100,31
51250,51,154,741,532,109,16,26,4,53,26,398,556,124
95250,95,170,679,1019,279,12,36,10,24,50,926,730,254
60250,60,9,62,36,5,6,0,0,16,3,40,42,9
59250,59,43,304,215,62,13,16,5,0,17,230,177,70
70250,70,13,79,51,9,6,8,0,0,0,29,49,15
39250,39,8,20,17,6,3,0,0,0,0,13,13,9
57250,57,56,221,171,33,8,11,8,16,10,143,131,44
64250,64,21,59,110,41,6,8,0,24,8,87,84,39
54250,54,11,94,70,17,7,8,6,8,2,66,60,17
55250,55,4,37,18,1,0,6,2,0,3,6,20,3
88250,88,10,54,48,14,0,0,1,0,5,35,39,11
52250,52,86,424,242,50,11,18,2,15,16,188,260,57
67250,67,21,95,91,19,0,0,5,4,4,61,94,25
69250,69,87,323,535,136,17,15,9,8,19,369,475,136
31250,31,15,59,92,33,7,3,2,20,0,83,69,25
71250,71,36,137,125,34,0,3,5,0,9,89,111,28
65250,65,4,10,10,0,1,5,5,0,0,0,13,9
08250,08,9,22,9,6,1,1,0,8,2,14,12,0
77250,77,7,18,12,3,3,5,3,0,2,9,11,2
33250,33,6,28,54,15,0,4,0,1,0,44,30,11
32250,32,7,6,9,8,0,0,0,0,5,1,6,8
01250,01,49,207,185,36,4,12,6,0,14,103,180,46
38250,38,10,65,61,12,6,0,2,0,0,55,50,17
10250,10,7,35,16,6,3,4,3,1,1,10,33,4
11250,11,0,1,5,5,5,5,0,0,1,0,0,0
17250,17,16,47,52,15,0,6,3,13,2,40,57,10
89250,89,4,25,22,9,0,0,0,0,6,0,10,9
63250,63,19,88,117,35,6,9,0,2,7,100,72,36
16250,16,4,20,24,5,0,2,0,15,0,25,18,10
68250,68,35,140,105,31,0,4,2,12,10,81,117,21
45250,45,7,29,32,7,0,6,3,0,4,2,29,9
26250,26,79,374,328,100,17,12,2,20,8,293,288,101
22250,22,16,79,131,36,0,7,0,20,0,87,79,36
2B250,2B,5,37,16,2,0,6,0,2,0,19,25,9
72250,72,8,13,17,9,5,0,5,0,0,0,32,6
09250,09,5,8,13,1,0,0,5,11,0,10,12,1
35250,35,36,129,272,80,11,7,3,3,6,202,175,97
40250,40,19,71,91,29,0,1,3,0,1,76,69,35
46250,46,0,7,7,7,2,4,0,0,2,0,12,8
34250,34,11,40,28,7,0,5,0,13,0,30,21,5
30250,30,8,52,37,14,0,2,3,5,0,39,29,8
81250,81,5,25,23,6,3,0,0,11,0,30,26,13
29250,29,19,51,120,40,0,7,5,0,4,57,77,46
07250,07,15,56,50,13,0,0,4,0,0,35,46,20
73250,73,39,150,164,35,4,5,6,36,3,126,145,47
47250,47,0,15,7,4,0,4,0,8,6,7,15,2
58250,58,54,209,195,57,1,15,4,21,0,170,146,58
85250,85,58,189,261,56,6,12,2,12,1,143,257,45
03250,03,9,34,41,5,6,0,0,6,1,29,37,15
74250,74,145,502,656,144,5,31,11,69,43,438,669,153
53250,53,7,30,35,7,0,7,0,13,0,18,42,11
12250,12,5,19,33,4,3,6,5,18,0,23,29,5
23250,23,8,28,33,13,1,7,4,0,0,25,30,15
79250,79,6,40,55,12,4,0,5,0,1,29,39,11
86250,86,10,24,25,13,6,7,1,0,0,14,15,11
19250,19,10,60,92,25,1,6,0,0,4,58,59,25
18250,18,0,10,4,0,0,0,0,7,0,5,1,4
37250,37,58,205,271,83,3,21,2,24,11,205,227,77
41250,41,15,59,57,17,6,6,3,0,2,24,51,16
56250,56,11,52,90,27,1,6,0,0,7,36,67,17
43250,43,1,3,13,5,2,0,1,0,0,0,8,4
15250,15,6,47,70,11,2,4,0,3,5,41,64,9
62251,62,10,92,54,15,0,2,0,0,7,47,34,16
02251,02,1,8,4,0,0,0,5,0,1,2,2,0
80251,80,12,51,34,7,4,2,0,0,5,24,24,10
21251,21,3,24,32,12,0,3,1,0,1,13,18,11
14251,14,7,41,53,17,4,0,0,0,0,47,50,18
76251,76,8,54,46,12,1,1,3,11,0,38,32,11
51251,51,3,28,23,3,1,0,0,0,2,8,27,9
27251,27,16,71,43,14,0,4,3,0,1,38,45,11
60251,60,3,44,24,7,0,5,0,0,1,23,29,4
25251,25,3,20,25,10,3,0,3,0,4,11,13,0
70251,70,0,15,13,2,3,5,3,0,6,0,12,1
59251,59,11,48,32,12,1,2,0,0,6,16,34,12
39251,39,11,50,37,12,3,0,0,0,7,43,41,14
57251,57,12,49,31,6,3,0,5,0,3,19,33,12
64251,64,6,15,30,10,3,5,0,4,2,26,15,10
54251,54,3,10,15,7,0,4,0,4,2,12,5,0
50251,50,9,41,47,19,5,4,0,0,0,34,39,12
55251,55,1,12,9,0,2,0,4,16,0,5,7,3
88251,88,35,164,110,26,9,12,4,24,10,103,103,25
52251,52,38,161,107,12,6,13,5,31,3,68,97,14
31251,31,0,19,26,8,0,1,1,0,0,16,12,2
71251,71,24,72,76,15,3,8,5,0,8,50,67,20
65251,65,38,164,237,64,11,8,6,38,8,209,124,62
77251,77,261,965,991,230,34,27,20,7,52,847,773,244
33251,33,16,72,106,32,1,6,0,16,0,83,61,26
08251,08,7,7,6,0,1,2,0,12,0,3,3,0
24251,24,9,57,65,18,7,7,0,5,0,54,48,12
61251,61,1,20,19,2,1,0,0,0,1,11,17,2
79251,79,26,67,102,24,8,1,1,18,0,66,68,27
89251,89,11,65,46,7,0,2,0,0,4,26,48,5
10251,10,6,41,29,1,3,4,2,1,0,26,40,11
32251,32,1,8,9,5,0,0,5,0,0,0,10,0
28251,28,32,121,105,24,3,9,1,18,6,83,109,24
63251,63,11,25,50,16,1,4,5,0,0,28,22,12
16251,16,3,27,32,10,6,3,2,0,2,12,14,8
68251,68,37,120,100,21,3,9,0,10,2,60,111,21
45251,45,5,40,36,6,2,6,1,0,3,19,33,5
22251,22,149,583,1049,331,36,44,0,54,29,724,686,316
26251,26,13,50,40,9,3,2,2,9,0,50,43,7
2B251,2B,52,481,325,75,10,17,11,59,10,226,446,73
72251,72,2,33,32,10,1,3,3,15,0,28,47,5
09251,09,6,18,18,13,0,2,4,0,1,25,11,5
35251,35,90,249,549,167,11,26,10,18,9,334,348,161
40251,40,7,27,42,19,4,0,0,18,0,36,30,10
46251,46,69,237,379,101,10,25,0,37,4,314,245,109
34251,34,9,51,44,18,0,3,0,0,5,50,41,15
30251,30,11,73,48,9,0,0,2,4,0,42,33,15
81251,81,22,111,102,32,3,8,0,17,8,102,81,28
29251,29,17,53,103,36,3,7,0,0,0,48,64,33
07251,07,9,14,20,4,3,0,0,0,1,9,21,8
42251,42,21,84,75,20,7,6,2,0,1,54,55,13
58251,58,13,58,49,12,1,3,4,11,0,46,32,10
47251,47,9,39,33,7,5,2,2,0,1,23,33,10
85251,85,15,47,70,9,0,9,2,6,3,47,69,18
03251,03,11,34,36,7,0,4,0,19,3,31,38,10
53251,53,7,26,56,6,6,5,2,0,6,23,58,8
12251,12,5,40,48,9,2,1,7,0,10,33,36,15
19251,19,2,28,44,14,3,4,0,0,3,29,24,5
41251,41,14,50,48,11,2,4,0,11,1,39,51,9
37251,37,19,79,95,30,2,9,0,0,5,48,83,27
18251,18,0,0,12,4,5,0,2,0,5,0,1,6
23251,23,0,9,19,6,0,0,0,2,0,10,15,5
56251,56,193,727,1161,306,32,52,22,96,26,678,834,296
11251,11,14,107,85,22,0,0,7,9,0,80,66,23
43251,43,85,337,354,85,12,25,3,73,4,268,262,80
15251,15,7,14,24,6,0,5,4,0,0,16,14,0
02252,02,6,0,12,5,5,0,2,0,0,0,1,7
80252,80,9,37,30,6,0,0,0,9,0,21,26,5
14252,14,1,27,30,3,6,5,4,0,0,17,21,3
21252,21,0,10,11,4,5,0,5,0,3,1,6,0
76252,76,27,123,105,27,9,8,5,21,0,114,91,26
51252,51,11,76,54,15,1,7,4,0,3,18,49,15
27252,27,12,48,32,11,3,5,0,0,0,20,25,8
25252,25,7,5,11,2,1,4,2,0,3,0,12,5
60252,60,10,78,42,8,0,0,0,11,0,41,36,14
70252,70,9,28,12,5,1,0,1,1,6,13,17,2
95252,95,577,2198,3339,885,60,151,43,179,156,3154,2457,923
59252,59,65,379,260,83,1,15,8,2,12,280,207,81
39252,39,23,74,65,21,7,9,2,0,0,55,60,20
57252,57,10,72,45,11,0,8,2,0,3,47,37,17
64252,64,17,57,99,30,1,10,0,37,0,78,65,31
54252,54,8,48,49,17,0,0,0,0,5,25,34,17
50252,50,25,86,106,20,0,9,0,0,3,60,92,25
55252,55,6,25,14,0,1,5,4,0,0,2,8,0
88252,88,10,19,20,0,0,3,5,0,0,8,15,0
67252,67,36,127,123,27,9,2,0,0,8,58,115,28
62252,62,70,493,263,71,15,11,1,14,7,245,191,64
31252,31,43,162,255,87,0,10,0,35,13,214,148,68
71252,71,15,46,46,8,0,6,0,2,2,36,37,17
65252,65,10,74,92,30,6,1,0,24,1,83,56,23
17252,17,6,27,39,10,0,0,0,12,0,29,27,9
56252,56,29,146,217,55,0,8,2,14,7,126,167,54
46252,46,7,26,49,10,3,0,1,13,1,54,22,14
77252,77,13,51,59,17,3,0,1,5,4,57,43,12
33252,33,21,58,87,22,4,8,6,12,4,75,63,32
08252,08,8,22,16,8,4,0,2,0,3,0,7,1
24252,24,22,80,99,26,6,10,4,0,6,82,71,27
61252,61,1,19,24,2,0,0,0,13,0,10,16,4
89252,89,2,21,12,2,2,1,0,19,0,18,16,1
28252,28,11,19,23,7,4,0,5,0,5,0,18,10
32252,32,16,88,106,39,8,6,0,41,2,103,84,38
01252,01,22,100,82,22,0,1,4,7,4,63,72,14
38252,38,9,35,46,10,0,0,0,2,6,42,24,12
10252,10,0,14,9,0,4,4,1,0,0,0,9,0
11252,11,4,48,29,14,5,4,0,0,5,14,23,13
63252,63,7,38,45,18,0,1,1,1,3,44,27,10
16252,16,0,17,20,7,0,1,5,0,0,8,9,6
68252,68,49,222,145,41,5,8,4,0,5,108,181,37
45252,45,144,582,592,149,25,21,16,24,14,378,532,147
26252,26,252,1142,1045,271,40,59,7,59,44,951,851,277
2B252,2B,3,36,27,7,0,0,0,21,2,26,37,1
72252,72,22,127,127,34,6,4,6,7,2,115,162,30
09252,09,6,6,7,3,3,0,1,0,5,0,9,1
35252,35,21,70,134,39,0,6,0,3,0,100,98,36
34252,34,5,30,35,12,2,3,5,0,1,26,21,8
30252,30,6,29,25,8,6,5,1,0,6,7,23,8
81252,81,5,20,11,6,3,4,4,0,0,11,11,8
79252,79,10,32,44,7,2,0,0,0,0,24,31,8
29252,29,20,60,147,59,0,9,2,0,0,88,85,55
42252,42,2,28,34,2,4,2,5,3,5,20,23,7
73252,73,13,27,34,13,6,0,3,0,1,14,30,8
58252,58,4,23,20,10,5,0,2,0,2,0,14,10
85252,85,14,54,81,17,0,0,0,1,5,44,76,12
03252,03,10,60,63,15,0,6,5,17,0,59,60,20
74252,74,27,67,82,15,6,8,0,5,0,55,99,18
40252,40,7,59,63,28,4,4,0,11,0,65,48,23
47252,47,131,659,557,144,13,15,6,130,21,506,481,148
12252,12,11,38,68,10,0,0,3,32,1,46,46,9
86252,86,22,58,80,27,0,8,0,0,3,60,52,21
19252,19,7,34,66,12,4,2,4,1,0,55,40,21
18252,18,14,40,34,11,2,4,2,0,0,27,27,7
37252,37,11,32,56,14,0,2,0,7,4,41,36,14
41252,41,57,194,165,43,6,8,6,21,7,117,167,46
23252,23,6,14,17,3,0,3,0,0,5,9,15,8
69252,69,11,62,91,23,5,0,0,12,1,76,94,22
43252,43,5,2,7,1,0,2,0,0,0,0,4,4
15252,15,5,35,62,8,0,0,0,20,3,39,46,7
62253,62,2,13,3,2,5,5,0,0,0,0,7,7
02253,02,13,69,35,12,3,0,0,0,1,28,28,11
80253,80,133,797,571,126,21,30,14,43,15,480,452,113
21253,21,9,17,14,3,0,4,0,2,2,15,10,2
76253,76,22,95,73,20,2,10,0,1,8,78,71,23
51253,51,11,33,23,3,6,0,0,0,0,21,30,4
25253,25,12,44,39,14,0,7,0,0,0,17,38,6
60253,60,12,70,50,11,0,7,0,0,1,31,38,7
70253,70,6,44,24,10,0,3,3,6,2,15,21,2
59253,59,160,847,554,168,26,24,8,54,23,617,464,159
95253,95,14,48,65,21,0,0,1,0,8,39,41,21
39253,39,4,32,22,12,1,6,0,2,2,28,24,7
57253,57,18,73,50,19,0,8,2,0,0,32,48,7
64253,64,8,34,61,21,2,7,3,0,2,34,37,21
54253,54,18,84,72,17,4,0,0,8,7,65,58,24
50253,50,2,19,21,2,0,0,0,19,0,16,18,2
88253,88,17,94,77,23,0,4,4,20,0,52,57,18
52253,52,3,36,20,6,0,4,0,0,0,1,14,9
67253,67,28,89,72,24,5,7,4,0,6,26,82,15
31253,31,49,199,323,100,5,8,10,42,13,282,208,109
65253,65,1,8,2,0,4,0,1,0,0,2,8,5
71253,71,31,124,113,24,0,2,0,0,9,73,96,30
49253,49,27,85,135,29,2,7,0,7,2,77,117,36
38253,38,54,243,286,85,8,18,11,10,2,218,176,67
55253,55,28,108,60,20,0,4,2,2,2,48,68,17
43253,43,7,38,31,8,6,7,0,0,4,16,29,12
77253,77,11,37,31,12,0,3,2,0,0,25,28,4
33253,33,21,89,131,35,4,6,0,29,9,108,95,40
24253,24,58,208,246,74,20,29,20,42,18,171,187,67
89253,89,10,21,20,3,0,4,5,0,0,10,21,3
28253,28,32,130,115,25,4,5,3,0,6,71,99,31
32253,32,16,51,64,18,6,2,5,21,0,47,41,16
10253,10,9,9,18,8,0,6,5,0,0,0,22,4
11253,11,12,123,87,26,3,5,0,8,8,98,65,24
17253,17,33,124,136,28,2,10,0,8,9,96,112,30
63253,63,0,18,31,7,1,5,0,0,5,18,21,10
68253,68,67,236,176,38,9,9,0,13,15,139,207,48
16253,16,18,33,39,5,4,9,7,0,0,31,28,5
45253,45,52,186,203,47,8,5,5,9,17,133,165,49
26253,26,1,0,15,6,5,2,0,0,3,0,12,8
2A253,2A,3,7,14,7,5,1,0,0,0,0,18,6
72253,72,59,268,273,61,6,22,3,40,7,234,375,67
09253,09,6,46,38,14,0,0,3,10,0,47,22,16
35253,35,65,203,438,129,11,4,3,52,1,290,264,149
46253,46,0,15,26,4,0,0,4,13,5,32,19,3
40253,40,7,45,68,29,0,0,0,19,0,48,41,27
30253,30,25,167,105,25,0,7,0,19,1,132,90,27
34253,34,3,1,7,6,4,0,0,0,0,0,4,0
79253,79,18,53,83,19,7,0,0,0,4,55,62,19
81253,81,12,53,59,15,0,0,0,6,3,53,50,14
07253,07,8,31,24,9,1,3,0,0,1,17,15,12
42253,42,36,150,156,31,5,8,6,0,5,111,117,36
73253,73,10,54,51,10,2,7,5,6,1,38,41,12
03253,03,8,42,39,14,0,5,0,7,0,35,31,14
53253,53,9,24,46,10,3,6,0,13,0,24,47,5
74253,74,26,109,135,26,4,1,6,0,6,80,142,31
58253,58,5,14,11,7,2,2,2,0,1,0,11,1
47253,47,12,65,65,19,1,0,3,8,0,53,54,17
12253,12,31,82,121,26,1,8,2,37,3,92,101,34
86253,86,12,55,58,14,1,9,0,10,7,51,40,20
19253,19,9,27,28,11,1,6,0,1,0,22,16,10
18253,18,12,63,54,17,1,2,0,0,1,37,41,16
37253,37,9,19,25,9,5,2,5,0,0,0,16,4
41253,41,10,38,35,12,0,2,5,0,0,11,30,8
23253,23,2,17,23,1,0,0,4,0,0,16,16,10
56253,56,16,58,79,17,3,8,4,0,3,43,55,23
69253,69,12,58,85,23,1,7,1,0,3,55,82,18
15253,15,0,8,7,3,0,4,0,2,3,2,13,3
62254,62,15,110,50,14,2,5,0,5,5,54,43,10
02254,02,0,16,7,8,0,0,0,0,4,11,14,4
14254,14,43,147,187,43,1,11,0,11,0,144,154,47
76254,76,31,172,155,42,7,14,0,22,5,157,134,43
51254,51,3,29,23,6,5,2,4,8,3,12,29,2
27254,27,22,126,79,21,1,1,0,27,2,78,74,23
60254,60,16,72,50,14,0,2,1,0,0,29,46,7
59254,59,18,115,84,24,0,0,4,0,3,87,67,29
70254,70,3,38,32,8,0,6,0,6,3,16,19,6
95254,95,15,38,61,12,1,7,5,0,6,56,47,11
39254,39,4,9,16,2,5,5,2,0,3,0,15,0
57254,57,29,117,90,23,9,4,1,12,2,71,80,26
64254,64,7,32,64,22,3,1,2,15,7,52,55,26
54254,54,74,325,292,81,21,26,8,23,19,240,214,81
88254,88,7,11,6,6,0,6,5,0,0,0,11,3
67254,67,25,109,100,26,2,0,0,0,6,51,92,20
21254,21,10,14,18,2,1,1,2,7,0,14,22,5
31254,31,62,260,409,128,14,21,6,25,8,370,259,134
52254,52,0,14,4,7,5,0,0,0,5,0,11,5
65254,65,6,17,24,9,5,0,0,0,0,8,17,2
71254,71,7,18,10,9,0,0,0,0,3,7,19,0
41254,41,5,26,28,9,0,0,0,0,0,18,18,8
25254,25,35,152,136,36,4,8,0,4,12,120,141,42
55254,55,0,8,17,0,1,5,6,0,4,7,7,10
08254,08,20,94,59,14,7,5,6,0,5,30,52,12
77254,77,35,144,126,28,1,4,6,0,7,125,114,32
33254,33,10,41,62,15,3,1,0,0,2,34,42,20
24254,24,1,26,28,10,4,0,5,0,3,8,17,4
32254,32,12,42,43,18,0,4,3,0,3,28,32,10
28254,28,28,96,79,29,8,5,7,0,0,36,87,15
01254,01,69,271,262,63,8,13,3,0,10,153,238,59
38254,38,14,56,50,10,0,5,0,1,5,43,36,19
10254,10,16,49,33,10,0,0,3,12,0,23,42,2
11254,11,34,230,167,60,11,10,4,3,11,193,141,42
89254,89,20,89,55,10,6,6,0,3,3,43,52,16
17254,17,5,26,25,11,2,0,0,0,0,0,21,11
63254,63,45,186,286,81,7,4,0,56,9,229,173,88
16254,16,11,32,33,12,5,0,0,0,4,11,26,4
68254,68,26,106,82,17,0,10,1,5,10,50,83,20
45254,45,66,287,274,73,10,15,9,6,6,199,248,61
26254,26,6,6,3,4,0,0,0,0,0,4,1,0
22254,22,17,80,142,45,9,9,0,9,0,110,91,39
2A254,2A,2,47,30,7,3,6,3,8,0,28,49,6
72254,72,8,32,26,4,1,0,1,2,0,19,35,11
09254,09,0,26,28,11,1,7,0,9,0,28,13,5
46254,46,4,13,26,4,0,0,2,5,1,27,15,7
40254,40,12,38,45,16,0,4,5,14,0,34,28,15
34254,34,15,129,92,21,0,1,1,15,3,114,77,25
30254,30,30,279,177,55,3,2,1,6,11,186,173,54
79254,79,6,40,50,20,0,6,2,0,3,33,43,17
81254,81,8,35,41,7,2,0,4,4,1,46,38,14
07254,07,20,102,103,23,0,5,4,17,9,96,81,27
42254,42,23,88,92,21,1,0,2,7,8,73,74,22
47254,47,5,30,32,10,2,7,3,0,6,10,30,13
58254,58,16,76,71,21,2,6,3,0,3,29,53,16
29254,29,78,277,585,227,20,30,2,42,10,411,357,225
85254,85,55,168,213,47,10,6,10,3,13,138,210,50
03254,03,127,557,548,144,16,27,4,21,19,457,483,133
74254,74,15,51,71,14,0,4,1,13,8,41,66,19
73254,73,0,21,21,1,0,4,1,0,1,2,17,8
12254,12,46,187,298,63,2,11,5,98,10,224,239,76
86254,86,27,114,146,46,9,6,0,0,4,106,109,45
18254,18,17,73,65,14,2,1,5,14,8,58,64,13
19254,19,5,17,23,3,0,2,1,6,0,22,13,9
37254,37,38,151,192,59,1,11,6,19,10,145,153,49
23254,23,12,28,28,16,4,0,0,0,2,30,24,15
56254,56,26,103,168,51,0,5,3,12,5,102,117,46
69254,69,17,58,104,25,2,0,2,10,0,77,96,30
43254,43,4,29,28,6,0,0,0,11,0,22,23,1
15254,15,5,14,21,4,0,3,0,1,0,10,12,8
62255,62,13,140,67,14,7,0,2,10,2,70,56,25
02255,02,5,17,12,0,0,1,1,2,2,13,7,4
21255,21,11,31,32,7,1,0,3,9,0,23,27,6
76255,76,176,917,793,229,31,53,10,78,34,812,644,224
51255,51,0,0,2,0,4,0,0,0,3,0,0,1
25255,25,8,46,43,13,0,0,0,1,1,29,39,13
78255,78,64,228,533,125,3,15,0,55,8,291,464,107
70255,70,16,91,61,13,0,4,1,0,0,40,57,14
59255,59,18,76,57,17,0,3,3,0,2,60,54,17
60255,60,9,54,33,6,0,1,0,6,0,30,27,8
39255,39,1,25,27,8,5,0,5,0,0,12,22,8
57255,57,13,93,63,14,6,8,6,12,3,51,50,23
64255,64,6,44,77,23,0,3,2,4,6,60,57,19
54255,54,0,16,13,0,0,3,0,0,1,5,12,1
55255,55,7,38,20,2,3,1,0,11,0,17,27,10
88255,88,3,14,7,0,5,0,0,0,6,0,12,7
22255,22,12,60,108,31,3,9,0,10,0,84,77,31
31255,31,10,34,45,10,2,1,0,0,1,26,34,18
67255,67,14,65,62,19,7,8,5,0,8,8,51,20
65255,65,4,2,3,6,1,0,0,3,0,5,0,1
18255,18,31,111,99,22,4,7,3,20,2,94,91,19
26255,26,4,2,3,3,0,0,0,0,3,0,0,4
71255,71,9,16,20,8,4,2,0,0,6,0,18,6
08255,08,7,22,19,8,6,0,0,0,0,8,12,4
77255,77,63,234,234,65,0,9,10,17,13,193,178,59
33255,33,5,25,39,6,6,0,0,13,1,27,25,6
24255,24,16,67,65,17,0,9,4,4,6,82,52,21
61255,61,11,67,53,14,4,5,0,0,7,22,65,15
89255,89,31,155,108,31,0,1,0,0,9,70,107,25
32255,32,4,17,18,11,0,3,4,0,6,4,19,2
28255,28,0,11,15,0,0,0,5,13,0,7,18,0
01255,01,11,70,65,15,6,6,0,0,0,37,57,8
38255,38,0,17,17,8,2,1,0,0,0,9,5,3
11255,11,29,203,146,49,4,13,6,0,1,141,113,46
10255,10,7,46,31,6,0,0,0,0,3,17,29,7
17255,17,15,63,72,15,2,5,1,34,1,56,69,15
63255,63,12,54,82,17,10,3,2,0,8,51,50,28
16255,16,2,12,23,1,3,0,0,0,1,11,12,7
68255,68,46,201,155,30,10,4,1,9,14,105,179,30
45255,45,8,50,56,10,0,4,1,2,1,29,45,13
2B255,2B,0,23,15,6,3,2,3,2,0,8,16,0
72255,72,18,89,81,27,0,10,2,0,0,79,117,19
09255,09,0,3,8,0,0,0,0,0,0,2,8,4
35255,35,24,65,153,47,0,4,2,6,0,102,88,39
46255,46,12,28,49,18,3,4,0,0,0,34,33,11
40255,40,7,41,54,19,0,0,0,18,6,46,42,26
30255,30,55,416,239,65,2,12,0,31,9,292,236,66
79255,79,14,32,47,14,2,0,0,5,0,31,26,8
34255,34,214,1410,1109,311,37,50,25,78,49,1234,956,334
81255,81,16,56,49,21,3,2,0,6,7,51,44,13
07255,07,39,177,174,48,3,12,4,12,8,172,144,48
42255,42,10,36,37,11,0,0,0,0,0,13,32,10
47255,47,4,21,15,3,0,6,2,0,3,6,12,9
58255,58,11,46,46,13,3,0,4,0,0,26,35,12
85255,85,70,233,316,74,7,16,9,9,15,177,317,67
29255,29,13,47,105,34,0,8,0,18,7,71,69,48
03255,03,7,21,17,4,0,0,3,0,0,14,8,2
73255,73,27,85,87,28,7,2,3,15,9,72,85,20
53255,53,38,110,154,34,12,4,8,1,4,68,168,39
74255,74,60,192,240,53,9,10,3,35,11,155,250,58
12255,12,19,67,98,23,1,6,0,10,0,72,77,17
86255,86,35,121,157,41,5,11,1,11,8,135,116,48
19255,19,45,179,268,58,7,14,6,38,16,191,169,63
37255,37,11,20,30,12,0,0,3,0,1,24,27,12
41255,41,15,53,46,8,0,1,0,0,0,27,34,13
56255,56,54,210,313,80,13,11,1,26,6,165,229,72
23255,23,0,17,12,3,0,0,3,2,5,7,11,5
69255,69,128,441,739,174,12,16,11,46,30,519,635,178
15255,15,31,113,176,34,7,11,5,8,1,93,155,39
62256,62,0,33,15,0,0,0,0,2,2,23,14,2
02256,02,3,20,7,6,3,0,3,0,2,5,14,0
80256,80,37,266,176,43,10,6,3,11,9,171,129,38
21256,21,11,39,39,7,0,4,5,0,0,21,28,9
14256,14,7,36,40,11,1,6,0,0,0,20,33,13
51256,51,13,48,33,12,0,6,0,0,0,13,45,7
25256,25,22,101,98,18,2,6,5,0,7,52,86,19
70256,70,20,122,68,17,3,4,0,7,5,52,68,19
59256,59,85,425,301,74,8,4,4,61,6,308,247,80
95256,95,61,215,320,93,13,11,2,31,15,308,221,94
57256,57,23,105,75,26,3,2,0,16,1,73,58,21
64256,64,127,455,883,275,13,58,7,178,26,661,624,256
54256,54,3,40,37,9,3,0,4,0,0,18,29,5
50256,50,78,327,351,96,15,18,5,31,15,241,315,105
55256,55,6,25,8,4,4,0,0,0,0,5,12,8
88256,88,9,34,19,6,0,0,0,12,5,15,19,11
27256,27,15,77,50,12,1,0,0,8,0,51,47,15
31256,31,4,18,33,12,0,4,0,0,2,27,26,14
52256,52,7,11,4,1,0,0,3,0,0,5,10,2
67256,67,106,432,381,90,9,25,1,32,23,231,371,96
65256,65,8,12,12,2,2,1,2,13,2,11,5,5
71256,71,9,57,52,20,5,0,0,0,2,36,49,15
08256,08,0,15,10,1,0,4,4,0,0,5,3,6
77256,77,0,15,18,7,0,0,4,0,1,8,16,4
33256,33,105,455,641,177,14,41,10,73,24,521,412,188
24256,24,66,284,304,92,14,14,3,33,21,330,247,99
89256,89,11,56,36,5,6,3,0,19,0,37,35,6
32256,32,66,271,323,111,6,10,6,67,12,274,256,121
28256,28,16,56,53,15,0,4,3,2,6,38,55,16
60256,60,28,196,119,21,9,6,8,26,2,111,105,20
38256,38,40,173,198,46,4,4,5,8,12,167,127,44
10256,10,8,59,40,9,2,0,5,3,0,27,39,13
11256,11,6,80,47,13,2,3,0,12,0,51,40,15
61256,61,0,23,16,0,1,0,0,0,6,8,19,2
17256,17,5,43,46,8,6,0,0,0,2,25,37,14
63256,63,0,17,14,6,4,2,0,0,0,12,14,6
16256,16,7,20,26,6,0,4,0,0,3,21,17,10
68256,68,322,1220,910,206,35,59,18,125,68,607,1036,210
45256,45,2,28,25,6,0,2,0,2,5,15,20,11
26256,26,0,13,9,7,0,0,4,1,3,6,4,5
22256,22,24,97,150,49,9,5,2,0,2,98,98,53
2B256,2B,0,11,3,0,0,0,0,7,0,1,3,6
72256,72,13,79,81,16,0,7,0,4,3,65,107,15
09256,09,0,8,2,0,0,0,0,10,0,6,6,2
35256,35,59,193,416,120,15,27,10,10,7,223,262,130
46256,46,11,26,40,13,2,0,0,0,0,36,22,7
40256,40,15,62,84,25,4,1,0,29,1,62,63,26
34256,34,31,249,191,48,9,8,2,3,4,223,178,61
79256,79,11,13,28,12,6,6,0,0,0,7,25,4
30256,30,23,127,72,18,7,0,0,0,2,81,65,25
81256,81,7,11,6,7,0,0,5,0,0,4,10,1
42256,42,131,506,510,124,19,23,4,51,4,388,377,113
73256,73,14,38,45,15,1,3,0,0,2,19,39,12
47256,47,8,12,11,8,4,0,5,0,0,0,8,0
58256,58,13,53,55,10,3,5,3,0,5,29,42,9
85256,85,31,114,170,37,2,5,6,0,1,89,157,26
29256,29,13,55,101,42,0,6,0,0,5,56,65,45
03256,03,3,26,18,11,5,3,0,0,4,15,20,3
53256,53,1,18,23,1,0,0,0,13,3,12,28,6
74256,74,473,1441,1868,391,29,99,25,67,103,1168,1948,420
12256,12,7,26,57,14,1,7,5,16,5,29,39,11
86256,86,34,108,151,34,3,4,2,14,5,108,100,44
18256,18,4,44,39,12,0,0,1,0,0,22,33,14
19256,19,7,29,43,7,0,1,0,34,0,37,27,7
41256,41,42,165,135,35,6,3,0,16,5,97,132,38
37256,37,4,34,36,14,3,7,3,2,3,31,36,10
56256,56,3,11,18,5,0,1,0,4,0,12,11,1
69256,69,628,2417,3902,959,66,144,46,183,151,2755,3405,1022
43256,43,9,43,40,14,6,0,4,7,0,38,39,9
15256,15,4,15,9,0,4,0,0,0,5,6,15,0
12257,12,23,61,109,25,3,8,3,4,6,77,84,20
62257,62,7,68,37,7,5,5,5,0,5,34,33,14
02257,02,6,63,31,9,0,0,0,17,6,33,34,4
21257,21,2,7,13,5,0,4,0,0,0,0,10,0
14257,14,41,183,234,68,15,17,5,0,10,155,186,60
76257,76,1,22,19,0,1,2,0,0,1,15,11,7
25257,25,9,38,32,9,1,7,1,0,3,2,35,10
60257,60,10,64,41,14,0,0,0,6,2,46,40,8
70257,70,16,102,73,19,2,5,3,0,1,49,62,16
59257,59,21,156,104,26,8,1,0,1,2,114,89,29
57257,57,5,19,8,6,1,5,0,0,0,9,8,0
64257,64,6,16,45,17,0,3,3,8,0,28,32,16
54257,54,143,716,594,151,21,34,16,11,23,505,462,183
55257,55,5,4,10,6,0,0,1,0,2,0,3,0
88257,88,1,32,14,9,0,0,0,12,0,13,17,3
95257,95,89,340,477,131,1,17,0,29,28,442,336,128
56257,56,10,58,76,26,0,4,4,0,6,39,68,21
52257,52,6,15,8,7,0,2,5,0,0,1,11,2
67257,67,29,87,83,21,2,0,0,21,5,54,77,23
65257,65,8,45,73,23,2,2,0,26,4,58,33,20
73257,73,88,400,458,103,19,6,24,31,24,345,370,93
49257,49,32,83,128,34,2,1,3,0,0,69,109,36
71257,71,22,83,66,23,6,5,0,0,6,39,55,24
77257,77,65,277,290,62,11,15,3,18,10,233,213,70
08257,08,1,27,12,0,0,3,5,17,0,12,11,3
33257,33,11,31,58,16,3,4,0,0,2,46,30,11
35257,35,81,289,611,181,10,23,12,16,10,393,382,188
24257,24,10,30,30,5,3,0,0,5,0,23,16,13
89257,89,171,788,561,131,17,32,8,46,34,405,543,140
32257,32,0,6,9,4,0,6,0,6,0,12,10,0
28257,28,0,10,2,2,0,1,2,3,0,0,7,5
01257,01,15,48,35,13,0,4,0,4,1,29,36,7
38257,38,12,51,50,15,0,0,0,10,0,37,36,10
11257,11,7,27,16,9,4,3,0,0,6,13,15,6
10257,10,4,0,7,0,4,0,0,0,4,0,0,2
61257,61,4,19,7,1,0,1,1,0,0,8,17,0
17257,17,16,70,80,13,3,3,4,2,2,62,61,19
63257,63,15,68,93,27,0,3,5,0,2,74,58,30
68257,68,33,124,92,19,6,3,6,0,10,56,101,18
45257,45,18,58,56,14,0,1,1,0,0,24,55,12
26257,26,8,51,50,9,7,5,0,0,7,25,41,7
22257,22,2,31,46,13,0,4,4,7,0,40,28,16
2B257,2B,5,24,22,4,1,6,2,0,6,8,27,7
72257,72,57,264,265,66,19,16,1,4,10,204,371,77
46257,46,0,14,15,6,0,2,0,0,4,15,12,5
34257,34,0,24,12,7,4,0,2,3,1,16,18,3
30257,30,32,285,175,43,4,10,3,20,6,210,144,42
79257,79,38,140,216,56,7,10,2,33,8,149,140,60
07257,07,4,19,13,0,4,2,0,0,6,1,16,0
81257,81,148,690,698,193,17,30,0,99,33,641,548,211
47257,47,21,71,57,18,5,6,2,0,8,45,58,20
42257,42,21,101,94,29,7,7,0,12,1,89,79,22
58257,58,7,0,8,7,2,1,1,0,0,0,0,5
29257,29,35,147,315,121,0,18,3,17,16,207,194,103
03257,03,22,87,87,22,2,4,0,4,7,73,68,19
09257,09,13,73,70,32,0,0,6,5,3,79,41,30
40257,40,29,129,176,52,3,8,4,37,3,141,123,69
74257,74,19,68,80,13,3,5,4,3,9,62,83,20
53257,53,7,20,35,8,0,6,0,6,0,16,43,8
86257,86,13,32,48,17,0,4,0,0,4,31,27,11
18257,18,21,70,77,13,5,6,0,0,7,49,62,23
19257,19,4,31,46,11,2,0,0,6,0,27,31,8
37257,37,47,145,171,49,10,12,3,14,8,134,157,44
23257,23,16,68,84,25,3,6,0,17,7,77,66,22
69257,69,17,76,123,39,2,0,6,20,0,104,114,27
43257,43,19,65,68,20,0,8,3,0,0,26,49,17
15257,15,5,13,22,8,2,6,0,0,5,0,17,5
62258,62,2,55,21,2,5,2,0,4,0,31,22,3
02258,02,6,74,28,7,4,0,0,5,0,36,30,4
80258,80,6,13,15,0,0,3,5,0,0,0,11,0
21258,21,6,20,23,0,0,2,0,8,4,8,12,0
14258,14,211,768,922,263,25,30,6,65,23,670,746,250
27258,27,14,83,59,18,2,5,5,0,2,36,46,19
25258,25,58,265,236,53,6,23,7,0,16,163,230,61
60258,60,8,20,18,2,5,0,0,0,0,0,12,4
70258,70,58,311,180,41,12,7,1,32,4,149,163,36
95258,95,10,37,53,9,0,5,4,0,7,33,33,15
59258,59,66,329,229,70,7,9,5,5,11,255,191,67
55258,55,14,82,58,17,15,7,10,0,6,0,62,20
39258,39,20,91,79,22,5,5,1,5,1,70,57,12
57258,57,9,12,15,0,0,6,0,5,0,7,7,5
64258,64,0,11,19,6,0,1,0,0,0,11,7,7
54258,54,5,14,11,9,4,5,0,0,0,0,16,9
50258,50,3,8,4,1,0,1,0,2,0,10,11,0
51258,51,7,25,27,10,0,0,0,0,0,16,24,5
12258,12,29,87,129,34,6,3,6,0,8,85,100,33
53258,53,15,70,100,18,5,7,0,0,3,55,109,16
56258,56,51,179,314,82,6,15,2,6,12,193,226,76
31258,31,5,14,29,10,1,2,0,4,4,25,23,9
52258,52,10,50,24,6,0,3,3,0,4,20,35,8
88258,88,23,119,95,18,1,6,0,16,5,73,80,28
67258,67,10,26,18,3,0,3,0,0,0,15,16,5
65258,65,100,445,621,174,12,31,13,138,18,549,346,161
61258,61,13,72,73,12,1,4,0,4,0,53,86,14
71258,71,17,47,43,12,1,1,0,4,3,42,43,20
77258,77,363,1335,1370,359,36,54,17,64,73,1218,1052,342
33258,33,2,22,46,16,0,3,0,0,3,30,28,15
32258,32,7,24,31,14,2,2,0,0,6,16,17,12
38258,38,0,10,9,2,0,0,0,6,4,16,10,0
01258,01,33,141,129,30,0,1,0,39,1,96,124,27
10258,10,14,50,28,11,1,0,0,0,1,4,39,6
11258,11,38,288,186,63,4,17,6,30,6,213,154,62
17258,17,5,28,32,13,6,6,0,0,0,20,34,12
63258,63,20,75,107,29,1,0,0,0,8,74,61,31
45258,45,80,327,351,72,5,10,5,17,16,235,310,88
68258,68,107,445,339,79,9,21,9,6,17,243,367,81
26258,26,17,97,90,22,3,8,2,12,2,90,84,21
16258,16,16,50,64,11,0,0,0,8,2,49,38,12
22258,22,66,292,522,164,9,32,2,8,18,363,348,153
2A258,2A,7,35,30,5,0,0,3,10,0,17,37,1
35258,35,10,26,52,12,1,0,4,0,6,21,38,15
46258,46,0,17,15,5,1,5,0,6,3,15,17,2
09258,09,12,46,37,15,0,1,0,10,2,53,25,22
34258,34,34,200,152,43,1,5,4,20,7,172,125,40
30258,30,249,1635,1042,287,24,36,14,130,71,1185,976,274
79258,79,11,34,59,19,0,6,1,1,0,43,47,15
07258,07,7,27,23,9,0,1,0,9,0,20,26,5
81258,81,11,50,46,8,0,3,4,15,0,40,37,15
73258,73,20,74,81,27,4,7,0,13,4,78,72,16
58258,58,16,61,58,14,4,3,0,18,0,44,37,19
03258,03,38,168,176,46,9,11,1,20,8,145,158,46
40258,40,4,17,32,13,1,0,0,6,0,21,17,11
47258,47,9,34,34,9,5,6,4,0,2,21,29,12
74258,74,83,254,327,61,8,8,7,0,21,191,333,64
86258,86,47,196,250,72,11,14,0,32,10,210,191,67
19258,19,13,38,59,19,0,5,0,22,2,49,37,18
18258,18,20,87,76,18,5,1,0,0,0,58,65,20
76258,76,94,486,406,111,11,36,16,37,21,372,326,113
37258,37,7,28,36,6,5,0,0,23,0,24,27,7
41258,41,35,134,102,29,3,8,1,9,6,80,121,31
23258,23,5,32,32,6,5,0,0,9,5,25,24,6
69258,69,8,23,39,16,1,4,3,3,0,33,31,7
43258,43,56,189,207,51,5,13,5,24,5,165,150,40
15258,15,31,160,251,37,7,7,0,25,9,150,210,44
62259,62,37,250,140,39,14,10,5,10,7,118,113,40
02259,02,10,74,30,4,6,7,0,0,7,19,34,13
80259,80,4,11,13,6,0,0,5,0,0,0,14,3
24259,24,46,186,189,45,11,20,3,10,16,159,134,52
21259,21,11,39,35,11,1,0,2,0,1,20,30,6
27259,27,0,12,8,0,0,0,0,0,3,11,8,5
51259,51,6,27,18,3,2,0,1,0,5,13,26,7
25259,25,41,205,197,48,3,7,6,5,11,156,164,41
60259,60,26,119,79,21,7,0,0,0,8,72,74,23
70259,70,17,58,46,9,0,0,0,2,4,35,31,15
76259,76,397,2138,1842,492,75,105,31,137,68,1841,1474,514
59259,59,12,79,51,11,0,3,0,0,2,47,47,14
39259,39,1,0,6,0,0,0,1,5,0,2,5,0
57259,57,5,48,34,8,2,0,0,17,0,23,29,7
54259,54,6,22,17,12,6,5,5,0,5,6,17,12
64259,64,9,47,78,26,0,5,0,41,7,62,54,25
50259,50,13,59,66,16,2,7,1,11,0,45,60,23
10259,10,9,56,28,5,5,0,0,21,0,19,37,7
56259,56,27,121,187,50,1,5,4,0,8,112,145,54
31259,31,46,173,258,74,7,6,3,7,10,219,153,72
88259,88,9,48,37,12,2,7,0,0,0,31,30,8
67259,67,33,110,99,25,7,10,0,15,7,67,100,25
65259,65,0,24,29,4,5,3,5,0,5,4,20,5
61259,61,0,6,6,5,2,6,0,0,0,0,10,6
74259,74,10,43,54,10,3,3,2,0,4,29,57,17
71259,71,8,38,40,10,0,3,0,11,3,38,37,8
77259,77,58,210,208,53,4,1,6,0,19,152,167,50
08259,08,7,0,11,7,4,0,3,0,0,0,5,6
33259,33,28,113,153,41,3,10,0,8,5,121,89,47
28259,28,8,38,33,8,2,4,0,0,6,15,29,4
01259,01,24,79,61,20,2,5,0,12,0,41,61,15
38259,38,18,110,127,36,4,4,0,1,9,96,75,25
11259,11,23,128,90,33,5,2,0,13,4,94,78,34
89259,89,4,12,16,2,0,0,2,0,3,0,15,7
17259,17,3,15,16,6,0,0,0,1,3,12,16,6
63259,63,4,32,42,13,2,6,2,0,5,28,29,15
45259,45,39,141,141,33,5,11,1,0,6,79,112,36
22259,22,105,357,630,186,15,32,8,45,10,451,414,184
68259,68,19,66,39,7,0,8,4,4,0,34,46,5
26259,26,3,33,31,7,0,0,3,10,0,25,28,7
2A259,2A,0,12,11,3,5,3,0,0,3,0,13,6
49259,49,59,196,319,71,9,14,8,0,16,186,263,70
72259,72,11,28,38,14,0,6,0,0,4,21,42,6
35259,35,18,67,132,44,8,6,0,11,6,90,85,49
46259,46,1,15,25,11,6,0,5,0,3,0,18,10
09259,09,0,10,17,2,2,0,0,21,2,14,12,1
40259,40,3,30,51,18,4,6,4,8,1,37,28,15
34259,34,106,732,587,158,10,36,2,50,13,647,493,161
30259,30,101,702,479,132,22,25,0,19,37,524,428,126
79259,79,38,109,179,44,8,9,0,3,6,124,115,37
81259,81,5,29,35,8,2,2,5,1,0,23,21,8
07259,07,45,173,176,53,9,7,0,0,10,167,134,46
42259,42,95,422,393,89,9,15,18,22,12,285,326,104
73259,73,18,62,55,13,0,8,0,0,2,49,58,14
47259,47,0,22,14,4,5,0,0,0,5,5,8,5
58259,58,7,21,19,7,0,4,5,0,5,6,10,2
85259,85,31,120,166,27,4,6,0,30,8,87,156,36
29259,29,129,436,917,331,22,63,11,3,36,571,555,320
03259,03,12,46,49,15,1,1,0,0,1,23,29,11
12259,12,13,52,88,23,0,2,2,28,7,72,67,17
53259,53,13,34,36,12,0,4,0,0,6,24,37,7
19259,19,10,23,25,4,5,7,0,0,6,15,22,3
18259,18,10,43,39,10,5,1,0,0,3,13,31,6
41259,41,18,99,88,23,4,5,5,14,0,63,88,19
37259,37,10,49,53,21,0,2,0,6,3,44,51,13
43259,43,10,47,43,8,1,3,0,18,0,36,38,7
23259,23,7,7,9,4,0,1,0,0,0,12,13,8
15259,15,1,27,33,11,0,3,1,14,0,19,25,5
69259,69,740,2783,4475,1175,94,165,51,196,171,3289,3958,1140
62260,62,2,48,22,4,0,7,0,11,6,21,20,5
02260,02,17,85,45,7,5,4,6,0,2,36,41,7
80260,80,28,144,103,25,3,4,4,4,3,97,83,19
21260,21,7,13,13,1,0,0,2,0,0,14,15,9
14260,14,4,22,31,9,1,0,0,13,0,26,21,12
76260,76,43,207,168,55,3,9,6,0,8,159,138,42
27260,27,13,87,56,12,3,6,0,14,0,58,56,17
60260,60,16,105,69,21,7,6,4,0,0,32,63,14
70260,70,25,128,67,21,1,3,0,16,6,56,61,16
59260,59,104,619,422,124,22,17,13,44,8,442,363,118
57260,57,84,375,280,65,10,23,8,31,11,238,232,78
64260,64,185,733,1377,426,25,75,7,328,29,1042,958,409
54260,54,24,134,99,30,9,6,0,18,7,92,76,26
55260,55,2,10,3,5,0,4,5,0,3,0,3,0
50260,50,40,163,202,53,0,2,10,11,5,131,163,51
49260,49,48,144,223,51,3,10,4,15,11,147,203,58
37260,37,15,53,58,13,5,0,4,0,2,48,57,15
31260,31,4,8,18,0,1,0,0,5,0,11,7,0
52260,52,5,24,10,0,0,0,0,12,1,7,12,0
88260,88,4,23,12,1,2,1,0,0,2,17,21,3
65260,65,0,9,14,2,0,0,1,4,0,8,5,8
67260,67,16,55,40,9,4,0,2,0,2,20,47,14
51260,51,1,6,5,1,2,0,0,0,3,6,9,7
01260,01,9,32,27,12,0,1,0,16,1,21,25,4
61260,61,12,66,50,8,7,2,6,5,3,34,59,14
22260,22,10,41,63,25,1,4,0,0,5,34,34,21
43260,43,0,0,1,5,3,3,0,7,0,0,0,0
77260,77,41,155,149,35,0,1,3,29,10,146,117,34
08260,08,19,100,58,21,0,2,0,4,0,46,45,14
33260,33,11,68,107,27,0,3,1,34,4,85,78,26
24260,24,5,60,62,12,1,8,3,15,6,49,44,20
32260,32,7,5,11,0,0,0,0,0,0,3,11,7
28260,28,6,15,5,3,0,0,0,0,1,0,12,7
38260,38,14,58,77,22,3,1,0,15,2,51,41,12
10260,10,18,87,57,10,1,1,0,4,5,35,55,6
11260,11,1,22,17,0,4,0,2,4,0,10,7,4
17260,17,16,53,51,14,0,2,4,0,2,34,43,9
63260,63,1,22,30,9,5,2,0,0,0,14,10,10
16260,16,11,31,31,3,3,7,0,0,4,8,16,12
68260,68,34,161,112,29,2,5,7,10,2,80,138,22
45260,45,6,21,28,5,5,5,4,0,1,17,25,5
2B260,2B,0,26,22,0,2,4,1,16,2,12,24,8
72260,72,74,366,335,81,9,17,10,30,11,281,498,88
35260,35,13,43,83,26,6,5,4,0,7,15,56,24
40260,40,4,35,51,13,0,0,3,13,5,31,27,14
34260,34,14,94,71,19,0,0,1,23,0,72,54,19
30260,30,21,143,97,28,5,0,0,0,5,105,75,24
07260,07,23,112,90,24,4,3,2,3,9,106,75,21
42260,42,21,104,113,22,0,1,2,32,4,84,76,21
47260,47,7,39,33,7,2,3,0,23,2,33,38,6
58260,58,31,160,150,47,8,4,4,0,10,86,107,45
85260,85,20,78,106,18,5,1,3,0,4,46,96,18
29260,29,175,560,1154,426,26,70,21,83,30,752,700,419
03260,03,6,23,31,3,6,2,4,0,0,12,22,9
46260,46,0,17,36,5,3,3,4,0,3,20,25,3
09260,09,0,0,4,3,0,4,0,0,0,0,4,1
12260,12,1,15,29,11,0,3,1,11,0,19,18,4
74260,74,16,65,100,14,5,4,5,6,0,54,102,23
53260,53,12,24,48,6,0,5,0,12,0,25,44,11
19260,19,5,20,36,8,6,6,0,0,6,8,17,7
86260,86,11,36,41,12,5,0,1,0,4,22,28,7
18260,18,4,12,6,1,1,0,4,0,5,0,6,4
41260,41,13,48,35,16,1,0,0,21,3,28,37,7
56260,56,1170,4174,6719,1752,187,309,69,383,202,3992,5005,1748
69260,69,82,329,541,144,23,20,3,8,20,368,456,132
23260,23,0,11,21,2,0,0,5,7,0,23,9,7
15260,15,7,0,9,5,5,6,5,0,5,0,12,2
62261,62,115,900,461,138,30,30,7,57,7,499,371,133
02261,02,13,55,27,5,0,0,0,13,4,33,28,4
80261,80,36,193,152,34,2,3,3,0,8,108,106,32
21261,21,11,69,83,24,5,8,6,0,0,55,59,14
27261,27,13,72,37,8,1,5,0,6,2,46,36,7
60261,60,15,80,47,17,5,2,0,12,0,41,48,8
25261,25,0,10,4,0,5,4,2,0,0,4,8,4
70261,70,31,204,114,29,10,13,3,4,4,96,112,32
78261,78,9,42,81,17,0,4,5,18,0,49,78,21
49261,49,210,680,1042,265,35,44,4,56,44,650,930,257
59261,59,28,174,129,37,6,6,3,9,3,143,113,36
39261,39,1,15,23,9,2,0,5,0,0,10,17,0
57261,57,40,155,122,25,6,9,0,26,6,115,101,32
64261,64,9,20,48,15,0,3,0,3,0,41,39,16
54261,54,73,367,321,80,9,17,9,19,10,265,235,90
55261,55,5,13,15,0,6,0,5,0,6,0,17,7
76261,76,6,53,44,10,7,0,1,3,4,41,41,10
56261,56,40,124,183,52,6,6,0,20,0,119,152,53
31261,31,22,99,135,53,3,10,0,10,6,121,84,52
50261,50,5,20,16,1,2,0,5,0,2,9,15,9
65261,65,0,7,4,4,0,0,3,0,0,3,5,0
67261,67,52,208,186,47,5,6,1,0,4,117,169,38
88261,88,26,83,65,11,1,3,3,1,8,53,57,10
14261,14,10,38,50,9,0,2,2,0,2,18,39,13
61261,61,4,9,23,4,2,6,2,0,0,0,26,8
15261,15,22,83,126,20,6,7,5,0,7,73,118,20
16261,16,14,52,51,14,5,0,5,4,3,49,33,8
71261,71,19,70,76,15,0,7,3,5,5,52,55,19
77261,77,44,128,136,35,2,10,10,2,9,99,105,37
33261,33,27,99,134,42,0,5,5,0,7,90,87,42
24261,24,12,31,31,6,5,3,2,6,5,32,21,13
89261,89,14,39,29,4,5,4,5,0,4,2,31,5
32261,32,4,42,42,17,0,4,5,0,2,32,35,12
01261,01,23,80,86,18,0,5,2,4,6,54,79,19
28261,28,17,68,58,15,0,5,0,5,2,44,63,21
38261,38,94,408,444,116,12,7,11,59,14,360,297,121
11261,11,7,97,62,18,5,9,6,0,4,61,45,24
10261,10,31,127,84,11,7,6,0,0,7,25,102,23
17261,17,8,43,44,11,1,0,0,0,4,35,38,12
63261,63,15,85,119,35,0,2,3,0,0,102,76,28
22261,22,8,34,41,19,5,7,0,0,0,22,31,16
68261,68,11,29,28,2,1,0,4,7,6,15,25,4
45261,45,34,150,154,37,1,8,1,0,7,99,128,35
2B261,2B,11,98,67,14,9,2,4,10,6,39,91,16
72261,72,7,26,33,4,5,6,0,0,3,23,48,4
26261,26,15,48,44,8,0,4,0,20,2,45,39,7
35261,35,2,18,28,10,2,1,0,4,1,21,20,8
40261,40,62,223,301,109,8,20,7,43,13,259,221,101
09261,09,99,598,555,200,17,38,12,65,31,760,354,212
34261,34,1,45,37,15,0,6,0,0,7,36,29,7
30261,30,10,41,29,10,5,3,0,0,3,7,29,2
07261,07,47,190,168,45,7,7,0,35,6,169,131,42
81261,81,31,124,129,36,5,8,0,0,4,108,88,38
42261,42,32,103,101,20,2,1,0,22,8,82,81,24
73261,73,54,246,253,69,3,11,11,49,17,194,240,63
58261,58,31,147,144,39,7,13,0,0,8,115,96,32
29261,29,6,17,26,11,0,6,2,0,3,4,19,15
85261,85,6,28,32,7,3,0,1,3,0,19,33,12
03261,03,10,20,24,4,0,1,4,0,0,17,16,9
12261,12,0,8,16,0,3,0,4,14,0,15,14,0
74261,74,9,41,52,14,0,0,5,16,0,44,60,12
19261,19,19,48,79,22,2,8,5,0,7,46,44,16
53261,53,5,5,19,1,3,6,4,0,0,0,21,6
86261,86,42,208,244,68,14,12,8,49,8,207,179,63
18261,18,10,57,54,15,3,1,2,0,7,33,35,9
41261,41,4,16,17,0,0,5,0,0,3,1,21,4
37261,37,2736,9451,12387,3428,391,613,171,727,382,9371,10640,3400
69261,69,0,3,10,4,1,5,0,0,1,0,12,0
23261,23,9,22,28,11,0,0,1,1,0,34,30,6
43261,43,14,80,78,21,5,8,5,0,1,39,64,17
62262,62,47,294,153,36,12,13,0,0,2,140,126,45
02262,02,8,49,24,10,0,5,0,0,6,13,14,0
80262,80,6,63,48,5,1,7,0,6,1,36,38,7
21262,21,0,0,5,3,3,0,2,0,0,0,0,4
76262,76,6,16,18,4,0,0,0,0,0,13,18,2
51262,51,47,240,186,47,8,10,4,41,9,126,181,36
25262,25,6,45,47,13,7,6,0,6,0,41,49,11
78262,78,25,85,174,37,6,1,5,0,2,99,174,39
70262,70,1,23,15,3,2,1,1,0,0,12,17,3
59262,59,47,250,172,40,11,15,8,13,4,174,158,40
39262,39,2,17,12,6,2,1,3,0,0,18,8,2
57262,57,21,97,70,18,6,5,0,0,0,59,65,21
64262,64,2,15,30,5,5,2,0,18,5,22,21,12
54262,54,2,20,22,5,3,0,0,5,0,16,15,2
55262,55,9,29,20,4,1,1,0,0,5,7,17,5
50262,50,12,45,61,19,7,2,0,2,0,34,47,9
31262,31,4,28,60,20,3,0,0,0,7,46,30,19
65262,65,6,35,54,18,1,0,4,18,0,37,24,10
88262,88,13,77,48,17,4,5,1,6,2,49,46,11
56262,56,68,217,379,108,6,10,13,5,8,237,302,98
60262,60,8,30,17,3,6,3,3,12,4,15,16,5
61262,61,4,12,7,0,0,0,5,2,5,4,15,0
46262,46,23,64,100,27,4,4,8,0,6,54,58,19
72262,72,44,206,204,49,14,17,3,18,2,180,289,55
71262,71,9,17,19,1,2,0,0,0,5,0,20,10
77262,77,10,45,55,7,0,0,3,14,1,45,35,10
08262,08,13,77,50,17,0,3,0,0,4,29,46,12
33262,33,84,349,498,148,10,31,3,5,14,384,313,136
24262,24,6,39,34,10,0,2,3,1,0,39,28,7
89262,89,4,26,10,8,4,1,1,7,6,8,21,11
32262,32,5,35,35,12,0,0,5,3,0,34,35,16
01262,01,160,680,649,136,12,25,4,79,42,426,578,143
11262,11,937,6859,4929,1496,147,287,61,552,251,5221,3676,1544
10262,10,16,64,36,6,5,5,2,0,5,13,54,14
17262,17,31,135,140,33,6,13,5,0,1,108,119,39
63262,63,58,226,377,102,11,15,3,35,21,296,217,93
22262,22,56,200,336,99,3,20,8,14,7,232,211,101
68262,68,35,127,85,18,3,2,4,0,8,67,106,16
26262,26,3,28,31,6,0,7,4,0,4,28,27,8
2A262,2A,6,5,11,4,5,4,0,0,0,0,22,6
49262,49,14,55,96,22,0,5,6,0,5,60,77,22
45262,45,10,18,22,3,0,0,0,0,5,0,19,6
40262,40,5,28,40,19,5,0,0,2,1,28,31,16
34262,34,4,36,23,3,3,6,1,0,5,22,17,10
30262,30,11,39,20,11,1,3,2,0,3,26,23,4
09262,09,10,42,45,17,2,3,3,0,0,54,28,22
07262,07,7,24,15,4,0,5,3,0,0,20,14,4
81262,81,10,25,26,7,0,0,4,0,0,20,27,12
42262,42,53,187,179,47,5,7,7,43,10,150,141,46
47262,47,5,50,35,16,2,7,0,0,7,33,37,8
73262,73,11,64,61,15,4,5,3,8,0,50,51,20
85262,85,89,280,390,71,18,19,4,34,8,228,393,76
58262,58,9,37,33,4,4,0,0,7,2,22,18,9
29262,29,14,51,106,41,4,7,5,0,1,58,61,39
03262,03,58,228,238,69,7,19,0,0,7,188,213,66
35262,35,2,18,40,17,5,5,1,0,0,29,19,10
12262,12,14,66,94,24,0,8,0,19,8,72,80,24
74262,74,31,92,114,31,0,5,0,10,7,83,117,22
86262,86,18,61,74,17,0,0,3,14,1,67,61,19
19262,19,1,18,30,4,3,6,1,0,0,10,17,4
53262,53,24,92,132,30,9,11,0,0,3,68,139,32
18262,18,13,43,36,9,5,7,0,0,5,37,30,5
41262,41,34,139,100,26,4,1,4,16,0,78,112,31
37262,37,11,27,39,11,4,0,4,3,0,37,32,17
43262,43,36,147,131,27,1,8,5,4,6,114,117,29
23262,23,1,12,20,3,0,1,3,0,3,16,20,8
15262,15,13,53,75,11,0,7,5,28,0,41,70,17
46263,46,17,54,84,22,7,0,4,14,0,84,50,18
62263,62,131,1000,529,160,31,20,14,31,10,531,400,144
02263,02,0,28,15,0,4,2,0,0,0,6,13,3
51263,51,12,41,36,6,0,1,5,0,6,24,39,8
60263,60,6,36,19,9,2,0,5,1,5,24,16,8
21263,21,49,194,197,53,10,13,5,0,5,117,189,56
78263,78,55,171,382,100,8,7,11,9,22,198,340,76
25263,25,1,18,20,8,1,0,0,6,0,16,27,11
70263,70,3,44,32,10,0,4,0,1,4,17,25,10
59263,59,25,170,117,27,8,1,0,9,7,135,93,31
39263,39,6,53,47,13,6,0,0,0,0,29,42,15
57263,57,28,113,81,21,0,5,6,0,0,51,60,23
54263,54,115,628,547,154,18,43,3,30,26,492,428,159
55263,55,2,21,12,7,6,6,3,0,0,0,17,0
80263,80,0,3,12,3,0,0,0,0,5,0,10,7
64263,64,1,4,18,8,3,3,3,3,0,9,17,3
76263,76,28,152,136,33,8,12,6,0,6,131,106,31
31263,31,47,217,326,107,7,12,11,54,21,298,211,115
50263,50,10,35,52,8,1,0,2,2,4,30,47,16
65263,65,1,11,20,0,0,4,0,0,0,9,6,7
88263,88,9,36,17,2,5,5,0,3,3,22,16,6
27263,27,42,170,119,34,6,2,4,13,10,97,103,20
22263,22,4,23,52,17,0,7,4,0,5,38,30,11
67263,67,58,181,169,37,4,11,8,23,9,116,156,38
71263,71,196,757,668,199,19,36,3,43,19,557,610,176
77263,77,2,24,31,2,0,0,1,8,0,27,26,2
08263,08,34,164,94,25,0,10,0,19,1,102,84,25
33263,33,3,24,24,3,0,3,0,16,0,19,13,11
24263,24,6,30,34,10,5,1,3,6,0,36,26,5
32263,32,8,8,16,10,0,5,3,0,0,0,10,8
28263,28,6,36,29,12,1,2,0,0,0,11,32,12
01263,01,124,454,432,94,14,12,8,18,19,255,409,93
89263,89,114,522,363,105,14,22,6,0,28,274,374,96
38263,38,12,50,48,8,0,0,5,0,7,26,28,19
61263,61,6,30,17,3,1,5,3,0,3,4,31,3
10263,10,13,68,42,5,3,0,0,30,0,35,55,8
17263,17,18,66,63,11,1,0,6,11,0,49,62,19
11263,11,4,34,20,11,4,1,3,0,2,32,13,11
63263,63,80,319,472,135,13,34,9,56,11,380,281,138
16263,16,15,47,51,8,1,2,0,0,4,29,35,19
68263,68,17,93,72,13,7,4,4,0,3,35,81,18
26263,26,1,17,12,5,4,0,0,2,4,16,11,10
2B263,2B,0,27,18,0,0,0,0,1,0,9,22,3
45263,45,2,26,26,11,0,4,2,0,2,13,27,6
35263,35,76,215,489,144,9,26,6,0,10,264,300,147
34263,34,8,54,44,10,1,6,5,0,4,37,41,9
30263,30,73,521,328,89,9,19,2,24,15,393,301,85
40263,40,4,36,53,17,3,6,5,0,4,28,35,22
09263,09,4,1,6,3,4,0,0,0,0,0,3,1
07263,07,0,18,12,6,0,0,0,2,2,17,18,5
79263,79,12,45,76,19,0,6,3,25,4,57,50,14
81263,81,7,46,42,14,6,5,5,0,5,16,38,8
73263,73,31,112,121,29,4,6,3,0,6,68,101,34
47263,47,20,69,67,22,7,3,0,0,8,46,50,14
58263,58,7,21,29,3,3,2,0,0,0,11,23,12
29263,29,23,78,161,53,3,7,6,0,7,93,85,50
03263,03,8,15,21,6,3,3,2,0,0,3,17,6
56263,56,67,234,363,88,1,13,7,26,0,228,263,97
12263,12,21,51,87,25,0,8,2,18,6,73,69,20
74263,74,164,529,660,162,19,32,9,10,45,422,712,159
86263,86,61,254,314,82,7,18,7,16,5,269,229,92
19263,19,5,29,45,5,1,6,0,0,5,32,28,15
53263,53,13,21,41,5,1,4,5,0,5,10,41,4
18263,18,19,78,74,18,0,8,0,8,7,55,57,16
37263,37,62,208,275,70,15,9,9,12,12,217,240,75
43263,43,4,6,10,4,0,0,0,8,2,7,3,0
23263,23,7,33,48,12,4,8,0,3,1,39,28,17
69263,69,24,71,120,29,3,4,0,0,1,82,99,26
15263,15,3,21,18,9,3,0,0,0,0,9,19,4
62264,62,35,230,121,27,9,8,0,0,6,110,86,35
02264,02,15,125,74,11,3,8,5,4,0,70,64,11
80264,80,0,12,15,5,0,2,0,0,2,0,13,0
76264,76,9,49,43,16,0,0,2,0,6,41,41,8
60264,60,13,71,50,14,0,0,0,0,0,46,38,11
78264,78,0,0,15,0,5,0,0,0,4,0,13,2
70264,70,1,5,6,5,1,0,5,0,3,6,2,0
59264,59,19,99,68,18,3,6,5,20,1,74,56,21
57264,57,8,59,36,11,0,0,2,5,0,40,40,7
25264,25,1,14,4,0,5,0,0,0,5,0,10,0
54264,54,10,36,37,13,2,3,0,0,2,5,28,14
56264,56,6,37,48,13,0,0,0,6,6,29,36,16
55264,55,10,51,26,10,0,4,5,0,2,10,20,6
64264,64,0,2,8,0,0,0,0,16,0,5,11,0
38264,38,3,27,39,14,0,1,0,3,2,22,23,9
22264,22,51,210,328,94,12,22,9,36,19,231,212,95
23264,23,0,1,9,0,0,1,0,10,2,1,7,0
31264,31,4,36,61,25,5,1,2,6,7,50,37,13
52264,52,6,2,10,4,5,2,1,0,3,0,7,7
65264,65,8,26,37,12,0,5,5,6,0,37,21,9
21264,21,3,0,9,6,0,5,4,0,0,0,0,7
51264,51,15,57,45,8,0,4,0,0,7,38,52,14
67264,67,26,100,82,22,3,5,4,13,7,55,91,16
71264,71,10,40,39,14,0,3,0,0,3,20,33,5
77264,77,21,61,52,18,6,1,0,0,0,41,43,20
88264,88,0,8,6,0,0,3,3,0,3,0,11,1
08264,08,6,60,42,12,1,0,2,8,5,45,34,6
33264,33,21,87,140,37,7,6,1,0,4,103,91,41
32264,32,10,23,29,3,0,6,0,2,2,15,16,3
89264,89,27,86,70,10,3,8,1,3,2,54,57,20
28264,28,0,25,22,7,3,0,3,0,1,3,23,0
01264,01,29,122,108,28,3,9,0,0,0,69,92,25
24264,24,45,188,218,57,3,21,1,22,9,224,148,55
61264,61,5,0,12,4,3,3,0,0,2,0,8,3
17264,17,177,647,745,190,18,32,9,50,33,575,624,193
10264,10,4,20,12,7,4,4,1,0,0,0,17,2
11264,11,22,191,127,46,2,5,4,25,2,150,103,45
63264,63,9,28,28,14,6,5,4,0,0,20,14,4
16264,16,4,28,36,5,6,0,0,13,3,25,20,5
68264,68,22,75,55,7,1,0,5,0,5,29,55,12
45264,45,6,22,19,7,2,5,0,0,6,0,18,9
2B264,2B,0,21,13,5,0,0,0,0,2,3,14,0
26264,26,4,33,43,11,6,0,5,0,0,26,36,14
72264,72,216,1077,1019,256,49,51,20,63,34,816,1427,280
46264,46,9,23,29,8,1,7,3,0,0,15,13,12
35264,35,41,136,276,91,8,13,2,0,6,185,190,87
34264,34,4,33,23,10,0,0,0,0,0,11,21,10
30264,30,9,29,22,0,2,0,0,0,0,15,11,7
40264,40,33,143,202,61,7,6,2,23,7,164,137,64
09264,09,18,96,92,38,7,6,5,1,5,135,61,42
07264,07,68,285,257,71,9,14,0,15,14,264,213,70
81264,81,0,13,6,8,0,4,0,1,0,8,13,0
42264,42,25,114,100,28,1,1,0,8,2,92,82,27
47264,47,21,117,97,33,8,6,0,35,0,90,82,27
85264,85,31,117,149,26,3,2,0,2,7,84,153,36
58264,58,36,175,180,50,6,13,3,0,5,141,124,45
29264,29,14,44,98,38,4,5,0,1,2,58,66,35
03264,03,62,249,281,63,3,20,5,16,13,231,214,63
74264,74,157,549,711,152,14,24,9,91,33,456,732,139
86264,86,17,67,75,29,2,5,6,10,2,61,61,19
19264,19,15,51,63,11,1,2,2,23,5,44,58,15
12264,12,73,257,418,105,12,27,12,40,9,324,330,96
53264,53,4,14,24,0,5,0,0,0,0,13,29,10
18264,18,0,12,14,1,0,2,0,0,5,0,9,2
37264,37,28,113,145,33,5,11,0,0,0,99,115,41
69264,69,509,1963,3160,801,76,107,34,149,87,2205,2769,839
43264,43,9,30,31,7,3,6,0,13,0,31,28,8
15264,15,6,27,38,11,0,0,0,13,2,33,37,9
52265,52,46,227,128,34,11,15,2,6,2,84,137,33
62265,62,26,209,108,26,1,3,0,16,6,109,76,32
02265,02,1,15,7,6,1,0,0,0,5,6,9,0
80265,80,21,96,70,8,6,0,5,0,1,54,53,20
21265,21,15,77,96,28,3,4,0,4,3,63,77,22
76265,76,6,27,15,3,0,1,2,0,1,16,11,9
60265,60,23,129,83,22,2,0,5,11,4,77,86,22
78265,78,48,158,329,90,0,3,2,3,19,185,333,80
51265,51,18,71,48,16,5,0,5,0,4,29,63,11
25265,25,40,170,151,40,8,12,5,10,7,113,137,34
70265,70,2,23,24,4,3,4,4,0,2,8,17,4
59265,59,53,312,214,62,3,8,4,17,16,200,184,58
57265,57,2,3,5,4,1,5,3,0,0,0,10,0
39265,39,2,31,26,9,0,0,0,0,0,6,26,9
64265,64,7,8,14,6,0,0,1,1,0,9,9,0
54265,54,59,321,253,71,4,12,10,25,15,241,198,77
38265,38,39,197,220,50,2,9,0,12,12,184,142,56
23265,23,1,3,12,0,2,0,0,10,0,3,9,0
55265,55,5,20,13,0,0,3,0,9,2,12,7,0
31265,31,0,23,30,15,0,0,1,0,4,29,23,5
65265,65,2,34,43,19,3,2,0,9,0,44,22,10
50265,50,1,19,18,5,0,5,0,0,2,14,15,6
88265,88,6,4,4,3,0,0,0,0,0,0,0,0
10265,10,86,416,263,47,4,17,7,40,14,156,296,57
43265,43,43,154,149,39,10,11,0,13,5,111,121,41
67265,67,19,75,73,19,3,5,1,6,0,39,59,18
77265,77,32,122,125,35,0,5,0,0,5,102,98,30
32265,32,1,11,11,8,0,0,0,0,4,10,16,7
89265,89,24,85,52,11,4,8,5,0,7,41,51,7
28265,28,8,33,31,7,2,6,3,0,0,9,25,12
01265,01,81,303,285,66,4,20,8,6,17,181,282,72
61265,61,5,22,21,0,0,5,1,2,0,14,19,3
17265,17,26,111,115,36,9,1,0,25,14,86,109,26
11265,11,0,19,11,1,3,0,2,0,0,17,9,3
63265,63,52,201,290,90,5,20,1,10,16,241,168,79
68265,68,37,121,78,26,7,0,2,0,9,55,99,20
22265,22,34,152,247,86,11,16,6,14,0,163,172,67
45265,45,6,45,36,10,1,6,0,16,0,24,35,13
2B265,2B,6,69,47,13,1,3,3,13,0,35,69,9
72265,72,2,22,27,3,4,3,1,4,0,21,39,8
46265,46,5,35,52,17,0,6,5,0,0,36,36,8
35265,35,47,155,322,87,5,9,4,13,16,211,196,96
34265,34,16,94,83,28,3,0,0,4,4,97,67,17
30265,30,8,32,21,3,4,5,2,0,1,16,24,11
09265,09,42,301,280,103,3,16,7,24,13,330,174,108
40265,40,0,6,11,7,2,0,1,10,0,9,9,9
79265,79,33,105,153,46,7,8,0,26,2,119,111,43
07265,07,27,148,131,43,7,6,0,37,4,141,113,33
81265,81,3,5,4,8,0,5,0,0,0,4,9,7
42265,42,25,96,106,23,7,1,1,5,7,80,78,29
73265,73,22,67,81,13,4,2,6,0,9,62,76,16
47265,47,11,48,31,8,0,7,0,5,1,30,28,13
85265,85,25,94,120,27,1,7,1,8,0,70,129,20
58265,58,6,9,20,7,0,0,0,3,0,14,6,0
29265,29,17,75,150,60,7,6,0,6,4,90,83,53
03265,03,21,87,80,17,0,0,0,19,3,73,70,21
74265,74,20,66,74,21,5,1,6,4,1,46,89,13
86265,86,16,43,53,17,1,0,1,5,2,48,36,17
12265,12,6,30,56,8,3,4,0,23,0,45,42,15
19265,19,4,26,55,12,4,6,0,5,0,42,32,13
53265,53,15,72,93,26,0,7,3,18,0,50,95,20
18265,18,23,87,82,19,8,6,5,10,0,71,78,20
41265,41,12,43,35,14,0,6,0,0,0,29,43,12
37265,37,5,18,32,5,5,3,0,3,0,17,26,6
69265,69,23,68,108,26,0,1,0,19,4,79,89,25
15265,15,35,136,207,39,7,7,7,18,9,120,181,32
62266,62,3,0,4,3,0,5,2,0,5,0,8,6
02266,02,7,7,2,2,0,0,0,2,4,4,3,1
80266,80,3,39,28,3,0,2,0,0,6,17,23,11
14266,14,37,144,176,49,10,13,0,0,3,118,138,41
21266,21,0,20,13,5,0,4,0,3,1,9,23,8
76266,76,22,98,81,27,4,8,4,0,0,62,73,19
27266,27,13,41,35,10,2,3,1,5,0,26,25,12
25266,25,1,17,20,8,0,0,5,0,0,1,21,2
51266,51,15,68,59,7,5,7,5,0,6,37,61,12
59266,59,88,586,437,110,29,31,2,1,12,470,349,129
57266,57,9,23,20,1,0,0,5,0,0,7,20,4
39266,39,7,33,35,12,6,1,1,0,0,19,29,6
54266,54,14,47,42,13,0,0,5,2,7,34,39,9
64266,64,9,20,30,7,0,6,0,9,0,24,26,15
38266,38,8,45,58,4,0,6,0,9,4,40,37,11
23266,23,4,11,20,11,0,1,4,0,5,8,20,7
55266,55,4,6,10,0,1,1,4,0,0,0,6,5
31266,31,0,20,20,4,0,0,2,0,0,22,20,12
52266,52,0,4,10,6,3,2,4,0,1,0,9,0
65266,65,3,0,5,6,2,0,1,0,0,0,0,0
61266,61,5,2,8,0,2,4,0,0,3,0,10,6
50266,50,13,41,46,12,4,0,0,0,0,28,46,12
17266,17,13,64,81,13,4,1,3,1,4,66,61,21
67266,67,28,90,76,15,5,0,5,0,0,57,75,25
71266,71,16,41,35,12,0,7,0,0,0,30,35,8
88266,88,24,101,63,17,8,2,2,0,1,43,66,14
77266,77,15,80,77,21,6,7,0,9,0,66,56,20
33266,33,15,66,101,34,0,9,0,0,6,75,57,29
24266,24,35,150,172,55,2,14,0,9,5,187,137,44
32266,32,3,18,21,9,5,0,0,0,0,2,8,3
89266,89,15,50,35,11,1,5,0,0,5,8,26,4
01266,01,72,288,281,60,13,4,1,7,17,189,259,66
10266,10,0,0,8,4,3,2,4,0,0,0,9,0
11266,11,111,883,636,193,15,37,22,55,28,672,445,210
26266,26,0,2,10,0,4,0,5,0,2,0,0,0
22266,22,67,221,375,109,19,27,2,12,9,233,234,109
45266,45,3,28,29,4,3,0,3,0,4,2,24,2
68266,68,73,263,195,52,10,9,6,0,14,136,232,52
72266,72,9,81,72,22,2,8,3,0,0,51,103,19
49266,49,33,101,162,35,5,3,6,0,4,84,135,36
35266,35,59,216,435,135,11,13,2,18,12,271,272,131
46266,46,10,45,69,15,0,2,4,0,5,49,42,20
34266,34,13,67,45,19,2,0,4,0,0,40,46,19
30266,30,16,123,85,22,4,8,0,12,5,100,84,17
09266,09,0,6,7,4,5,0,5,0,1,0,5,6
40266,40,33,153,217,76,4,9,3,44,6,170,149,75
42266,42,14,77,71,18,3,0,6,32,0,56,57,13
81266,81,24,116,109,37,0,3,1,25,1,99,100,38
85266,85,34,130,177,31,5,8,0,37,6,107,177,32
47266,47,10,26,24,11,0,4,0,0,6,0,26,8
58266,58,0,27,26,4,0,6,0,5,4,19,12,1
29266,29,61,197,418,151,18,30,5,27,12,253,244,155
07266,07,2,11,15,2,0,5,0,0,0,16,16,8
2A266,2A,0,17,17,6,0,4,0,4,4,7,13,2
03266,03,4,32,29,11,5,6,0,0,5,12,26,12
74266,74,27,91,114,30,0,4,0,19,3,74,125,19
86266,86,7,6,18,3,0,4,0,5,0,7,10,1
12266,12,11,48,74,18,1,1,5,0,6,49,61,17
19266,19,0,9,23,1,4,0,0,0,5,12,6,9
18266,18,9,33,31,7,0,0,0,14,0,33,37,7
53266,53,10,13,29,3,2,0,4,11,0,14,30,2
41266,41,0,16,7,8,0,0,2,0,0,9,9,4
37266,37,180,616,800,203,15,29,12,13,35,609,700,219
69266,69,2313,8571,14043,3571,261,398,147,508,578,9921,12178,3577
15266,15,13,59,91,20,7,0,2,0,3,35,80,23
62267,62,5,56,39,5,0,2,0,20,2,29,24,7
02267,02,5,56,23,8,0,2,0,5,3,19,19,6
80267,80,11,36,20,2,0,2,3,0,6,10,23,10
21267,21,8,59,57,15,7,5,5,0,6,42,57,19
27267,27,7,62,35,13,3,0,0,0,7,27,37,15
78267,78,125,441,931,220,4,30,6,84,38,510,856,225
25267,25,12,76,73,18,2,1,0,18,0,60,62,22
51267,51,7,26,19,10,2,2,0,0,3,8,24,9
70267,70,9,74,49,9,0,7,2,1,0,35,50,12
59267,59,7,35,21,12,3,6,0,4,0,35,19,4
64267,64,1,7,15,5,1,0,3,0,4,9,3,0
39267,39,2,9,13,0,0,0,0,0,4,9,8,1
77267,77,13,35,41,14,0,0,0,0,1,36,26,9
12267,12,14,55,92,23,3,6,5,13,6,79,69,26
55267,55,5,35,24,11,5,0,0,11,1,13,20,1
31267,31,4,9,7,0,1,0,5,0,3,1,4,0
52267,52,4,34,22,6,3,5,4,1,0,10,22,0
65267,65,12,48,76,14,2,1,0,12,7,66,42,16
60267,60,3,26,22,2,4,0,0,0,3,5,18,1
57267,57,21,106,76,19,0,3,4,24,1,68,74,17
88267,88,19,61,42,12,3,0,4,5,7,43,43,7
50267,50,60,201,265,70,3,12,9,1,14,177,222,71
67267,67,505,1885,1653,401,59,74,16,136,65,1107,1676,409
71267,71,31,94,89,30,7,0,0,31,0,68,80,20
24267,24,1,15,25,11,2,6,0,0,0,23,14,3
32267,32,2,6,8,5,1,4,1,10,0,14,7,0
28267,28,21,63,49,13,6,5,1,0,0,32,58,7
89267,89,1,28,24,0,0,6,0,0,0,16,13,9
38267,38,24,87,86,31,0,7,0,14,1,69,58,22
61267,61,6,19,16,5,6,1,0,6,0,11,27,10
10267,10,12,42,32,1,4,0,5,0,6,0,35,11
17267,17,18,99,99,29,8,7,0,14,3,82,93,21
01267,01,34,127,114,21,1,9,0,0,8,54,108,31
11267,11,23,167,110,36,0,3,3,41,2,117,79,31
63267,63,7,43,73,21,0,3,0,3,0,61,45,25
16267,16,6,5,13,4,3,0,0,0,1,0,10,0
68267,68,70,264,195,46,8,15,2,44,9,134,236,38
26267,26,6,0,2,0,0,2,0,0,2,0,0,3
22267,22,3,33,53,10,2,1,3,0,5,28,24,18
72267,72,22,103,94,25,1,1,2,12,0,84,128,24
49267,49,249,765,1230,306,25,48,18,36,44,747,1116,279
46267,46,15,53,74,19,0,0,0,24,0,61,44,16
34267,34,31,222,196,55,3,9,4,9,15,212,157,58
30267,30,13,68,39,14,5,5,0,11,1,47,33,8
40267,40,19,84,131,42,7,8,0,7,6,95,92,45
09267,09,2,17,17,9,0,0,0,13,0,22,14,12
79267,79,10,31,45,12,2,5,0,0,0,0,31,13
07267,07,8,39,31,7,0,5,0,7,5,40,24,8
42267,42,43,194,175,42,4,8,0,33,4,152,137,45
73267,73,16,35,46,16,0,0,1,0,1,36,40,12
47267,47,9,33,19,10,0,0,0,3,0,22,23,8
81267,81,11,77,80,28,3,5,1,0,7,64,52,19
58267,58,20,74,75,21,0,4,0,0,7,32,57,25
29267,29,9,44,93,41,0,0,0,35,0,60,54,34
85267,85,22,79,117,22,3,2,0,18,0,70,113,24
2B267,2B,3,9,8,0,0,0,0,8,0,4,10,7
03267,03,15,84,92,14,7,4,2,3,7,67,75,15
74267,74,126,394,509,122,14,32,6,15,30,336,528,123
18267,18,121,525,481,116,20,38,9,28,27,410,387,112
53267,53,20,69,126,29,0,3,5,0,5,65,119,28
41267,41,20,105,76,22,7,8,5,0,5,50,93,25
69267,69,41,167,284,81,6,0,5,15,15,220,255,68
43267,43,50,194,199,38,9,16,1,0,11,130,140,49
37267,37,139,520,650,190,25,24,3,67,28,500,588,182
15267,15,97,393,597,113,20,25,4,48,20,329,522,117
62268,62,116,689,408,103,26,32,15,34,18,363,306,110
02268,02,12,109,55,15,6,3,0,0,6,48,46,10
80268,80,20,100,69,17,6,5,2,0,0,42,53,18
21268,21,2,21,18,6,0,0,4,9,0,18,18,6
76268,76,9,18,22,2,4,0,0,0,2,13,11,4
60268,60,14,54,30,6,0,5,3,0,4,25,33,4
95268,95,520,1997,2832,764,32,113,34,217,151,2682,2086,796
51268,51,4,24,18,9,1,3,0,0,5,0,19,8
25268,25,8,14,7,7,5,0,2,0,0,0,7,8
57268,57,0,27,16,7,4,0,0,4,0,11,11,2
70268,70,2,24,13,5,3,1,0,5,6,19,14,9
54268,54,9,22,21,2,0,0,0,0,4,0,16,10
64268,64,3,26,45,15,0,2,1,0,6,24,23,9
39268,39,4,8,10,6,0,6,0,0,0,0,6,3
59268,59,131,730,489,146,17,39,9,15,13,523,457,149
55268,55,16,111,61,11,4,1,2,18,0,48,54,18
31268,31,6,15,21,11,0,0,0,0,3,6,11,10
65268,65,7,27,34,12,3,0,0,0,0,18,16,9
38268,38,4,25,29,5,2,6,0,4,1,26,27,8
15268,15,26,114,145,29,0,6,0,46,2,86,128,31
88268,88,0,19,20,0,2,4,0,11,5,10,8,4
50268,50,2,25,29,9,3,6,5,0,0,12,32,4
67268,67,80,315,277,71,19,16,0,73,9,178,291,64
71268,71,13,35,42,8,6,6,0,0,0,22,37,11
77268,77,209,738,747,165,9,21,7,80,35,687,592,201
08268,08,4,13,2,1,0,1,1,0,2,0,10,5
33268,33,50,229,316,93,6,12,6,6,14,252,198,78
24268,24,13,71,69,22,7,4,0,18,0,86,56,18
32268,32,11,58,70,20,5,2,1,20,0,66,62,27
89268,89,28,116,82,17,5,7,2,0,8,50,86,23
28268,28,4,1,2,5,3,0,0,0,0,0,0,0
01268,01,6,31,22,11,0,0,0,16,0,14,20,5
61268,61,0,13,12,7,0,0,2,2,0,9,14,6
10268,10,126,648,390,82,16,14,5,73,13,280,499,84
17268,17,10,23,27,6,0,0,0,0,2,9,21,3
11268,11,0,11,11,3,4,4,3,2,0,15,9,2
63268,63,8,21,33,13,0,1,0,16,5,30,20,7
16268,16,7,12,25,10,0,0,0,0,0,14,20,3
68268,68,20,87,66,18,0,4,2,7,0,42,69,12
26268,26,4,17,16,7,0,4,0,0,0,0,16,4
22268,22,9,42,74,22,1,7,0,15,5,57,59,28
46268,46,25,85,134,33,3,4,0,0,9,102,77,25
45268,45,12,67,59,14,4,5,4,9,2,38,51,17
72268,72,7,53,58,21,3,6,0,10,6,45,83,11
35268,35,9,34,63,20,0,5,0,9,0,41,37,24
30268,30,15,75,55,18,4,0,5,0,0,47,55,20
34268,34,7,80,69,19,1,2,0,0,5,65,63,24
40268,40,11,66,80,26,4,2,0,34,1,70,60,29
09268,09,19,149,128,56,0,10,4,24,5,174,82,59
79268,79,22,84,119,31,6,6,6,23,1,79,80,25
07268,07,28,104,102,27,5,2,0,17,3,103,81,26
73268,73,15,46,42,17,5,2,0,0,2,30,51,14
85268,85,46,135,181,40,3,11,4,13,4,99,178,36
81268,81,1,20,15,7,0,0,2,0,0,7,8,5
58268,58,9,22,20,5,1,0,0,9,6,23,16,5
29268,29,33,104,226,87,9,7,4,10,3,154,132,83
2A268,2A,0,24,9,3,1,0,4,5,2,6,18,8
03268,03,6,50,58,8,4,3,0,0,7,35,40,14
12268,12,11,35,55,12,3,2,2,21,2,47,48,17
86268,86,31,94,121,37,0,3,0,0,9,109,95,42
19268,19,0,2,11,2,0,1,0,0,3,0,9,0
18268,18,13,41,34,15,3,0,0,8,4,32,34,12
41268,41,9,22,23,2,4,0,4,0,6,0,26,2
37268,37,0,10,11,2,0,0,0,14,1,17,8,4
69268,69,71,274,440,130,9,17,1,48,18,289,373,101
42268,42,19,88,74,19,2,6,6,10,13,68,74,21
43268,43,196,794,800,171,27,48,4,118,24,648,641,180
15269,15,0,12,24,2,0,3,4,0,0,10,21,0
62269,62,24,143,75,15,9,6,0,0,2,59,59,18
02269,02,1,22,14,0,1,6,0,0,6,6,13,0
80269,80,8,17,16,6,2,3,4,0,1,0,5,3
14269,14,7,27,34,9,0,0,0,4,0,17,24,3
21269,21,11,46,48,13,0,7,0,13,0,33,45,12
76269,76,4,22,19,5,1,0,0,11,4,15,16,5
27269,27,7,26,23,10,2,5,4,0,0,0,14,9
60269,60,10,46,37,4,4,4,0,0,7,9,33,11
78269,78,26,74,170,42,6,1,1,7,2,108,168,34
25269,25,7,5,7,7,3,3,2,0,0,1,3,0
51269,51,5,39,28,8,3,0,4,0,6,24,38,9
70269,70,3,0,5,4,0,3,0,0,0,0,8,0
59269,59,35,202,152,50,1,6,2,13,9,170,121,37
57269,57,240,1075,789,209,39,49,13,15,41,666,665,220
54269,54,7,47,38,6,5,0,0,0,6,12,31,14
64269,64,83,314,619,180,9,34,1,187,13,468,405,181
39269,39,10,21,25,1,0,5,3,2,0,21,17,7
38269,38,100,447,478,131,17,10,6,74,12,417,328,141
12269,12,5,12,21,10,0,0,0,0,4,8,20,3
55269,55,0,18,5,0,0,6,3,0,4,0,12,0
31269,31,29,108,169,59,0,4,6,16,7,155,99,54
52269,52,210,1117,578,146,33,27,19,63,15,491,633,153
65269,65,5,21,20,2,0,0,3,11,0,13,9,6
50269,50,8,29,30,6,6,0,3,0,2,2,33,12
67269,67,6,33,35,5,4,3,3,2,0,17,38,13
88269,88,6,46,33,13,1,4,1,2,0,22,26,11
71269,71,43,208,180,50,11,12,0,4,7,154,154,45
77269,77,54,201,200,52,6,12,2,0,6,184,168,53
08269,08,0,11,9,0,1,4,1,0,0,0,5,0
33269,33,3,28,50,16,4,3,0,11,1,33,30,20
24269,24,18,69,76,17,2,5,2,8,4,70,63,20
32269,32,13,52,53,15,0,3,0,12,0,47,36,15
28269,28,55,231,202,43,3,14,2,28,6,155,206,57
61269,61,12,52,52,12,3,4,5,0,4,9,53,12
01269,01,50,254,201,48,6,1,2,19,7,158,204,46
10269,10,3,27,10,4,6,0,2,0,0,1,20,8
17269,17,22,67,88,19,6,8,0,13,1,58,68,14
11269,11,49,315,215,71,5,20,0,22,13,239,166,63
63269,63,24,84,128,31,3,7,5,0,7,84,67,27
16269,16,24,98,119,26,6,9,0,0,0,77,83,28
68269,68,162,606,416,91,26,26,6,41,30,312,469,107
26269,26,2,8,11,2,0,0,0,1,5,3,6,3
22269,22,1,20,32,13,0,3,2,0,1,17,25,14
45269,45,105,379,382,86,12,15,1,76,17,278,346,93
72269,72,58,263,252,78,12,14,7,11,10,225,368,79
49269,49,80,219,352,92,3,12,5,52,7,232,332,94
46269,46,2,10,8,0,3,3,0,2,0,11,7,1
34269,34,0,19,20,2,5,0,1,0,5,11,8,6
30269,30,60,419,256,69,17,9,0,0,13,307,226,67
40269,40,27,116,170,57,0,7,0,36,6,133,109,50
79269,79,12,36,47,11,0,0,0,10,6,39,30,13
09269,09,5,34,36,16,2,2,1,0,6,51,24,17
07269,07,29,150,129,30,4,13,3,2,2,133,107,36
73269,73,21,72,76,26,1,3,0,15,6,69,74,21
42269,42,8,26,23,0,0,6,0,0,0,12,10,5
47269,47,25,119,94,24,0,10,0,36,8,86,82,26
81269,81,11,73,66,20,3,3,0,12,0,57,54,18
85269,85,14,39,57,13,5,0,5,0,5,6,58,8
58269,58,7,50,46,11,0,5,3,0,5,30,35,7
29269,29,21,71,129,43,3,10,4,0,0,78,88,57
2A269,2A,14,223,145,24,0,12,0,47,9,114,223,23
03269,03,0,13,15,4,0,0,0,0,0,7,11,3
74269,74,53,192,228,51,0,9,1,24,15,153,246,46
86269,86,8,19,25,4,5,0,0,0,5,7,22,5
19269,19,34,97,156,39,9,15,2,12,10,120,109,40
18269,18,26,86,72,23,2,1,6,15,4,62,61,20
53269,53,15,48,82,14,2,0,1,23,0,41,77,11
41269,41,436,1709,1373,378,59,75,26,137,57,1069,1479,377
37269,37,9,42,58,17,5,6,0,19,0,46,46,16
69269,69,20,79,127,25,4,4,3,0,5,93,100,34
69270,69,92,357,582,149,6,23,11,10,26,420,506,142
62270,62,168,1127,575,180,31,41,3,25,29,570,479,173
02270,02,0,25,8,4,3,5,0,0,0,2,13,6
80270,80,1,0,3,0,0,0,0,0,0,0,3,0
14270,14,8,48,48,14,0,5,0,0,3,32,46,10
21270,21,2,28,30,11,5,3,3,0,0,0,28,6
76270,76,69,366,292,82,10,9,2,7,17,324,239,91
95270,95,9,50,61,19,0,5,0,0,9,43,51,19
60270,60,8,48,29,5,0,0,2,14,2,27,30,4
25270,25,0,14,17,0,3,2,0,8,0,5,10,0
51270,51,5,37,24,0,3,3,0,4,0,12,26,5
59270,59,9,68,54,9,0,4,0,3,6,50,48,16
54270,54,63,369,300,93,9,19,2,38,7,277,243,88
64270,64,19,57,127,35,0,3,4,33,0,94,79,30
39270,39,14,53,46,11,5,0,0,15,0,46,47,9
38270,38,52,192,242,63,9,12,1,0,12,185,153,58
55270,55,0,0,6,2,0,4,0,0,5,0,0,0
31270,31,17,88,153,44,6,10,0,6,5,137,98,49
65270,65,0,26,36,12,2,0,0,6,0,29,18,5
50270,50,10,49,46,9,5,0,0,11,0,38,39,20
88270,88,56,312,209,39,5,16,7,16,14,178,178,42
67270,67,9,41,41,8,0,0,1,11,3,24,34,9
77270,77,23,93,105,27,2,2,0,0,7,86,76,26
33270,33,6,20,25,8,2,5,0,0,2,8,13,12
32270,32,5,10,7,2,1,1,0,0,0,2,12,5
28270,28,5,31,18,3,5,5,0,8,0,13,19,1
89270,89,1,19,15,7,1,0,3,0,0,0,12,8
71270,71,750,2861,2685,703,82,140,39,113,115,2077,2298,707
10270,10,12,43,23,7,0,4,0,0,0,13,27,3
17270,17,16,62,61,22,0,1,0,2,0,58,62,22
11270,11,6,14,8,8,0,1,0,7,4,12,5,8
63270,63,6,45,68,16,1,5,6,16,0,60,36,16
16270,16,9,40,37,6,0,6,0,17,0,36,25,7
68270,68,123,485,360,79,25,9,6,57,18,257,387,83
26270,26,0,15,18,10,2,5,0,0,6,19,10,3
45270,45,52,221,209,50,13,9,3,2,8,131,191,54
72270,72,3,17,25,10,0,5,3,0,2,5,23,8
35270,35,3,25,52,18,3,1,0,0,4,38,34,17
46270,46,6,19,32,4,0,3,2,4,2,36,26,4
34270,34,194,1474,1129,309,30,65,16,96,42,1232,971,343
30270,30,31,213,148,38,0,11,1,0,11,157,130,35
40270,40,5,42,58,14,0,5,0,13,0,40,44,24
79270,79,119,407,621,168,23,29,20,21,25,420,442,168
09270,09,6,24,21,13,1,0,0,1,4,26,8,9
07270,07,10,58,49,17,7,5,0,0,2,42,41,18
42270,42,42,164,165,41,8,5,5,8,9,106,133,43
73270,73,117,386,412,98,6,9,7,77,17,326,384,108
81270,81,1,21,11,4,0,3,0,8,0,21,10,4
29270,29,32,109,221,89,3,9,3,18,3,141,121,87
58270,58,14,46,43,14,0,7,5,3,4,38,39,10
2A270,2A,9,57,44,11,0,1,2,1,4,33,60,9
03270,03,9,11,22,5,3,5,4,0,6,0,11,0
12270,12,95,329,564,141,9,26,13,109,17,387,453,134
86270,86,4,24,18,6,0,0,4,0,5,12,18,8
19270,19,14,42,60,9,2,2,6,13,0,51,49,9
57270,57,15,88,64,22,2,5,3,8,4,51,52,16
18270,18,17,97,83,21,2,2,3,0,6,68,75,24
37270,37,70,227,314,83,19,12,3,40,6,236,263,79
53270,53,7,5,17,7,0,0,0,0,0,6,20,3
69271,69,217,824,1386,336,33,34,5,58,56,921,1177,344
62271,62,21,120,71,16,2,6,0,17,0,67,54,14
02271,02,3,22,16,3,6,0,0,0,2,7,8,0
80271,80,29,147,109,18,9,10,2,0,3,74,69,18
21271,21,13,34,45,10,0,2,0,0,2,21,30,11
14271,14,92,403,507,136,9,29,6,21,19,370,423,137
76271,76,40,196,171,51,8,11,1,0,4,162,140,52
27271,27,6,42,36,13,0,7,0,0,1,19,29,5
60271,60,3,19,10,1,4,0,0,9,0,13,6,0
25271,25,36,182,171,41,2,8,0,20,5,149,179,46
70271,70,11,54,34,5,6,2,0,4,4,33,29,12
59271,59,458,2707,1905,530,88,119,23,87,94,1875,1607,538
57271,57,16,109,82,18,2,6,0,0,5,65,67,23
95271,95,10,43,68,13,0,5,1,0,7,52,45,23
54271,54,0,10,16,2,1,0,0,4,1,14,10,0
64271,64,10,35,68,19,4,0,0,16,0,56,38,23
26271,26,91,406,380,106,16,22,1,24,14,333,314,106
39271,39,12,52,45,9,1,5,2,0,0,28,39,5
55271,55,13,61,32,12,0,2,0,13,2,28,30,12
52271,52,4,41,14,9,0,0,1,0,1,14,22,6
31271,31,33,151,260,79,9,14,4,49,5,227,163,80
61271,61,0,7,6,6,0,1,3,2,0,8,9,2
88271,88,13,44,26,8,0,4,0,0,6,9,23,12
50271,50,4,0,12,7,5,1,2,0,4,0,0,0
67271,67,25,70,58,10,2,0,4,3,0,47,66,21
65271,65,2,28,38,12,0,5,3,18,4,41,19,18
71271,71,6,18,20,1,6,1,4,0,0,11,15,7
77271,77,2,8,19,8,0,3,5,0,1,0,10,2
08271,08,0,22,8,6,1,0,0,0,5,3,6,0
33271,33,1,16,23,5,1,7,1,15,0,24,12,4
24271,24,16,73,71,21,0,8,3,0,7,60,54,19
32271,32,10,26,25,7,5,0,2,2,0,25,27,16
28271,28,0,16,20,2,1,4,4,0,1,2,21,6
89271,89,8,12,9,1,0,6,0,9,0,10,12,0
38271,38,23,102,112,32,4,9,0,0,8,43,76,33
10271,10,15,87,49,17,0,0,0,24,1,35,69,9
17271,17,13,38,32,10,2,0,1,0,0,24,29,11
11271,11,0,3,4,0,0,0,2,3,3,0,3,2
63271,63,30,142,207,49,11,18,2,0,7,133,126,53
16271,16,58,281,339,86,8,18,12,25,11,278,219,78
68271,68,388,1499,1114,267,43,65,22,107,65,746,1245,269
22271,22,6,29,46,17,0,0,1,6,0,29,31,17
45271,45,34,111,119,27,5,10,3,0,4,61,104,23
49271,49,53,173,277,67,15,9,9,0,12,140,246,65
72271,72,18,76,75,18,3,9,0,1,4,62,118,18
35271,35,34,84,190,47,8,4,6,11,3,119,108,47
46271,46,5,36,57,18,0,7,0,3,0,50,39,21
34271,34,4,28,27,5,0,3,0,6,4,28,20,8
30271,30,12,86,51,17,4,0,5,4,0,67,54,21
79271,79,11,26,36,4,0,3,1,0,1,18,23,13
09271,09,0,9,7,3,1,5,0,4,1,11,2,6
42271,42,108,484,434,108,19,23,11,58,11,357,370,108
73271,73,11,28,31,6,6,7,1,13,0,23,34,6
47271,47,12,36,35,11,3,0,0,0,3,12,30,12
81271,81,180,925,927,283,18,49,14,162,32,882,725,258
85271,85,11,46,51,13,4,3,0,1,0,30,48,14
29271,29,12,59,112,52,2,11,0,0,0,87,79,47
40271,40,29,88,133,46,0,4,4,9,5,113,96,45
58271,58,7,11,20,6,2,0,4,0,0,0,14,6
2A271,2A,44,416,254,54,3,18,2,76,15,211,363,52
03271,03,20,99,93,24,5,1,1,11,2,87,85,27
74271,74,18,36,54,13,0,0,0,1,1,36,61,6
86271,86,12,66,95,31,2,8,3,0,8,66,62,22
19271,19,10,24,36,8,2,0,0,1,5,35,22,5
18271,18,34,181,167,46,17,14,1,11,2,139,137,38
41271,41,19,66,59,14,4,3,6,0,6,35,60,11
53271,53,73,224,360,75,13,15,4,0,18,167,365,82
37271,37,32,91,124,27,5,3,0,0,0,96,96,33
69272,69,90,344,579,155,5,9,0,28,17,424,511,142
62272,62,6,43,27,9,0,4,0,0,0,26,17,12
02272,02,1,13,5,7,4,0,0,0,1,7,3,0
80272,80,1,22,9,0,4,0,0,13,0,9,6,0
76272,76,22,107,94,28,2,10,6,0,6,97,73,25
91272,91,707,1762,2688,732,70,103,43,125,140,2229,1841,680
60272,60,13,102,53,15,0,8,2,13,8,50,46,9
51272,51,14,57,39,7,6,5,0,0,0,6,48,12
70272,70,7,31,24,4,4,0,0,0,3,6,23,10
59272,59,117,713,503,147,24,15,1,3,15,535,409,140
57272,57,2,20,11,0,0,0,0,3,3,6,7,6
64272,64,0,7,22,1,0,0,5,14,1,20,12,1
54272,54,7,49,39,17,0,2,2,0,0,45,32,15
14272,14,0,12,14,8,0,0,0,0,3,0,11,6
39272,39,0,5,5,3,0,0,0,2,1,10,7,0
55272,55,16,61,41,8,2,5,5,0,0,30,42,13
52272,52,4,22,14,6,0,0,0,0,4,0,18,8
31272,31,0,7,12,0,2,0,0,5,0,8,4,6
61272,61,2,0,1,0,0,0,5,0,1,0,3,4
21272,21,7,24,29,10,0,0,3,14,0,23,30,4
65272,65,2,5,9,7,0,5,2,0,0,15,8,0
50272,50,37,111,152,41,0,4,6,0,8,101,138,32
88272,88,0,11,9,4,0,0,0,0,0,0,11,4
67272,67,11,49,40,11,4,6,3,0,6,26,39,13
77272,77,25,98,88,17,1,5,3,0,9,78,75,20
71272,71,2,33,28,9,0,6,0,0,6,11,23,5
08272,08,3,9,1,1,2,4,0,9,2,2,2,1
33272,33,23,86,140,43,3,3,1,16,1,110,91,38
24272,24,15,51,52,13,0,0,4,12,0,47,43,9
32272,32,1,15,25,7,0,0,0,6,5,13,15,5
28272,28,5,24,20,4,1,0,0,0,6,11,17,0
89272,89,5,44,26,11,0,0,5,0,0,19,28,7
38272,38,5,32,45,15,1,2,0,9,3,30,30,9
01272,01,43,172,137,33,0,2,5,0,4,103,143,37
10272,10,3,32,17,2,0,0,1,0,5,10,15,8
11272,11,44,369,265,84,5,12,5,9,10,287,204,94
16272,16,12,47,63,20,0,2,1,11,0,51,37,22
63272,63,59,251,392,105,18,24,7,12,13,309,219,99
26272,26,5,41,31,8,2,2,0,3,6,41,31,14
22272,22,48,160,291,86,10,19,2,23,10,209,184,94
49272,49,22,90,133,35,8,2,0,16,6,85,110,27
45272,45,97,384,360,94,19,26,7,6,8,254,340,89
35272,35,21,65,126,38,8,3,5,0,7,69,89,41
46272,46,2,22,31,11,0,0,0,1,4,30,19,10
30272,30,0,26,12,1,5,5,2,14,0,16,13,8
34272,34,54,412,318,90,7,21,10,37,15,343,268,79
40272,40,34,118,160,67,8,4,0,51,1,138,114,61
07272,07,12,36,29,12,5,0,2,0,0,23,19,14
09272,09,22,136,133,43,8,12,3,12,6,154,82,47
73272,73,0,15,18,10,0,1,4,6,4,15,26,2
42272,42,41,191,183,40,9,13,4,4,4,135,149,49
47272,47,2,23,25,1,5,0,1,0,2,20,14,5
81272,81,9,23,26,10,3,0,2,0,0,21,18,7
29272,29,61,206,425,142,11,26,1,0,16,290,275,170
72272,72,11,42,35,15,0,1,3,0,6,15,56,8
58272,58,7,6,16,8,0,0,3,0,4,0,11,3
2A272,2A,46,422,262,51,6,7,6,62,19,210,403,55
03272,03,11,37,36,11,5,0,0,0,0,13,34,8
74272,74,144,429,575,123,16,26,12,7,34,313,583,132
12272,12,8,33,68,13,0,2,0,5,0,53,51,21
86272,86,74,288,334,105,18,32,3,29,5,281,247,101
19272,19,295,990,1572,394,38,90,10,161,52,1144,972,349
18272,18,11,69,60,12,6,1,6,0,0,54,57,13
37272,37,30,93,124,40,8,10,1,16,3,102,108,30
53272,53,0,9,27,8,0,3,2,0,0,8,26,1
69273,69,184,701,1176,293,17,34,15,27,54,840,1040,301
62273,62,15,90,53,9,7,0,5,0,3,60,40,21
02273,02,0,34,24,3,0,5,0,12,6,15,12,0
80273,80,9,51,38,9,4,1,0,0,0,16,28,10
21273,21,33,137,157,42,9,9,4,16,10,110,128,33
76273,76,20,72,66,20,2,0,0,0,1,48,51,19
27273,27,14,60,40,14,0,6,0,0,1,26,32,12
60273,60,16,79,54,12,5,4,0,4,6,41,38,10
91273,91,29,51,89,18,0,4,0,18,4,71,58,24
51273,51,0,5,11,5,1,1,0,0,5,0,12,0
25273,25,9,28,17,3,5,0,0,4,2,16,18,8
70273,70,4,0,10,0,1,4,4,0,3,0,10,0
59273,59,285,1609,1114,327,47,59,36,41,30,1163,980,331
57273,57,9,45,34,3,0,7,0,0,7,20,25,7
64273,64,21,66,116,33,4,4,4,21,0,95,79,29
54273,54,207,1059,883,261,44,52,13,75,40,779,636,239
14273,14,9,16,23,2,6,2,0,0,5,8,20,5
86273,86,19,78,91,25,4,2,5,4,0,84,72,29
37273,37,137,469,612,157,25,24,5,12,27,473,539,168
31273,31,58,266,417,139,0,16,7,33,1,378,260,133
52273,52,11,22,11,1,0,8,5,0,1,0,9,4
65273,65,3,14,25,6,0,0,0,24,2,20,11,2
67273,67,24,62,68,19,1,0,0,8,3,36,56,20
88273,88,18,74,41,12,0,5,1,1,3,38,45,17
39273,39,9,34,33,6,4,0,2,0,0,6,30,9
71273,71,4,39,29,14,5,0,3,0,1,13,34,12
08273,08,7,4,10,6,0,2,0,0,0,0,8,3
77273,77,18,53,56,11,0,7,2,0,8,39,44,14
33273,33,130,640,922,284,19,72,16,66,39,752,622,274
24273,24,7,39,46,8,6,2,0,0,5,38,29,17
32273,32,3,20,29,5,0,6,0,0,4,6,22,11
50273,50,45,142,167,39,13,16,5,6,6,86,142,41
28273,28,2,19,14,1,3,5,3,0,0,4,18,8
89273,89,12,41,23,7,4,4,0,0,0,18,32,10
61273,61,1,8,9,7,0,2,0,0,2,0,2,0
38273,38,7,51,69,15,0,5,0,7,6,46,45,17
01273,01,53,189,169,45,0,8,1,36,6,123,160,48
10273,10,4,0,1,4,0,0,0,0,0,0,1,6
11273,11,13,85,72,22,6,0,1,0,6,68,55,22
17273,17,20,89,113,31,6,10,2,9,0,88,92,27
63273,63,37,150,213,64,8,15,0,0,10,155,133,63
16273,16,2,14,25,5,0,6,0,0,5,10,14,1
68273,68,19,78,61,16,0,0,5,10,6,39,69,9
26273,26,31,112,118,20,3,6,2,19,16,93,91,25
22273,22,40,171,288,98,2,9,4,29,10,215,207,88
72273,72,4,29,26,1,0,4,0,0,0,23,33,3
45273,45,81,317,327,71,6,18,1,5,13,217,286,67
35273,35,43,131,276,70,4,15,0,0,8,169,175,92
30273,30,32,198,127,28,7,9,1,0,1,116,116,32
46273,46,15,68,112,31,5,11,6,23,7,104,75,30
79273,79,26,67,112,26,8,1,6,0,7,53,79,24
40273,40,126,513,670,239,12,37,11,62,8,506,458,246
34273,34,3,13,14,3,0,4,0,10,0,15,10,0
07273,07,5,23,19,5,6,5,2,0,6,23,14,12
73273,73,15,34,42,12,0,4,4,0,0,27,42,9
09273,09,17,66,68,25,7,1,1,13,3,87,39,29
42273,42,15,49,47,13,0,3,0,0,0,26,39,6
47273,47,0,22,21,9,5,5,2,0,0,14,15,10
85273,85,48,165,215,48,10,8,6,10,1,124,207,36
29273,29,47,171,367,131,16,15,5,21,4,233,213,130
58273,58,42,165,158,39,8,14,3,0,4,127,117,51
81273,81,89,390,377,120,19,12,8,31,11,362,307,131
2B273,2B,0,10,4,7,0,0,0,15,0,2,8,0
03273,03,15,46,59,11,1,1,1,0,7,42,44,11
74273,74,28,75,107,28,1,0,0,10,1,66,108,29
12273,12,3,29,39,9,2,3,0,0,5,26,29,9
19273,19,26,80,109,31,6,7,3,17,0,96,73,22
18273,18,17,87,78,17,7,8,5,0,1,75,77,26
41273,41,19,78,52,18,4,0,2,3,1,31,49,11
53273,53,21,75,124,31,0,10,5,0,2,61,125,24
62274,62,143,963,538,151,31,37,14,12,28,501,402,147
02274,02,4,33,13,2,4,0,0,5,2,12,16,4
80274,80,51,268,193,46,11,1,2,12,9,162,128,34
21274,21,7,14,20,1,2,0,1,0,0,14,13,10
14274,14,66,242,288,93,11,15,5,36,5,241,251,80
51274,51,5,19,12,0,0,0,1,0,0,7,12,6
60274,60,13,56,37,9,1,0,3,0,5,15,36,10
25274,25,9,29,38,12,2,7,5,0,1,4,31,11
91274,91,39,103,161,36,8,11,0,12,8,129,110,43
70274,70,0,5,5,1,0,1,2,3,1,0,0,6
57274,57,25,129,98,18,5,6,3,13,3,74,71,22
64274,64,7,20,51,11,0,4,2,18,4,32,39,14
54274,54,165,891,752,190,15,32,23,44,23,656,564,211
76274,76,5,1,3,3,0,0,4,0,1,3,0,2
59274,59,15,71,49,11,2,0,0,0,4,38,38,10
39274,39,4,34,30,10,6,0,0,3,4,31,31,4
55274,55,12,50,29,9,0,2,0,0,0,18,24,9
31274,31,0,13,29,12,0,0,0,15,0,19,17,4
52274,52,7,48,28,14,5,0,5,7,8,19,24,6
50274,50,23,102,111,30,0,2,6,0,7,65,106,35
61274,61,12,29,23,1,2,0,0,2,0,21,30,7
01274,01,15,57,43,15,0,0,0,9,6,33,44,11
86274,86,26,81,107,30,6,10,1,27,7,87,76,32
65274,65,0,14,21,7,0,0,0,2,0,18,13,8
88274,88,6,4,3,6,0,0,3,0,0,0,8,4
67274,67,9,31,19,3,1,0,0,4,2,16,30,4
71274,71,11,55,54,17,3,0,0,0,6,31,36,18
77274,77,6,40,48,11,0,1,1,9,4,45,28,6
08274,08,1,21,13,3,0,6,0,0,3,0,5,4
33274,33,57,249,361,109,4,24,1,0,18,282,249,95
24274,24,28,108,113,35,6,5,3,11,7,113,78,29
32274,32,8,26,17,11,3,3,3,0,2,15,17,3
28274,28,7,35,23,9,5,6,0,0,3,5,28,3
89274,89,35,161,119,28,0,7,0,41,8,91,115,24
10274,10,14,48,36,11,1,1,0,0,6,0,40,9
11274,11,7,35,31,6,0,2,0,12,2,37,19,6
63274,63,4,41,60,12,0,0,2,0,2,36,39,17
17274,17,188,799,919,224,32,44,5,41,24,706,819,220
68274,68,8,12,9,2,2,4,0,7,0,7,12,7
26274,26,0,0,0,0,0,0,0,0,0,0,4,1
22274,22,8,29,46,20,1,0,3,0,3,21,36,12
72274,72,6,19,20,2,4,1,0,3,5,14,31,2
45274,45,243,941,906,219,24,46,14,50,25,592,820,220
35274,35,18,65,128,40,0,3,0,21,6,84,78,37
30274,30,70,521,322,87,8,33,4,34,11,372,289,80
40274,40,23,112,159,51,2,4,3,14,2,133,114,56
34274,34,45,312,259,77,10,14,2,35,15,288,228,67
79274,79,5,37,48,10,3,6,0,0,0,37,34,10
07274,07,3,31,29,7,0,0,0,0,6,19,26,2
73274,73,7,46,44,8,3,3,0,11,5,38,49,9
42274,42,12,31,28,12,0,0,0,0,0,17,26,5
09274,09,11,38,37,7,0,2,1,3,0,44,19,7
47274,47,12,54,37,7,5,0,0,7,1,45,43,13
85274,85,10,49,72,12,0,3,0,22,3,36,61,11
81274,81,15,92,83,28,0,10,0,33,0,90,67,23
58274,58,8,13,8,8,0,5,3,0,0,0,4,9
29274,29,98,344,750,306,23,34,9,10,16,511,478,284
2B274,2B,0,18,16,5,1,2,4,0,0,0,23,5
03274,03,10,32,33,9,0,7,1,0,6,16,30,4
12274,12,0,9,14,0,0,2,1,18,0,8,14,9
19274,19,101,394,599,130,15,33,4,35,29,430,403,144
18274,18,9,39,38,4,0,0,4,0,1,23,30,9
41274,41,3,24,12,9,2,4,0,0,3,7,12,1
37274,37,2,29,29,12,2,4,0,6,4,28,23,4
62275,62,9,39,23,2,4,0,0,9,0,31,19,2
69275,69,454,1799,2914,750,73,94,52,118,103,2020,2537,764
02275,02,4,62,36,4,0,1,0,14,4,28,22,5
80275,80,7,45,36,7,3,0,5,0,0,13,28,1
21275,21,7,16,20,5,0,0,0,0,0,6,19,5
14275,14,15,51,56,17,1,5,0,8,3,40,56,13
76275,76,31,152,147,37,9,7,0,11,8,132,113,37
27275,27,133,780,508,141,20,23,15,50,25,445,481,137
51275,51,6,19,20,7,0,6,5,0,5,0,15,5
60275,60,9,27,23,2,4,0,4,0,5,3,16,3
25275,25,9,32,31,7,5,6,0,0,0,2,23,2
91275,91,81,160,275,77,5,14,0,15,15,208,187,66
70275,70,8,63,34,4,0,3,3,16,4,24,28,6
59275,59,33,187,124,39,6,6,2,23,4,129,103,36
57275,57,24,114,95,29,8,7,0,0,7,79,67,27
64275,64,17,46,80,23,0,8,1,4,6,71,60,28
54275,54,1,35,28,13,3,1,0,0,0,22,22,5
41275,41,40,139,112,36,2,12,2,14,9,86,118,34
55275,55,1,6,7,6,5,3,0,0,0,0,12,7
39275,39,15,82,72,11,0,0,0,19,0,68,66,22
31275,31,7,20,16,7,0,0,3,7,0,18,9,5
52275,52,7,13,10,4,0,0,5,0,0,0,6,4
61275,61,24,86,86,17,2,4,0,0,1,62,97,20
50275,50,4,10,16,8,0,0,5,4,0,8,19,6
77275,77,9,20,15,6,0,0,0,1,1,16,8,0
65275,65,3,2,8,1,0,0,0,10,3,5,0,8
88275,88,12,26,22,6,2,4,0,1,0,16,23,0
67275,67,25,107,93,17,3,8,2,11,0,56,91,27
71275,71,38,184,158,50,9,3,0,4,6,130,132,45
08275,08,4,24,11,0,1,0,0,2,4,7,10,6
33275,33,5,1,22,8,0,5,0,0,4,0,16,10
32275,32,3,0,2,3,0,0,5,0,0,0,3,6
01275,01,63,284,273,62,10,12,7,5,14,177,233,55
28275,28,22,81,81,16,5,2,3,16,1,48,69,13
10275,10,13,84,51,10,5,6,5,0,0,25,58,11
11275,11,4,23,24,10,4,1,3,0,1,14,9,1
63275,63,20,65,103,26,2,3,3,11,3,84,68,24
17275,17,29,103,100,28,3,9,4,0,7,78,92,22
16275,16,0,13,17,1,0,3,5,4,4,22,12,7
68275,68,19,65,59,15,6,5,1,0,6,32,53,14
26275,26,41,203,184,52,13,7,3,5,9,143,137,48
22275,22,26,102,160,56,6,18,0,2,2,103,113,46
72275,72,27,145,132,34,0,10,0,22,0,131,191,41
45275,45,11,45,45,13,0,1,4,3,0,30,48,16
35275,35,84,281,620,192,17,30,8,21,20,409,399,197
30275,30,9,50,30,10,5,0,4,0,0,15,29,9
40275,40,11,57,77,29,0,7,5,7,6,60,55,34
07275,07,2,15,10,0,3,0,0,12,0,12,9,9
73275,73,15,38,46,10,6,3,1,0,0,16,31,13
42275,42,130,573,564,129,5,35,13,83,27,455,433,137
09275,09,2,26,33,8,1,3,0,16,1,41,20,8
47275,47,6,26,15,9,0,0,0,1,0,18,14,4
81275,81,8,28,22,7,0,0,0,0,2,22,18,3
58275,58,5,38,31,14,0,0,4,3,0,29,28,13
29275,29,18,41,96,36,2,3,0,15,5,74,54,31
2B275,2B,6,22,11,0,5,0,0,0,0,5,12,0
38275,38,10,33,46,14,0,2,0,3,0,32,26,8
03275,03,47,178,186,43,5,9,3,41,8,165,149,46
74275,74,71,227,308,63,5,13,4,8,20,199,296,65
12275,12,0,2,9,6,3,4,0,5,0,4,8,1
86275,86,11,53,66,15,0,0,0,38,1,58,45,16
19275,19,195,723,1081,272,22,56,16,139,31,808,702,243
18275,18,4,14,17,5,0,4,0,1,5,16,11,6
37275,37,0,7,19,9,0,5,5,0,4,0,9,7
62276,62,112,916,486,124,32,27,4,73,14,515,376,129
02276,02,0,27,15,5,0,0,0,1,0,16,8,3
80276,80,8,51,30,2,2,0,3,3,0,33,25,7
69276,69,189,669,1079,272,12,24,17,47,45,735,927,254
14276,14,12,31,39,16,2,0,3,0,1,27,37,14
21276,21,9,10,18,1,0,0,0,0,4,4,20,6
76276,76,92,459,380,91,20,18,3,31,12,385,317,110
27276,27,6,47,28,3,0,4,0,6,2,24,21,7
60276,60,5,34,22,6,0,4,2,0,0,8,18,5
78276,78,19,38,90,18,1,0,0,0,4,29,81,25
25276,25,5,12,19,10,2,0,5,0,4,0,20,10
51276,51,0,24,19,4,0,0,3,0,0,0,21,7
70276,70,0,24,22,1,5,4,0,1,2,8,17,9
59276,59,111,589,434,120,11,29,10,2,25,410,355,131
57276,57,10,34,24,10,2,0,2,3,0,22,29,4
64276,64,8,21,38,15,0,7,2,2,0,34,22,12
54276,54,15,94,71,27,3,5,0,0,4,63,57,19
55276,55,13,18,27,6,5,6,7,0,2,0,19,4
31276,31,10,36,53,20,0,0,0,0,0,20,35,18
52276,52,10,51,27,11,4,3,0,0,2,0,32,4
17276,17,4,12,11,0,1,3,0,1,0,2,5,2
65276,65,6,14,8,3,5,1,0,7,0,8,6,0
50276,50,15,58,67,23,7,1,0,0,2,36,49,17
88276,88,12,69,43,10,1,2,2,12,0,37,33,11
67276,67,56,224,209,38,10,9,8,8,13,143,195,49
71276,71,0,15,12,6,3,4,4,0,0,3,12,5
77276,77,96,356,381,90,10,8,11,27,18,328,309,100
08276,08,17,107,70,15,3,6,6,4,1,63,61,17
33276,33,0,12,13,4,5,5,2,0,4,3,16,4
61276,61,9,13,17,9,5,0,0,0,1,0,15,7
24276,24,8,33,43,11,3,0,0,11,0,31,28,7
32276,32,7,7,15,6,2,0,0,0,2,0,2,4
89276,89,33,126,84,20,2,3,4,0,8,61,81,20
28276,28,4,25,28,8,6,6,0,0,0,4,20,8
38276,38,58,237,256,67,12,7,5,36,14,231,172,68
01276,01,43,202,174,43,7,6,7,0,8,107,157,40
10276,10,12,56,33,8,1,0,0,0,0,22,36,4
11276,11,5,53,41,13,0,0,0,18,3,43,29,17
63276,63,37,182,306,72,9,21,0,32,6,219,178,84
16276,16,11,68,84,20,0,9,1,5,8,71,61,22
68276,68,5,38,28,0,3,0,0,2,0,14,27,7
26276,26,7,55,46,19,0,6,0,12,2,45,34,12
22276,22,3,12,24,13,0,0,5,0,0,23,18,10
72276,72,48,200,198,50,6,9,4,14,11,161,255,38
45276,45,13,54,53,15,0,0,0,14,5,35,40,7
35276,35,18,48,82,20,0,2,5,0,0,58,58,23
30276,30,82,508,329,89,10,19,2,49,7,381,297,94
46276,46,1,15,25,6,1,1,0,5,0,25,9,9
79276,79,27,86,134,36,6,11,0,0,2,104,106,42
34276,34,85,596,520,146,9,18,11,28,23,539,412,143
40276,40,2,33,39,12,0,3,0,10,0,37,33,12
07276,07,6,35,28,5,0,0,0,11,5,31,21,6
73276,73,14,45,41,17,4,3,0,0,7,34,46,9
42276,42,10,49,59,8,0,7,1,1,0,49,38,19
47276,47,12,41,28,3,6,0,0,3,5,23,22,12
09276,09,9,25,29,9,0,1,0,0,0,24,11,10
85276,85,24,62,81,14,3,9,4,0,0,39,91,15
81276,81,31,123,108,37,7,3,0,23,9,100,82,29
2A276,2A,15,89,56,9,0,0,0,26,6,51,85,7
29276,29,22,74,168,56,6,13,0,25,7,110,108,61
03276,03,0,10,9,1,0,0,4,18,0,9,8,7
58276,58,4,29,28,7,0,4,3,2,1,17,14,12
74276,74,104,291,364,88,8,24,5,23,21,250,393,80
12276,12,14,35,63,14,6,1,1,0,5,32,45,13
86276,86,29,99,126,39,1,8,0,29,0,120,99,33
19276,19,48,197,311,70,12,31,8,44,19,228,186,64
18276,18,7,21,18,7,0,3,0,2,0,16,22,6
41276,41,67,309,247,65,16,10,3,16,8,164,270,73
37276,37,27,114,134,33,4,5,6,5,0,117,121,43
53276,53,24,67,125,25,4,2,4,1,7,58,122,28
62277,62,60,453,245,68,16,17,4,37,13,237,184,58
02277,02,4,48,28,1,6,0,0,6,5,28,26,4
17277,17,37,110,129,31,0,15,2,14,5,106,118,35
21277,21,16,84,88,18,0,6,4,17,8,64,79,17
14277,14,35,169,204,56,3,2,4,21,7,141,174,55
69277,69,262,1077,1782,456,45,52,27,137,82,1211,1545,465
60277,60,36,221,124,36,8,3,0,0,2,123,117,38
25277,25,6,8,4,0,0,0,4,0,0,0,11,4
95277,95,421,1569,2386,650,50,73,49,92,152,2133,1704,618
70277,70,5,56,32,11,0,2,0,5,5,21,37,7
57277,57,2,23,10,0,2,0,0,23,0,8,12,2
59277,59,5,27,18,2,4,1,0,0,5,24,19,9
64277,64,7,24,56,17,0,1,4,16,5,39,38,11
54277,54,13,53,51,7,6,4,0,0,1,38,36,9
27277,27,11,93,72,22,2,9,5,0,0,42,64,20
61277,61,14,32,27,6,3,3,0,0,0,23,39,8
26277,26,3,24,19,9,0,0,0,0,5,4,21,9
39277,39,0,0,12,7,5,2,3,0,0,0,5,0
31277,31,32,114,182,55,7,12,5,0,8,158,121,63
52277,52,4,0,7,0,5,5,0,0,5,0,0,6
65277,65,6,13,6,7,0,0,4,0,0,6,3,4
50277,50,22,72,94,18,6,7,4,0,6,41,74,23
88277,88,7,13,10,8,2,4,0,0,0,5,9,5
67277,67,22,88,72,22,0,8,6,0,5,43,85,19
71277,71,16,86,73,25,2,6,1,0,7,55,61,17
08277,08,0,23,10,1,6,2,1,0,0,12,11,0
77277,77,51,196,201,47,5,6,0,14,13,164,145,41
33277,33,4,20,32,10,0,6,0,2,4,22,18,10
24277,24,12,36,36,10,0,0,2,0,0,28,25,15
32277,32,5,11,21,8,0,3,2,0,0,4,20,10
28277,28,14,51,41,8,0,4,4,0,0,15,43,6
89277,89,7,52,37,6,0,0,0,0,7,30,38,9
01277,01,8,9,15,10,5,1,0,0,1,5,11,9
38277,38,14,57,63,20,0,1,0,0,0,53,49,21
63277,63,0,9,11,0,2,5,0,0,2,5,2,0
11277,11,0,0,2,3,0,4,5,0,0,0,4,0
68277,68,38,131,91,26,8,1,0,13,6,70,106,22
16277,16,9,57,70,21,3,9,3,9,0,49,42,14
22277,22,45,165,292,86,11,12,0,21,7,206,183,92
72277,72,6,12,18,0,0,5,0,0,0,10,16,0
45277,45,14,59,49,8,6,6,0,0,2,26,52,11
35277,35,11,21,58,19,0,7,2,0,4,18,40,14
30277,30,8,69,43,14,0,0,0,16,5,55,48,11
79277,79,31,86,125,39,9,4,5,0,8,74,89,34
46277,46,4,21,28,6,0,1,5,3,1,28,19,5
34277,34,7,35,23,4,0,0,3,0,3,16,26,11
07277,07,8,12,22,1,2,0,0,0,6,10,15,4
40277,40,8,53,82,28,0,4,2,40,5,60,50,22
42277,42,11,47,41,9,0,1,2,0,0,28,38,8
47277,47,5,34,38,14,0,0,4,16,0,25,25,7
85277,85,34,141,179,33,8,9,0,26,0,102,187,34
09277,09,16,75,69,25,1,2,2,19,3,85,37,29
51277,51,13,35,28,6,5,2,4,0,6,7,36,3
73277,73,4,27,23,1,2,0,0,0,1,10,27,10
81277,81,16,66,54,24,3,5,3,0,5,54,43,23
58277,58,5,29,22,7,0,0,0,0,2,16,18,12
2B277,2B,10,79,58,20,1,4,4,0,6,16,67,5
29277,29,43,140,311,116,7,23,6,0,3,191,184,116
03277,03,8,36,31,10,0,3,0,3,0,33,22,11
12277,12,18,43,71,18,0,8,0,12,1,48,51,15
19277,19,5,15,27,11,5,6,4,0,0,5,21,8
18277,18,6,0,9,1,0,0,0,0,4,0,0,2
41277,41,0,13,18,2,6,4,2,0,4,0,18,0
37277,37,12,53,63,21,4,2,5,0,0,21,58,21
62278,62,11,108,66,14,0,9,0,0,6,54,52,16
02278,02,4,7,7,0,0,3,4,1,0,4,2,1
80278,80,9,22,23,9,0,6,0,0,4,0,8,7
21278,21,237,917,951,249,24,31,11,15,25,747,889,239
14278,14,23,112,156,44,2,9,0,9,2,115,114,38
76278,76,20,84,78,16,7,5,1,0,0,68,61,17
27278,27,45,222,151,42,1,11,2,0,8,126,153,44
69278,69,105,426,713,182,15,14,2,26,24,485,580,175
60278,60,9,54,31,11,3,0,0,7,0,37,39,6
25278,25,7,57,64,13,0,4,2,14,1,43,57,12
78278,78,13,39,71,24,2,0,0,0,0,36,73,14
70278,70,4,37,25,2,2,0,4,0,4,14,20,11
57278,57,3,3,11,0,5,4,0,0,0,0,1,6
59278,59,94,607,451,123,21,26,10,2,11,416,373,117
54278,54,1,8,6,5,4,1,0,8,0,12,3,3
26278,26,5,37,42,9,0,5,0,0,7,31,33,12
55278,55,2,33,15,2,5,0,5,6,0,9,18,9
39278,39,2,20,21,0,4,1,0,3,0,10,11,0
31278,31,6,34,45,13,1,0,2,3,0,42,31,16
52278,52,7,11,10,6,4,0,0,0,2,0,6,2
50278,50,6,26,29,11,0,5,0,0,6,17,32,13
51278,51,2,32,32,3,5,5,3,2,0,14,25,10
65278,65,1,1,2,0,2,0,5,0,0,10,1,4
67278,67,20,80,71,10,0,0,6,0,6,36,69,21
88278,88,1,15,14,3,0,4,0,0,0,0,13,0
71278,71,8,17,20,6,5,1,3,5,0,10,14,0
77278,77,15,50,51,11,0,2,0,0,4,40,34,10
08278,08,3,8,10,1,0,0,0,0,3,0,10,4
33278,33,8,18,27,11,0,0,0,0,4,24,22,12
61278,61,55,233,214,55,7,9,0,18,9,141,231,46
24278,24,4,4,4,3,0,0,0,14,0,5,4,4
32278,32,8,5,10,9,0,4,5,0,1,0,15,6
28278,28,36,162,142,38,10,6,3,0,11,102,135,30
38278,38,15,52,53,21,6,2,0,0,5,37,40,21
89278,89,8,59,36,8,0,2,0,9,0,32,40,9
10278,10,2,14,17,1,5,0,5,0,1,0,20,0
11278,11,5,12,11,0,0,0,0,0,4,0,3,3
63278,63,18,52,81,15,2,3,0,0,1,53,54,27
17278,17,11,67,71,13,0,0,0,38,1,57,59,24
68278,68,515,1925,1442,336,46,83,26,188,94,983,1592,345
22278,22,722,2965,4863,1550,158,250,64,269,164,3382,3227,1513
72278,72,15,71,70,19,7,2,0,1,0,58,86,21
35278,35,216,660,1468,437,35,46,14,44,33,890,897,432
30278,30,69,412,265,67,15,11,4,3,14,262,237,65
79278,79,5,24,31,7,0,0,0,7,4,17,16,4
34278,34,2,9,7,6,0,4,0,0,4,0,6,5
07278,07,9,52,50,16,2,3,1,3,0,44,33,19
40278,40,15,74,111,42,6,8,4,14,0,92,82,39
42278,42,9,23,17,9,0,4,0,0,4,7,21,7
73278,73,30,147,159,38,1,8,0,7,6,113,137,31
47278,47,4,53,32,10,2,2,0,4,2,38,39,7
85278,85,56,165,232,53,9,13,1,12,1,123,225,47
49278,49,102,335,495,111,10,33,3,31,18,306,464,125
45278,45,31,99,107,23,0,2,0,11,3,75,103,25
81278,81,9,18,21,2,4,6,0,0,5,2,12,9
58278,58,38,164,158,44,9,7,2,0,5,119,121,42
2A278,2A,6,21,16,2,3,0,2,0,3,7,22,0
29278,29,40,124,247,87,6,13,4,3,8,145,138,99
03278,03,1,24,24,5,2,0,0,8,5,20,17,10
12278,12,7,14,28,7,1,0,2,0,0,20,21,10
74278,74,160,469,592,122,8,30,8,66,30,384,608,125
19278,19,61,212,296,74,6,16,1,39,8,232,195,80
18278,18,16,59,54,14,1,0,0,0,3,23,49,10
41278,41,11,26,29,11,1,4,0,0,2,10,33,6
37278,37,21,93,116,28,9,7,0,0,9,76,89,35
62279,62,38,235,114,31,4,3,4,25,10,120,88,31
02279,02,13,96,47,12,6,5,4,0,3,39,44,17
80279,80,10,99,77,18,2,3,0,9,3,62,51,9
21279,21,0,2,4,0,0,2,0,0,2,2,3,6
76279,76,9,32,35,5,6,3,0,4,0,30,25,8
27279,27,90,430,311,77,8,16,2,2,15,253,280,81
60279,60,4,39,24,1,0,4,0,0,1,14,14,10
25279,25,0,21,15,3,0,4,0,0,0,7,16,3
51279,51,9,24,13,8,0,0,1,0,0,7,12,1
70279,70,118,650,399,87,14,26,15,32,22,290,364,85
59279,59,435,2632,1839,544,71,90,21,151,70,1885,1571,520
64279,64,43,132,282,88,10,19,1,69,10,203,186,81
54279,54,21,113,103,35,4,4,1,13,8,95,76,26
69279,69,119,475,810,203,30,26,15,35,28,571,685,208
26279,26,6,2,13,4,5,0,0,0,3,0,4,1
81279,81,11,34,32,8,6,0,0,0,0,16,21,10
55279,55,11,57,36,6,0,2,1,9,0,20,26,10
39279,39,18,72,66,17,6,2,4,0,2,40,55,20
31279,31,5,3,16,6,0,2,4,0,0,7,7,0
50279,50,11,65,72,22,0,9,0,0,2,43,62,17
71279,71,18,74,70,18,4,5,5,3,8,29,65,18
65279,65,5,14,29,11,3,2,2,0,5,18,11,5
88279,88,7,5,5,0,5,4,0,0,0,0,6,6
67279,67,5,30,24,11,3,0,3,0,4,0,30,5
77279,77,53,171,174,45,4,11,1,5,13,159,129,42
08279,08,2,4,6,1,0,3,0,0,1,1,0,6
33279,33,11,54,86,27,0,5,0,0,7,65,54,23
61279,61,14,71,66,23,0,4,0,12,5,50,71,18
24279,24,4,2,8,0,0,4,4,0,2,0,6,2
32279,32,12,60,73,22,0,6,2,25,4,58,52,32
28279,28,106,425,365,89,13,19,12,12,18,260,355,97
38279,38,25,128,144,35,3,2,1,29,2,109,98,44
89279,89,24,97,57,21,0,7,0,0,5,37,65,18
01279,01,8,7,14,5,2,0,0,0,0,0,15,7
10279,10,5,9,2,0,0,0,0,1,0,10,9,0
11279,11,51,346,244,82,8,9,0,29,13,259,195,75
63279,63,9,30,48,16,0,0,1,19,4,44,33,15
17279,17,11,63,67,14,2,7,2,15,4,54,69,12
16279,16,7,20,31,4,0,0,0,10,0,25,15,2
68279,68,28,130,105,27,9,5,2,6,11,61,99,24
22279,22,25,82,143,52,7,7,0,0,9,111,97,46
72279,72,8,22,19,3,4,2,1,0,2,2,20,9
45279,45,51,187,203,46,8,16,0,27,0,128,173,50
35279,35,22,67,165,50,8,6,6,0,1,101,103,45
42279,42,413,1740,1650,431,45,84,21,204,34,1328,1320,426
30279,30,20,87,61,10,2,3,4,6,0,77,59,10
46279,46,0,14,35,12,0,0,0,1,2,30,15,8
07279,07,45,246,217,61,6,14,6,9,5,220,186,64
34279,34,3,38,35,15,1,3,5,5,4,37,30,7
40279,40,250,1057,1423,490,37,63,18,199,33,1149,998,508
47279,47,13,51,39,15,4,4,5,0,0,17,33,6
09279,09,1,6,1,3,0,0,4,2,4,8,3,0
2A279,2A,5,25,8,6,0,1,0,6,0,16,15,0
58279,58,8,25,24,3,1,0,5,0,3,17,22,2
29279,29,54,185,399,156,10,24,2,18,2,259,267,153
03279,03,9,57,60,17,1,4,2,21,6,46,45,14
74279,74,29,81,90,18,0,0,4,1,3,63,108,27
19279,19,4,33,50,14,0,0,0,6,0,43,31,13
86279,86,13,54,64,25,5,0,6,2,4,48,44,19
18279,18,599,2737,2457,594,102,153,56,118,113,2031,2130,598
41279,41,9,51,53,10,5,3,2,0,7,24,50,17
37279,37,26,70,93,30,0,7,0,0,7,50,85,18
62280,62,4,67,35,5,6,0,2,0,3,31,25,13
02280,02,13,82,36,10,5,2,3,0,0,17,35,12
80280,80,6,16,19,0,3,0,2,4,0,7,9,8
21280,21,6,17,22,6,2,1,0,0,4,3,19,0
14280,14,6,25,36,7,0,2,0,2,0,26,21,5
76280,76,8,10,11,4,1,0,5,8,0,11,12,0
27280,27,15,72,43,9,0,8,0,6,5,36,41,17
25280,25,1,22,17,6,1,0,1,0,2,1,19,5
60280,60,0,23,6,0,0,5,2,0,0,4,11,5
95280,95,470,1728,2502,699,47,107,16,161,139,2315,1868,700
51280,51,0,0,4,0,2,1,2,0,5,0,3,4
70280,70,24,151,90,26,0,6,2,1,2,75,84,22
57280,57,8,50,36,7,6,0,5,17,0,31,28,14
59280,59,15,99,79,27,0,2,3,11,7,79,56,27
64280,64,9,34,58,12,0,9,0,8,1,48,41,15
54280,54,145,692,578,167,25,44,8,13,23,484,424,154
69280,69,33,100,161,45,0,1,5,21,8,119,145,50
55280,55,0,6,6,1,3,0,0,0,0,0,8,4
39280,39,3,12,16,1,0,0,0,9,0,6,7,4
31280,31,6,28,51,13,0,0,3,6,4,40,31,19
81280,81,5,24,33,7,2,3,0,0,1,22,29,13
52280,52,4,45,15,10,0,0,0,4,0,14,26,5
65280,65,12,40,63,13,0,6,0,15,0,51,41,18
88280,88,4,22,16,4,0,1,0,0,5,0,14,2
67280,67,26,96,88,19,4,8,0,11,4,53,85,16
71280,71,3,6,6,7,4,3,2,0,0,4,14,0
08280,08,0,7,10,0,5,2,0,0,0,0,7,4
77280,77,30,120,122,35,0,8,0,0,9,103,104,36
33280,33,11,39,53,11,0,4,0,8,5,38,34,20
24280,24,13,37,45,19,1,8,0,0,7,38,35,16
32280,32,0,13,16,5,0,0,0,0,3,7,7,0
28280,28,286,1141,941,231,38,53,23,58,32,669,1013,239
38280,38,18,80,76,18,3,0,0,0,1,64,60,22
89280,89,14,45,41,5,6,0,4,0,3,24,36,10
01280,01,1,27,14,7,0,0,3,9,0,11,13,6
10280,10,23,110,75,15,3,0,3,21,0,44,76,9
63280,63,5,30,47,16,1,5,0,0,3,21,32,14
17280,17,14,68,82,19,4,10,6,0,8,73,66,20
11280,11,18,132,91,33,3,10,6,7,3,106,76,35
16280,16,43,184,226,51,4,11,4,30,10,202,142,62
68280,68,16,59,37,12,1,3,6,0,0,24,43,10
22280,22,27,81,132,45,0,3,3,17,0,98,98,48
72280,72,50,242,219,59,1,7,4,4,0,192,293,65
45280,45,35,121,133,25,0,1,0,9,4,89,116,29
35280,35,19,56,125,30,6,6,0,0,7,71,80,31
30280,30,9,60,39,6,4,6,0,0,3,40,40,11
79280,79,17,63,98,18,0,2,0,29,8,63,66,30
46280,46,6,15,21,11,3,0,0,14,0,18,15,5
34280,34,14,87,62,12,0,2,2,2,0,73,56,23
07280,07,25,116,96,28,1,8,6,0,9,104,90,29
40280,40,33,133,183,69,9,5,0,50,2,159,126,74
42280,42,7,50,55,10,6,1,0,10,5,36,34,8
73280,73,20,49,61,14,0,0,0,4,0,52,53,15
47280,47,59,287,237,59,5,11,5,34,10,214,201,72
85280,85,89,300,408,81,11,16,4,36,14,209,384,86
09280,09,6,82,72,28,0,10,0,1,1,98,55,33
2B280,2B,0,29,20,2,0,3,1,0,3,4,26,6
58280,58,17,69,63,24,2,5,0,12,0,56,51,18
29280,29,48,134,311,111,7,18,6,19,16,199,186,119
03280,03,6,28,23,9,6,4,5,0,0,3,28,11
12280,12,12,30,61,14,0,3,5,4,0,41,40,10
74280,74,184,571,721,157,12,13,6,3,49,467,705,156
86280,86,8,41,46,15,7,2,1,6,0,34,29,12
18280,18,26,94,83,18,2,6,0,0,6,65,71,25
41280,41,65,317,256,64,4,6,6,35,14,193,271,59
37280,37,11,28,36,9,1,6,3,0,0,13,27,7
19280,19,0,15,25,8,0,3,0,17,0,23,11,4
62281,62,9,54,35,11,4,4,4,0,4,8,25,13
80281,80,3,27,20,1,4,0,3,0,0,13,20,1
21281,21,2,12,21,0,4,0,3,3,5,10,16,3
14281,14,13,71,97,23,5,14,10,15,5,34,78,39
27281,27,8,36,25,8,0,1,0,4,2,21,21,7
60281,60,19,74,56,11,2,4,4,0,3,30,44,17
78281,78,10,40,96,20,4,0,5,2,3,55,84,26
25281,25,4,32,32,4,3,5,0,16,0,21,23,3
51281,51,15,94,68,14,6,7,0,4,0,46,70,20
57281,57,6,38,21,6,4,0,3,0,0,18,18,8
59281,59,27,164,112,31,7,9,5,4,2,124,99,35
64281,64,0,13,18,3,2,0,0,7,2,14,17,7
54281,54,29,122,107,34,8,1,3,0,2,76,67,23
02281,02,3,36,17,4,0,4,3,4,0,25,21,3
76281,76,59,258,218,61,4,8,4,4,8,236,196,68
50281,50,27,77,102,27,5,4,4,0,0,67,82,23
16281,16,83,394,485,137,22,16,10,24,23,389,339,122
39281,39,7,12,9,0,3,0,1,0,0,1,14,1
55281,55,3,8,6,7,2,2,0,0,2,3,7,1
31281,31,26,104,162,55,5,4,2,5,0,151,117,48
10281,10,4,42,26,5,1,1,3,10,0,27,34,1
03281,03,4,39,43,12,0,3,5,0,6,37,40,7
89281,89,7,31,31,8,0,2,2,15,0,17,22,1
65281,65,10,21,34,5,0,0,2,0,5,16,17,8
88281,88,9,67,37,9,6,0,5,5,0,41,37,6
67281,67,122,464,419,105,19,18,11,55,21,247,408,107
69281,69,47,152,229,64,6,8,2,1,10,145,201,49
71281,71,10,46,43,11,3,6,0,0,0,20,39,13
08281,08,9,65,37,9,6,4,1,0,0,32,37,5
77281,77,20,58,52,13,0,5,4,0,5,35,36,19
61281,61,10,32,21,5,1,4,0,0,0,11,31,7
24281,24,3,21,19,9,0,6,0,0,2,0,19,8
32281,32,6,10,8,7,0,0,1,0,0,0,9,3
33281,33,1162,5131,7423,2153,129,425,100,676,254,5972,4770,2156
28281,28,17,65,57,20,0,0,2,0,2,45,67,12
38281,38,49,232,242,67,2,12,4,26,9,222,185,69
01281,01,70,298,270,73,14,18,4,1,14,175,262,70
11281,11,16,158,115,31,7,5,4,0,4,115,78,40
63281,63,16,70,127,31,4,9,0,15,0,95,67,35
17281,17,2,17,16,10,3,0,0,1,0,18,16,3
68281,68,13,57,43,16,0,0,6,18,1,29,51,15
26281,26,686,3215,2990,810,91,138,34,365,145,2629,2482,788
86281,86,128,532,681,179,14,34,8,61,32,536,486,180
22281,22,33,123,211,72,6,13,6,0,5,136,137,67
72281,72,4,41,46,16,3,7,0,0,3,31,53,16
45281,45,26,101,112,20,5,9,6,0,2,75,92,20
35281,35,199,695,1437,436,58,44,27,48,32,895,903,419
30281,30,23,197,121,34,1,2,4,34,7,159,120,30
79281,79,41,120,175,50,7,19,1,0,14,95,103,44
46281,46,4,10,23,6,2,0,0,9,0,28,22,3
34281,34,44,299,233,58,8,12,1,20,7,238,188,55
40281,40,189,794,1057,379,15,63,6,190,22,898,754,368
07281,07,199,898,819,233,17,58,16,57,41,798,670,240
42281,42,4,17,24,2,6,2,0,0,0,5,20,2
73281,73,27,95,87,18,0,3,1,13,2,74,95,24
47281,47,2,34,23,10,3,4,0,0,4,16,24,9
09281,09,0,15,13,3,0,0,4,0,0,25,8,7
2B281,2B,16,184,131,28,2,4,0,29,3,94,153,23
58281,58,18,77,76,16,6,7,4,0,2,56,57,15
81281,81,47,250,232,66,2,16,5,73,4,230,187,69
85281,85,32,85,122,30,0,7,4,10,3,77,114,24
74281,74,902,2778,3490,790,85,137,58,191,187,2221,3696,760
12281,12,19,59,95,24,0,4,2,29,0,84,79,24
29281,29,22,61,139,57,6,5,0,13,1,90,85,57
19281,19,7,9,8,0,5,4,0,1,0,6,12,3
18281,18,56,259,237,66,16,5,5,34,8,195,196,52
41281,41,18,47,48,14,3,0,0,0,4,37,43,10
37281,37,81,305,393,104,9,11,7,39,5,290,345,109
62282,62,3,19,16,6,0,4,1,6,4,8,11,0
02282,02,10,75,41,13,3,1,5,0,0,29,30,4
80282,80,12,76,58,14,6,0,0,0,7,45,33,8
74282,74,288,874,1088,237,21,59,24,35,57,687,1153,234
21282,21,1,15,9,1,0,0,3,5,0,13,8,4
14282,14,4,26,33,6,0,0,1,10,1,22,20,4
76282,76,21,105,87,21,0,6,0,22,0,107,79,29
27282,27,24,89,64,23,3,7,6,0,3,59,56,12
60282,60,206,1273,811,210,30,46,13,66,46,708,745,199
25282,25,21,79,72,24,0,4,0,14,1,57,65,24
95282,95,5,14,27,10,0,6,5,0,0,0,20,8
51282,51,60,253,184,50,5,10,2,25,12,141,209,42
70282,70,21,137,92,15,5,4,1,16,1,81,80,25
57282,57,5,31,28,2,6,4,5,0,4,20,28,10
59282,59,14,50,46,8,1,0,0,0,0,45,37,10
64282,64,17,89,147,47,4,15,0,44,8,107,112,41
54282,54,7,13,9,8,2,6,5,0,6,3,7,4
16282,16,8,61,60,13,3,4,0,25,4,48,39,12
39282,39,5,7,15,3,0,0,0,1,0,9,4,8
31282,31,145,628,959,313,27,32,15,82,47,835,621,308
55282,55,5,20,10,7,0,0,0,0,0,6,4,0
50282,50,12,25,31,2,0,0,5,0,1,10,29,8
52282,52,5,55,29,8,0,2,3,0,0,25,29,6
65282,65,9,26,39,9,0,2,5,14,0,38,25,16
67282,67,145,529,474,109,24,30,5,99,23,316,471,105
71282,71,37,136,121,30,6,8,0,16,10,91,102,38
08282,08,28,134,82,25,9,3,2,0,5,54,70,24
77282,77,8,28,31,7,3,0,1,11,6,25,24,11
69282,69,606,2322,3684,940,82,130,30,225,163,2506,3194,952
24282,24,4,14,22,5,0,3,0,1,0,21,10,5
32282,32,6,43,59,21,0,0,0,29,0,48,48,17
33282,33,2,28,33,7,0,5,0,4,6,36,24,16
28282,28,8,44,36,15,5,4,5,3,4,30,40,11
38282,38,15,85,90,32,0,0,1,34,1,77,69,21
89282,89,20,94,59,11,8,6,2,6,0,64,76,10
01282,01,3,31,20,0,0,5,0,1,5,13,24,3
10282,10,43,181,111,26,0,6,1,0,7,80,151,27
11282,11,0,0,3,5,3,5,1,0,5,0,6,0
63282,63,44,155,212,60,10,13,3,0,16,153,127,56
17282,17,2,29,21,11,6,5,1,0,0,2,25,11
35282,35,54,163,378,118,7,12,7,2,16,215,226,119
68282,68,12,43,27,9,4,1,0,0,2,15,35,2
26282,26,3,30,22,10,3,0,5,4,4,19,22,6
22282,22,87,323,578,178,26,28,11,30,19,396,372,181
72282,72,9,52,48,10,0,4,0,11,0,45,66,18
45282,45,87,335,336,81,9,14,3,29,10,219,301,89
30282,30,18,113,78,19,0,5,1,0,6,86,75,23
46282,46,2,4,12,7,0,0,1,3,0,9,4,7
34282,34,26,138,105,32,1,10,0,2,8,115,104,36
07282,07,7,66,50,14,1,4,0,12,6,62,39,12
42282,42,9,34,31,3,0,7,0,0,4,32,27,8
40282,40,100,434,563,193,25,26,9,91,29,488,428,199
73282,73,32,105,125,32,4,5,2,18,7,94,107,31
47282,47,5,35,23,6,0,3,0,12,5,19,24,7
09282,09,75,499,456,163,16,28,12,38,19,563,283,171
81282,81,5,5,6,0,1,2,0,0,0,0,10,0
85282,85,21,84,111,17,0,8,0,11,4,56,104,15
2A282,2A,7,35,17,6,0,3,3,0,6,10,38,8
58282,58,10,55,46,13,0,7,2,0,0,33,40,13
03282,03,9,39,44,6,5,3,1,13,1,31,38,7
12282,12,12,40,51,9,5,2,0,0,1,40,49,18
29282,29,9,24,42,17,4,3,0,7,0,37,26,14
18282,18,8,62,57,9,0,4,0,3,4,51,51,7
41282,41,17,46,42,16,3,0,1,8,4,29,44,7
37282,37,36,128,177,50,9,13,4,0,9,135,146,40
62283,62,8,11,9,6,5,5,0,0,2,0,10,4
02283,02,2,56,31,4,1,1,4,0,0,21,30,4
80283,80,7,17,18,5,2,3,5,0,6,0,18,0
14283,14,0,22,29,7,1,2,0,0,4,16,19,8
21283,21,6,2,9,1,0,0,4,0,5,0,11,0
76283,76,3,24,27,9,2,1,0,0,2,21,19,10
25283,25,0,11,5,2,0,4,1,0,0,4,12,0
60283,60,0,6,0,0,4,0,1,0,1,3,1,1
78283,78,5,13,45,6,0,0,0,19,6,22,33,6
57283,57,218,1186,868,226,48,57,21,80,44,707,737,198
51283,51,7,22,15,7,4,0,3,0,0,8,17,3
59283,59,14,89,61,21,5,8,0,0,1,47,53,11
70283,70,18,73,41,12,0,4,2,0,2,38,48,13
64283,64,3,12,21,9,0,0,0,0,3,23,16,9
54283,54,9,32,39,12,2,3,0,0,0,29,26,8
50283,50,1,14,8,5,0,3,0,3,0,7,4,0
31283,31,3,20,38,11,0,0,0,12,1,33,20,10
39283,39,15,81,62,13,5,5,0,7,0,58,63,15
65283,65,6,0,8,7,5,0,0,0,0,0,4,7
88283,88,0,11,8,3,0,2,0,0,1,6,12,5
67283,67,87,294,271,59,2,12,8,24,18,175,276,69
71283,71,19,56,51,18,2,0,0,6,7,35,39,15
77283,77,24,87,87,20,0,0,0,0,0,70,69,16
08283,08,4,14,14,7,1,0,5,0,3,0,8,8
33283,33,3,9,17,3,0,1,2,20,2,17,15,2
69283,69,241,908,1492,382,14,59,25,118,62,1036,1307,390
61283,61,10,32,28,5,0,4,1,0,5,22,28,10
32283,32,4,35,34,10,6,3,0,1,0,36,24,12
28283,28,3,31,30,2,5,4,0,1,0,28,28,12
38283,38,8,11,20,1,0,6,0,0,0,7,8,9
89283,89,18,80,54,18,3,8,6,2,0,52,56,14
01283,01,450,1848,1673,399,39,70,11,81,83,1103,1579,382
10283,10,4,28,13,0,2,4,0,0,3,6,22,2
11283,11,0,5,12,3,1,0,4,0,0,3,2,7
17283,17,112,413,447,104,14,24,7,54,10,368,397,115
63283,63,19,56,71,19,3,1,5,3,4,69,41,17
68283,68,26,102,78,13,5,4,4,1,5,55,85,22
16283,16,10,55,71,20,0,1,4,4,4,52,44,23
26283,26,4,0,0,0,0,3,0,0,5,0,0,5
22283,22,14,79,136,33,2,10,0,6,3,89,86,41
49283,49,84,274,417,100,18,24,11,0,15,267,390,95
72283,72,8,35,31,6,2,0,0,14,0,26,47,13
45283,45,9,26,18,4,6,0,0,4,0,16,14,0
35283,35,29,81,181,55,6,2,1,0,7,90,100,55
30283,30,7,32,26,8,3,3,0,0,5,19,15,6
46283,46,5,34,51,16,5,1,0,0,6,25,28,19
34283,34,5,17,21,7,0,6,0,0,2,3,15,10
07283,07,0,4,12,2,4,0,2,0,0,0,6,2
42283,42,37,149,139,42,2,4,4,37,1,111,109,41
40283,40,58,259,357,124,5,24,12,58,10,290,245,120
73283,73,25,71,88,14,0,4,0,6,7,61,76,25
47283,47,28,119,105,31,0,4,4,23,4,105,88,32
79283,79,26,113,159,40,4,13,0,0,8,104,115,35
09283,09,12,41,41,20,0,6,3,0,4,52,19,10
81283,81,36,147,126,48,5,4,6,9,8,118,108,41
2B283,2B,8,121,89,22,3,6,0,29,11,66,121,15
58283,58,0,14,10,0,3,3,0,2,0,5,8,4
03283,03,27,126,127,31,7,9,6,0,9,93,111,29
74283,74,27,83,117,26,6,4,1,17,10,76,123,23
12283,12,19,52,71,16,0,0,0,9,6,55,59,13
19283,19,0,10,11,5,0,0,0,0,5,0,12,2
18283,18,0,5,13,1,5,2,3,0,3,4,7,0
41283,41,13,35,34,4,3,1,0,0,0,18,36,7
62284,62,45,269,160,45,3,4,0,2,2,158,127,44
02284,02,7,1,11,3,0,5,0,0,1,0,11,6
80284,80,23,120,76,15,3,5,6,0,7,53,66,12
14284,14,2,12,24,7,4,1,0,0,0,19,12,6
21284,21,9,26,34,7,0,5,2,0,5,11,28,12
76284,76,9,36,30,9,2,4,0,9,6,43,25,6
27284,27,304,1519,1044,258,49,54,13,73,47,875,997,245
25284,25,103,461,439,97,9,31,6,22,24,327,408,110
60284,60,47,225,145,41,11,6,0,23,6,127,121,33
57284,57,0,23,9,5,4,2,2,0,0,0,15,4
59284,59,83,578,385,124,24,13,0,10,10,417,333,125
51284,51,8,30,28,6,1,5,4,0,0,11,32,6
70284,70,13,37,30,7,4,5,2,0,5,6,25,8
54284,54,29,117,99,29,4,6,0,0,7,102,83,27
64284,64,133,456,855,254,14,48,9,277,21,664,610,239
74284,74,21,89,113,18,0,0,2,5,6,75,114,29
31284,31,26,138,216,67,0,5,3,58,7,182,136,66
39284,39,7,21,11,4,0,3,3,0,2,2,8,8
55284,55,0,11,13,3,0,0,3,4,0,2,9,0
81284,81,46,185,190,55,4,6,0,24,1,183,135,57
12284,12,10,36,45,15,3,8,1,7,1,33,34,14
91284,91,45,84,145,38,6,1,5,1,12,120,107,33
08284,08,23,156,77,29,0,8,4,3,8,79,73,20
52284,52,7,14,11,2,0,0,0,0,0,0,14,0
65284,65,25,106,160,37,0,11,0,29,2,150,89,39
88284,88,23,86,60,11,6,8,0,19,4,50,57,13
71284,71,3,15,14,2,2,0,1,19,0,18,13,6
77284,77,1078,4041,4123,991,117,176,49,226,225,3664,3104,996
33284,33,191,870,1193,353,28,70,36,69,45,961,791,346
24284,24,1,18,19,6,3,2,0,0,6,0,17,8
69284,69,77,234,392,104,2,10,8,28,12,303,353,87
61284,61,10,28,24,2,0,6,1,13,0,14,25,7
32284,32,3,3,9,1,0,2,0,7,3,9,1,0
28284,28,12,33,32,5,0,2,0,3,0,20,37,6
38284,38,25,97,96,22,3,5,0,8,2,89,77,27
01284,01,22,93,78,13,5,5,6,0,2,50,72,21
89284,89,10,30,14,10,6,5,0,0,2,0,22,10
11284,11,9,57,39,8,3,3,0,9,1,50,32,20
63284,63,233,902,1471,381,49,79,21,71,54,1079,870,384
17284,17,40,183,212,56,7,7,2,32,7,158,184,45
10284,10,4,16,16,0,0,0,4,0,6,0,17,5
68284,68,26,89,57,19,7,6,0,0,3,40,70,20
16284,16,3,8,21,4,0,0,2,2,3,9,11,1
26284,26,13,55,53,9,3,2,0,0,0,45,48,9
22284,22,10,16,40,7,5,4,0,0,4,16,27,6
49284,49,38,97,156,35,7,7,4,2,4,108,139,41
45284,45,518,1930,1951,488,47,85,31,133,69,1311,1719,474
35284,35,63,202,442,124,5,19,6,74,16,279,265,130
30284,30,89,594,382,96,7,16,4,53,19,420,358,102
46284,46,12,31,50,20,0,6,3,0,7,25,31,17
07284,07,12,20,18,14,2,5,5,0,6,10,12,1
34284,34,40,237,191,56,5,9,2,0,12,211,173,47
42284,42,47,178,173,39,2,7,0,0,9,114,128,42
40284,40,149,670,909,324,23,40,4,181,38,741,641,310
79284,79,24,60,104,30,7,5,0,0,4,65,71,19
73284,73,24,112,105,25,4,7,2,0,10,72,103,18
47284,47,4,37,25,13,6,1,0,2,0,22,27,7
2A284,2A,2,67,31,7,6,2,0,6,4,28,60,6
85284,85,130,418,607,135,23,40,15,12,9,291,608,123
09284,09,0,14,19,7,0,4,1,14,0,25,8,5
58284,58,0,0,9,0,4,0,0,0,3,0,8,3
03284,03,6,25,38,3,3,2,0,3,3,22,31,12
29284,29,42,176,351,136,7,20,0,1,16,252,232,125
86284,86,15,68,89,29,1,4,0,0,8,68,53,22
19284,19,4,6,18,1,0,0,0,2,1,14,7,7
18284,18,9,32,27,7,6,0,0,0,0,8,26,3
41284,41,4,12,8,2,0,0,1,0,0,4,4,0
62285,62,6,84,46,9,6,5,0,0,2,34,37,8
80285,80,8,38,27,3,0,4,3,0,3,10,19,8
21285,21,9,50,60,18,0,2,2,5,7,40,50,13
76285,76,14,76,58,14,3,5,6,0,3,63,53,22
27285,27,20,81,52,15,0,4,0,0,1,34,46,10
25285,25,39,175,162,41,0,5,0,0,7,125,150,33
60285,60,4,44,30,1,0,1,1,0,4,22,26,3
78285,78,11,42,79,17,4,7,2,0,7,36,70,25
59285,59,65,350,251,79,7,18,5,11,9,282,223,76
51285,51,5,12,17,6,6,5,3,0,4,0,21,2
70285,70,263,1477,918,220,45,66,26,93,45,698,824,236
54285,54,0,5,9,4,2,2,0,0,0,0,7,2
64285,64,1,16,31,5,3,0,1,9,0,25,16,6
31285,31,10,68,97,31,0,3,3,19,0,87,59,29
39285,39,4,26,21,1,1,0,0,28,1,19,20,8
55285,55,3,25,24,7,3,5,4,0,0,14,12,1
14285,14,2,4,8,1,4,1,0,7,1,4,13,3
77285,77,423,1552,1541,371,56,56,7,83,90,1350,1188,400
85285,85,25,59,83,17,7,9,1,0,4,31,90,14
52285,52,6,10,10,3,0,0,0,0,4,3,5,0
65285,65,8,15,17,9,0,3,0,0,2,19,10,9
50285,50,11,27,29,3,0,0,5,9,5,20,22,6
88285,88,15,59,38,4,6,3,0,0,7,24,30,9
71285,71,15,54,53,15,3,0,5,0,0,32,37,14
67285,67,60,200,188,47,5,8,6,14,8,123,176,51
33285,33,7,39,47,17,0,5,0,11,3,41,38,12
24285,24,5,46,48,8,0,0,2,9,1,40,41,18
32285,32,15,50,56,21,0,4,3,2,0,42,41,21
28285,28,4,41,28,8,6,3,1,1,0,28,34,11
38285,38,9,22,21,11,6,0,5,0,0,18,12,9
89285,89,6,45,31,4,0,5,0,0,5,9,31,11
01285,01,43,161,142,26,5,7,2,0,11,79,134,30
10285,10,2,16,5,0,0,1,3,4,0,6,4,0
11285,11,23,163,111,40,4,6,3,31,1,132,81,36
63285,63,15,50,84,15,3,4,5,12,4,69,41,15
17285,17,31,121,137,33,1,11,0,0,1,99,100,27
69285,69,70,271,454,126,13,20,13,23,16,313,404,105
68285,68,18,55,40,9,0,2,4,0,3,20,50,14
16285,16,15,42,50,12,0,3,0,0,4,34,38,11
26285,26,4,41,33,10,0,1,5,7,1,35,24,9
22285,22,9,18,33,11,0,4,0,0,4,19,31,16
45285,45,375,1459,1486,366,44,79,20,77,63,956,1309,356
35285,35,17,63,147,45,0,10,0,0,6,93,100,48
30285,30,10,101,65,23,1,5,5,0,8,80,57,17
79285,79,53,140,229,61,15,9,8,11,13,137,153,62
07285,07,2,7,12,7,0,3,0,0,3,6,10,7
34285,34,10,84,60,23,6,4,0,6,5,68,49,23
42285,42,96,432,425,100,15,16,3,55,25,344,347,100
40285,40,13,60,74,26,0,5,0,26,0,64,51,33
47285,47,18,100,79,24,0,10,0,31,5,81,71,17
09285,09,11,95,83,30,3,2,0,34,3,114,50,28
2A285,2A,6,13,13,1,5,0,2,0,4,0,15,7
73285,73,63,232,237,65,10,6,0,4,14,184,219,62
81285,81,9,51,53,9,4,6,0,0,0,34,43,18
58285,58,5,19,24,7,2,0,2,0,0,3,19,6
03285,03,1,25,30,2,1,0,5,0,0,17,14,11
29285,29,13,32,72,18,0,4,0,3,5,41,40,21
74285,74,7,37,45,8,3,0,0,16,2,37,55,11
86285,86,21,83,121,37,8,9,1,0,7,81,79,35
19285,19,30,97,131,38,5,13,0,5,0,97,94,33
18285,18,13,48,52,15,6,0,0,1,0,41,47,10
41285,41,17,56,42,8,0,0,3,0,3,40,53,16
62286,62,12,76,47,13,0,6,0,0,0,45,37,15
02286,02,20,155,72,15,1,9,5,10,3,79,63,15
14286,14,7,53,59,16,4,5,0,0,4,39,49,20
76286,76,10,83,75,21,0,4,5,1,4,72,50,20
21286,21,6,3,9,5,0,0,1,0,4,0,12,0
27286,27,6,48,31,8,4,5,0,12,5,27,29,7
25286,25,6,12,21,2,4,0,0,0,0,6,16,3
60286,60,75,384,258,63,11,13,5,31,12,221,209,56
91286,91,480,1152,1772,455,58,52,31,112,94,1449,1268,440
57286,57,3,31,25,9,0,0,0,13,0,25,28,8
59286,59,285,1688,1208,349,62,65,19,77,52,1255,1042,361
51286,51,9,33,23,10,0,1,0,5,0,19,31,8
70286,70,9,10,16,0,2,4,0,0,5,0,12,7
85286,85,15,48,73,12,0,0,0,23,4,43,69,8
54286,54,34,206,191,50,8,6,0,23,10,160,132,43
39286,39,62,235,217,51,6,14,0,17,11,175,192,48
31286,31,8,43,69,24,6,2,0,0,5,68,53,28
64286,64,13,38,55,24,1,5,4,0,0,45,47,20
55286,55,2,30,22,6,2,0,0,7,4,16,18,4
17286,17,29,100,111,23,8,5,0,0,0,72,99,30
52286,52,0,14,8,2,0,5,0,0,0,10,3,4
65286,65,256,1118,1484,423,56,68,34,279,40,1404,869,433
88286,88,4,9,9,0,0,0,0,13,0,5,2,1
71286,71,12,35,26,14,1,4,0,0,2,11,30,13
77286,77,7,29,25,7,0,6,0,0,4,25,23,3
67286,67,48,196,178,45,1,14,7,4,8,120,186,50
24286,24,13,55,58,21,4,0,0,11,0,52,44,12
32286,32,11,68,69,30,0,0,0,32,0,54,56,20
61286,61,1,5,9,4,0,3,1,1,0,1,12,7
08286,08,2,12,12,3,6,6,1,0,4,0,8,8
28286,28,12,56,48,16,0,4,0,15,6,35,54,16
38286,38,0,8,4,1,4,2,2,0,0,0,5,3
89286,89,26,113,80,19,0,2,0,26,0,59,77,18
01286,01,28,126,111,22,4,7,0,10,0,75,97,21
10286,10,9,35,25,2,3,1,1,4,5,20,24,3
11286,11,21,151,95,27,0,7,0,19,9,114,70,36
63286,63,4,27,36,9,0,0,1,0,0,29,16,6
69286,69,409,1651,2655,673,67,80,43,191,102,1884,2350,679
68286,68,74,284,215,51,5,12,7,15,5,140,231,45
16286,16,65,287,326,74,1,15,5,68,11,254,225,68
26286,26,6,0,9,2,0,1,0,0,0,0,0,0
22286,22,7,30,60,20,3,1,2,4,5,43,42,17
72286,72,14,41,37,8,0,1,0,14,0,39,52,6
45286,45,210,892,878,218,27,35,11,50,41,617,812,212
35286,35,2,18,45,16,0,5,0,0,4,7,25,15
30286,30,17,121,70,26,3,1,1,8,1,91,65,19
46286,46,1,20,22,11,0,6,3,0,0,17,21,3
79286,79,16,34,58,9,3,9,0,0,7,40,44,17
07286,07,12,52,53,18,0,4,4,0,4,46,48,13
34286,34,10,56,44,12,6,4,0,7,4,49,41,19
42286,42,25,105,109,31,0,10,1,0,3,64,89,32
40286,40,29,92,132,47,7,9,1,0,2,99,95,52
47286,47,7,9,16,6,4,0,1,0,0,0,10,5
73286,73,30,108,122,26,4,5,3,12,0,95,106,35
81286,81,11,66,61,14,4,8,0,0,6,41,48,22
2B286,2B,13,122,76,8,4,3,0,51,5,49,100,13
58286,58,9,55,59,14,1,8,0,1,3,48,45,13
03286,03,32,128,140,33,0,8,0,14,6,111,105,34
29286,29,0,16,37,7,3,2,0,14,0,21,19,9
12286,12,26,94,153,42,5,6,0,37,0,108,120,31
74286,74,30,76,100,23,1,7,0,6,3,60,109,18
86286,86,9,40,38,17,1,1,1,0,3,33,31,16
19286,19,14,43,77,18,5,10,5,2,0,55,49,23
41286,41,4,12,22,8,0,4,0,0,3,0,22,5
18286,18,19,56,48,11,1,3,0,0,5,42,48,11
57287,57,71,309,217,48,7,9,1,53,6,194,183,59
02287,02,29,220,110,25,0,11,0,0,0,99,89,25
80287,80,11,39,20,9,0,4,2,0,0,14,21,2
21287,21,9,20,27,1,6,0,0,0,0,0,22,7
76287,76,24,129,111,27,3,1,0,28,6,124,82,28
14287,14,46,177,207,61,6,14,5,13,3,155,180,66
27287,27,21,125,82,28,4,1,0,25,4,75,82,18
25287,25,40,178,183,46,2,10,6,0,7,127,159,45
60287,60,9,50,32,5,0,3,2,0,6,6,32,8
95287,95,8,49,84,16,2,0,0,33,3,69,56,21
59287,59,4,23,24,4,0,0,0,2,6,24,10,5
51287,51,18,105,80,21,0,8,0,0,2,60,87,22
70287,70,0,5,1,4,0,0,4,0,0,9,3,1
54287,54,7,35,30,11,0,1,0,13,0,26,21,7
31287,31,54,249,407,121,6,22,4,25,18,361,261,120
64287,64,1,6,19,6,3,1,0,13,3,21,14,2
63287,63,9,27,36,10,4,0,0,2,5,34,30,10
52287,52,4,23,14,0,0,5,4,0,1,0,7,1
65287,65,9,54,75,22,0,6,0,11,2,65,41,18
88287,88,7,5,9,4,2,6,1,0,0,0,13,7
71287,71,13,33,41,8,2,4,3,0,0,10,36,14
77287,77,20,58,58,12,5,3,0,1,0,51,43,18
67287,67,21,74,58,9,0,3,1,9,0,33,64,9
33287,33,7,50,65,22,3,4,0,0,7,37,45,22
24287,24,0,20,11,1,0,5,0,0,0,10,16,6
32287,32,2,7,4,0,0,0,0,4,2,3,11,8
61287,61,29,101,84,19,2,0,3,14,0,59,114,22
08287,08,6,17,13,2,0,0,5,3,0,9,7,8
28287,28,22,110,92,18,7,8,2,27,4,71,91,20
38287,38,18,105,109,33,7,7,6,0,0,74,81,32
89287,89,103,459,347,89,9,17,0,46,22,288,325,70
11287,11,0,7,4,4,0,4,2,0,2,8,8,2
10287,10,38,183,118,29,0,2,0,20,1,77,143,24
17287,17,9,26,37,8,2,5,0,0,4,15,34,7
68287,68,133,522,378,79,19,26,11,21,29,260,440,81
16287,16,98,436,516,130,15,22,4,6,15,409,363,117
26287,26,11,59,42,10,0,5,5,11,1,45,41,7
69287,69,139,508,846,216,21,31,9,39,43,626,739,224
22287,22,37,118,207,68,8,11,0,21,6,133,132,67
72287,72,39,230,214,64,18,10,6,9,12,177,326,58
35287,35,54,215,449,137,17,16,10,1,16,294,306,146
30287,30,9,101,72,21,0,0,4,5,6,74,57,13
07287,07,7,33,38,6,4,0,0,21,0,31,32,12
34287,34,10,34,28,6,0,0,2,26,0,33,23,6
42287,42,30,131,117,29,9,8,2,0,2,108,100,27
40287,40,112,428,600,224,9,19,5,58,10,446,422,201
47287,47,9,34,25,11,5,5,3,0,6,6,18,3
09287,09,0,3,0,0,3,2,0,0,1,1,1,0
81287,81,5,22,22,13,6,2,0,7,0,25,17,5
2B287,2B,2,17,20,3,3,5,0,0,0,8,19,5
85287,85,18,40,57,10,7,2,0,0,0,34,54,17
58287,58,10,31,27,3,0,0,0,0,2,12,23,6
03287,03,12,44,45,6,2,0,2,0,1,34,37,9
29287,29,22,67,127,47,2,2,2,20,4,87,80,55
12287,12,18,58,79,19,0,7,2,15,5,58,72,24
74287,74,20,76,100,22,0,3,2,16,10,68,121,25
41287,41,22,77,67,14,0,4,0,0,0,30,71,16
18287,18,4,42,32,4,0,7,0,6,1,23,33,3
19287,19,10,29,39,4,0,0,0,7,1,27,24,4
86287,86,3,36,43,10,0,2,4,0,0,35,30,14
62288,62,48,385,202,50,4,6,2,65,2,200,161,50
02288,02,12,66,35,10,3,4,1,0,2,13,33,5
80288,80,5,48,36,3,3,0,0,0,3,16,17,11
25288,25,10,73,64,14,3,5,3,0,7,48,61,23
76288,76,10,35,35,9,6,2,0,0,6,30,23,15
21288,21,6,19,18,11,0,0,0,0,0,17,23,10
27288,27,14,84,60,15,2,8,1,1,2,44,53,20
95288,95,151,568,878,233,14,18,4,85,29,827,622,235
60288,60,16,68,48,10,3,0,5,0,4,29,39,7
57288,57,71,347,257,63,17,19,0,0,13,200,214,65
59288,59,41,304,214,64,9,9,4,5,5,201,169,51
51288,51,11,38,23,2,0,3,0,0,6,3,29,4
70288,70,2,15,5,3,0,3,4,0,3,7,8,3
64288,64,6,34,63,23,0,7,5,0,2,42,45,23
54288,54,18,63,62,17,0,4,0,1,2,45,44,17
39288,39,6,45,30,10,0,2,2,7,0,35,38,4
31288,31,10,26,50,15,1,0,0,15,0,35,23,17
14288,14,20,103,110,33,1,6,3,0,0,82,103,32
52288,52,9,10,8,8,5,4,4,0,3,0,10,0
65288,65,4,2,7,0,5,1,0,0,3,11,3,3
55288,55,33,168,113,31,9,7,6,0,0,79,104,28
50288,50,26,119,131,32,7,8,0,10,5,102,120,40
88288,88,0,0,0,0,3,3,0,0,2,0,0,0
77288,77,691,2614,2636,684,71,103,29,171,145,2367,2044,674
67288,67,14,39,47,13,3,0,5,0,4,22,37,11
08288,08,2,12,11,1,0,3,3,0,4,4,12,2
33288,33,8,25,40,15,0,0,5,18,0,31,26,10
24288,24,9,29,33,12,3,7,2,0,0,21,27,13
32288,32,4,13,22,5,0,2,2,7,0,14,10,1
61288,61,15,58,46,11,6,7,0,5,3,31,57,8
38288,38,47,201,218,63,7,6,1,0,11,145,153,56
89288,89,2,31,19,4,1,4,3,0,6,3,18,3
11288,11,19,206,141,40,6,17,8,11,13,130,109,54
10288,10,11,36,18,9,0,2,0,4,0,14,28,7
17288,17,8,32,33,12,3,5,4,0,0,23,27,5
63288,63,14,35,62,16,1,1,0,0,7,39,30,11
01288,01,47,209,193,48,5,4,5,0,13,126,196,35
68288,68,17,57,39,4,0,2,2,6,0,21,41,3
26288,26,8,36,39,12,0,0,4,0,0,29,27,6
22288,22,9,21,40,19,1,0,0,8,5,32,33,12
49288,49,11,14,26,7,6,4,5,0,0,1,30,4
69288,69,95,417,680,172,8,32,12,60,23,508,619,172
45288,45,9,46,40,10,6,6,0,7,1,25,33,8
35288,35,1069,3411,7389,2180,155,312,69,387,182,4674,4671,2164
30288,30,22,155,97,31,6,10,0,0,5,108,99,30
46288,46,7,21,27,9,0,0,0,11,2,21,15,10
07288,07,37,150,138,45,4,8,0,25,8,152,112,45
42288,42,17,83,89,22,8,1,0,8,8,76,63,20
34288,34,21,107,83,26,2,7,0,8,0,110,72,30
40288,40,22,110,135,51,8,4,2,8,4,125,101,54
47288,47,7,62,53,17,0,8,2,0,0,31,40,12
73288,73,47,203,218,44,2,4,5,11,10,165,177,50
81288,81,67,304,319,84,9,22,6,43,8,293,248,97
2A288,2A,26,223,138,29,7,2,5,21,10,99,189,27
85288,85,248,804,1117,233,30,47,17,54,32,647,1102,240
58288,58,7,14,11,8,5,2,4,0,0,1,8,0
03288,03,16,56,56,13,2,7,0,0,4,47,44,12
29288,29,13,39,83,24,1,9,5,0,5,35,49,31
12288,12,35,136,197,42,5,9,2,28,7,153,156,48
74288,74,104,321,446,90,8,15,6,16,18,274,453,95
86288,86,15,56,76,23,2,8,5,0,0,67,59,29
41288,41,28,112,86,21,0,7,0,16,0,63,97,27
18288,18,1,22,21,1,1,3,0,16,0,27,20,9
19288,19,28,94,151,34,8,6,0,18,7,127,108,32
62289,62,25,135,64,23,4,9,2,0,4,59,48,23
02289,02,15,81,40,11,2,0,0,0,1,33,32,6
14289,14,8,55,55,12,4,8,0,0,0,42,46,21
21289,21,0,10,10,8,4,6,0,4,0,13,10,0
25289,25,2,6,9,5,4,0,0,8,0,6,4,0
60289,60,13,40,29,8,5,0,3,0,0,22,24,3
78289,78,21,59,144,35,0,0,0,13,1,76,141,28
57289,57,89,377,301,66,13,26,7,8,17,216,243,78
59289,59,35,202,139,43,3,12,2,0,11,150,108,38
51289,51,15,54,44,9,3,3,5,0,0,32,41,5
70289,70,1,37,22,5,0,1,4,0,0,16,15,4
64289,64,21,71,112,38,7,12,0,19,0,90,89,35
27289,27,11,27,23,8,0,0,4,0,1,10,23,1
47289,47,14,64,47,19,0,4,4,0,0,36,40,13
73289,73,17,58,57,19,0,8,1,0,7,26,47,20
85289,85,39,129,177,37,0,5,0,10,8,98,172,39
54289,54,14,51,50,18,5,0,1,4,4,38,31,14
86289,86,22,66,77,18,4,10,0,0,2,45,61,27
39289,39,5,36,30,10,0,3,1,13,10,26,32,1
55289,55,0,10,6,1,0,0,3,0,3,1,1,5
52289,52,10,52,21,7,0,6,5,5,3,21,23,1
09289,09,27,136,135,49,1,3,3,31,9,170,88,57
65289,65,5,11,11,0,0,5,3,0,0,0,11,7
31289,31,5,22,40,12,0,4,0,0,0,23,20,16
50289,50,19,59,79,25,6,4,4,0,3,50,60,20
88289,88,24,116,81,17,9,8,0,0,4,56,68,14
71289,71,33,145,124,37,9,12,1,0,7,86,117,41
77289,77,8,34,35,9,3,2,2,0,7,15,33,14
67289,67,23,80,72,16,1,0,5,5,2,44,66,17
08289,08,10,70,42,11,6,7,5,0,5,31,31,7
33289,33,30,121,182,44,4,14,0,5,10,148,106,57
61289,61,0,4,10,5,0,0,4,0,0,0,12,0
24289,24,32,134,151,39,4,18,0,13,8,156,105,40
32289,32,1,23,27,11,4,4,0,3,0,27,21,9
28289,28,7,25,25,5,0,0,1,4,2,24,33,6
38289,38,5,31,36,8,5,0,1,0,5,28,32,9
89289,89,4,45,23,4,0,5,5,2,0,29,25,7
11289,11,20,122,80,27,1,10,0,0,7,71,65,30
10289,10,32,137,86,20,8,5,1,0,5,47,110,15
63289,63,9,30,41,7,3,5,2,15,2,38,27,9
17289,17,16,45,56,19,0,5,0,3,0,36,43,13
01289,01,188,712,654,162,10,27,7,87,33,439,602,148
16289,16,8,35,30,6,0,0,0,0,6,29,22,13
68289,68,92,402,273,69,6,13,7,10,19,186,329,63
26289,26,31,173,151,47,9,12,0,0,7,126,133,47
22289,22,7,23,30,13,2,0,3,0,5,14,25,5
45289,45,40,133,127,28,1,5,0,9,9,90,131,33
35289,35,25,54,129,42,0,2,2,0,7,86,82,45
76289,76,39,192,170,56,9,12,0,2,12,159,131,52
30289,30,0,7,5,2,3,0,2,5,2,7,11,0
46289,46,8,11,20,1,0,1,0,0,0,12,18,10
69289,69,98,375,599,140,14,20,7,45,28,451,529,168
79289,79,38,108,170,39,4,7,0,28,1,110,106,50
07289,07,45,193,197,55,11,13,0,29,6,181,144,57
42289,42,43,193,191,44,2,6,4,29,11,157,146,50
34289,34,49,356,281,84,10,19,8,0,17,271,247,77
72289,72,32,202,173,51,5,10,0,30,2,156,266,48
40289,40,9,11,27,7,0,0,0,12,0,13,11,12
81289,81,64,252,271,86,0,18,3,42,9,250,220,72
2B289,2B,0,23,11,0,5,3,0,4,2,7,16,7
58289,58,9,15,10,8,0,5,0,0,0,6,14,5
03289,03,14,59,60,15,2,3,0,0,1,47,47,16
29289,29,4,13,26,13,6,0,2,0,1,0,18,8
74289,74,66,233,292,67,8,18,6,16,18,187,319,69
12289,12,9,18,37,8,0,4,0,0,1,13,26,12
41289,41,10,48,47,7,1,4,0,1,0,31,37,16
18289,18,13,57,55,13,0,0,0,23,2,55,43,14
19289,19,17,56,95,22,6,2,4,22,6,74,67,23
62290,62,12,62,36,4,3,0,4,0,4,29,32,5
02290,02,66,466,222,49,6,13,10,12,0,215,219,56
80290,80,6,62,42,13,0,0,2,19,0,34,38,5
14290,14,15,79,85,19,4,0,5,11,2,63,78,27
76290,76,15,50,47,11,3,0,3,0,6,38,41,19
21290,21,23,97,101,21,7,6,5,0,1,59,91,24
27290,27,28,156,99,29,2,5,5,25,5,72,106,23
78290,78,16,67,144,33,0,0,0,10,1,73,129,30
60290,60,15,55,33,14,1,4,2,13,7,29,29,8
57290,57,5,24,20,4,0,0,4,0,5,12,19,10
59290,59,10,59,33,8,0,7,0,0,4,39,30,12
51290,51,8,35,29,7,3,0,0,0,4,18,33,11
70290,70,2,32,16,9,0,0,0,11,0,24,19,4
25290,25,2,7,8,0,5,0,0,0,0,6,14,8
47290,47,10,61,48,14,3,0,0,22,3,41,39,12
86290,86,35,126,161,52,1,8,2,37,10,134,113,47
64290,64,11,35,73,20,0,5,3,23,0,60,49,16
54290,54,1,22,20,11,0,0,1,0,6,17,20,9
52290,52,8,23,7,0,1,5,0,0,2,4,17,0
55290,55,5,1,2,5,3,0,5,0,0,0,9,0
65290,65,9,22,23,9,0,0,3,8,0,30,10,4
31290,31,0,9,8,0,0,2,2,1,0,3,6,0
50290,50,7,28,48,13,5,0,0,11,0,25,32,9
88290,88,1,14,7,6,0,3,1,0,0,6,14,3
71290,71,8,43,46,12,0,3,0,0,0,28,30,15
67290,67,33,104,96,29,5,8,2,0,5,51,101,19
33290,33,30,127,188,55,8,1,10,11,0,140,119,46
24290,24,3,15,24,5,5,0,0,0,6,18,11,2
61290,61,4,8,13,0,0,4,2,0,1,5,15,6
32290,32,20,108,136,48,8,7,0,0,7,103,99,45
77290,77,12,61,75,17,0,2,0,7,9,58,54,21
28290,28,5,27,31,10,6,0,0,0,0,14,24,11
38290,38,14,91,100,29,0,0,5,0,0,74,58,24
89290,89,2,1,7,0,0,5,0,0,0,0,9,4
11290,11,3,15,13,2,0,0,0,0,0,11,11,2
10290,10,3,38,18,9,4,6,0,0,0,3,22,8
17290,17,3,30,43,14,0,1,5,0,6,22,32,8
63290,63,6,40,54,13,6,4,0,8,0,51,38,13
01290,01,33,171,148,30,0,10,0,16,8,102,130,35
16290,16,11,19,30,3,0,0,0,12,0,19,21,10
68290,68,29,108,85,24,0,9,3,3,11,67,88,21
26290,26,10,51,37,12,1,6,0,24,0,34,31,9
72290,72,40,162,155,48,1,7,1,12,0,140,225,44
35290,35,6,36,68,21,0,7,0,21,0,42,44,24
45290,45,48,188,189,37,5,13,0,0,10,114,165,48
30290,30,38,292,181,45,3,16,2,11,9,227,178,45
79290,79,23,76,116,35,7,11,6,0,6,80,83,30
69290,69,835,3085,5118,1334,122,113,75,240,218,3637,4474,1342
07290,07,9,35,31,8,0,0,2,0,0,17,26,13
46290,46,6,22,46,7,6,1,4,10,0,32,28,16
42290,42,16,74,69,22,0,6,4,0,2,61,52,11
34290,34,18,102,85,26,6,7,5,0,3,72,65,29
40290,40,1,12,17,8,0,3,0,0,0,6,13,4
09290,09,8,30,20,6,2,0,0,0,2,21,19,8
81290,81,7,22,13,9,0,0,2,0,3,13,16,2
2B290,2B,9,40,30,7,4,2,0,6,0,22,44,1
58290,58,2,9,3,3,0,3,0,10,1,3,3,0
85290,85,11,55,68,10,0,5,3,0,7,31,73,19
29290,29,11,37,83,34,1,6,0,22,3,56,54,40
03290,03,36,179,177,40,5,8,3,19,2,164,143,49
39290,39,13,70,59,17,7,2,0,0,4,46,51,10
73290,73,69,244,265,68,9,16,10,28,13,214,242,70
74290,74,16,36,56,8,0,4,1,0,0,39,47,8
12290,12,11,34,74,13,0,7,0,15,5,51,48,13
41290,41,5,25,26,6,1,5,0,0,5,10,19,4
18290,18,18,57,54,14,0,4,0,18,1,42,42,7
62291,62,64,457,245,82,18,24,3,20,7,247,188,74
02291,02,4,65,25,10,1,5,0,0,6,21,21,11
80291,80,10,48,34,2,0,1,2,0,0,21,19,8
14291,14,2,25,32,6,0,6,3,0,0,16,30,14
76291,76,28,147,124,34,6,9,0,14,4,120,92,29
21291,21,13,32,36,9,3,0,5,1,0,32,38,5
27291,27,9,22,15,2,4,0,4,0,2,0,13,7
78291,78,49,114,267,71,5,8,0,14,17,146,269,68
60291,60,48,252,144,31,2,7,3,0,11,135,138,42
57291,57,5,46,30,5,5,7,0,0,5,8,31,13
59291,59,290,1707,1209,343,61,61,7,113,40,1268,1030,335
51291,51,45,193,141,28,3,2,1,19,4,109,143,37
70291,70,2,19,17,0,6,5,3,0,0,8,12,1
47291,47,8,64,59,13,0,0,0,38,0,53,43,11
64291,64,4,26,41,12,0,8,0,25,0,34,27,9
54291,54,11,40,33,10,0,0,5,0,1,10,23,8
77291,77,23,68,77,23,0,3,4,0,3,64,58,20
39291,39,8,26,30,6,2,0,0,2,0,31,24,4
55291,55,117,569,347,90,21,29,2,30,19,269,322,77
52291,52,5,8,6,5,0,0,3,0,0,2,10,0
65291,65,0,12,24,9,0,5,0,0,0,17,14,5
31291,31,158,684,1079,342,21,39,11,113,43,966,682,358
50291,50,0,1,17,2,4,5,5,0,0,0,16,7
88291,88,3,23,20,5,0,1,5,0,0,6,8,2
71291,71,28,112,106,32,4,6,0,16,5,83,98,31
67291,67,105,405,376,87,11,25,9,9,17,242,379,94
08291,08,7,16,12,0,3,5,0,3,4,13,7,0
33291,33,4,12,29,6,0,0,3,1,0,24,10,9
24291,24,61,294,307,86,14,18,7,50,10,319,241,91
61291,61,8,0,14,1,0,3,5,0,4,0,6,5
32291,32,6,12,16,5,0,0,2,0,2,0,12,9
28291,28,18,56,56,14,0,7,0,15,3,34,47,12
38291,38,27,92,115,25,5,0,2,0,6,95,85,27
89291,89,7,43,26,12,6,5,5,5,1,21,36,4
01291,01,17,99,86,18,0,8,6,0,6,53,84,17
11291,11,0,17,8,0,2,0,5,15,0,7,4,4
10291,10,3,20,9,0,1,2,1,5,4,15,20,2
17291,17,159,613,674,159,2,31,11,46,12,502,590,157
63291,63,51,223,315,87,10,7,0,73,4,267,213,81
16291,16,169,709,831,224,22,37,14,110,35,651,576,225
68291,68,44,166,106,33,5,4,5,0,12,69,130,29
26291,26,5,9,12,6,4,0,0,0,3,0,3,0
22291,22,3,15,38,14,0,7,2,0,3,13,20,11
72291,72,25,85,93,27,5,7,0,0,1,66,138,23
49291,49,8,24,47,9,1,0,0,4,0,27,40,16
35291,35,11,22,65,19,3,5,3,0,1,33,36,13
45291,45,36,152,148,35,0,1,5,0,2,93,133,35
30291,30,10,52,38,6,3,2,0,0,3,36,35,8
07291,07,26,116,103,23,1,7,1,8,10,108,78,34
69291,69,105,405,677,159,11,21,10,1,39,456,595,180
34291,34,10,48,37,10,6,1,0,6,3,50,31,17
40291,40,43,145,190,76,3,2,0,36,13,164,129,67
09291,09,6,25,14,7,0,3,0,0,4,13,16,5
2B291,2B,0,10,1,4,1,3,0,0,0,2,14,0
81291,81,14,59,60,11,0,0,0,8,7,54,47,14
58291,58,0,20,26,2,0,0,0,0,5,19,18,7
85291,85,30,111,154,32,7,7,0,0,5,86,134,26
29291,29,16,56,134,44,1,2,0,8,8,90,87,53
03291,03,10,45,51,11,5,0,4,0,5,21,37,15
74291,74,8,32,42,3,5,0,1,0,1,11,44,10
12291,12,7,36,52,10,0,6,0,0,4,33,46,16
86291,86,2,13,9,8,3,4,1,2,5,10,6,0
41291,41,9,41,26,13,0,2,4,4,2,26,29,6
62292,62,13,143,65,19,7,2,1,0,8,69,56,23
80292,80,0,24,8,0,3,0,0,14,0,10,5,2
02292,02,30,213,98,29,7,10,0,0,7,96,90,29
76292,76,6,20,21,0,0,5,0,0,3,8,8,7
21292,21,111,488,538,135,19,23,11,22,30,368,460,131
91292,91,29,61,105,27,0,9,4,0,9,77,71,20
60292,60,4,37,21,4,0,0,1,4,0,27,24,6
57292,57,2,0,2,0,1,0,0,0,0,0,0,6
59292,59,66,398,280,86,10,16,4,36,4,309,247,82
51292,51,1,25,20,3,0,0,0,0,1,6,24,5
70292,70,38,217,148,41,8,6,6,8,3,93,137,29
11292,11,3,18,13,10,0,0,0,5,0,18,10,4
64292,64,3,13,39,6,6,0,4,16,0,24,22,6
54292,54,1,18,19,10,3,0,3,2,3,16,21,4
39292,39,0,10,15,1,4,3,4,0,0,12,9,5
31292,31,0,2,8,1,0,0,5,0,5,0,7,6
55292,55,4,33,14,7,2,0,1,0,0,7,18,7
52292,52,18,101,52,19,6,6,1,0,0,36,57,14
65292,65,7,39,47,16,6,0,3,0,3,35,31,14
50292,50,67,265,328,80,15,22,5,5,11,209,267,78
88292,88,26,87,65,13,3,8,4,0,2,50,62,16
71292,71,43,164,150,43,0,6,5,30,1,118,127,44
77292,77,29,114,108,30,3,0,0,0,1,92,86,33
67292,67,28,93,72,22,0,6,0,0,3,41,79,22
33292,33,0,13,15,7,4,2,4,0,3,11,18,11
24292,24,16,55,52,20,3,1,0,0,7,36,40,19
61292,61,15,63,58,11,0,0,0,23,0,53,75,19
32292,32,14,41,49,10,4,2,0,6,0,35,34,13
28292,28,23,98,90,19,2,7,2,0,0,48,92,25
89292,89,1,30,23,9,0,5,3,0,3,3,25,4
63292,63,0,18,21,6,0,0,0,0,4,15,20,8
17292,17,12,51,49,20,5,8,0,0,2,33,53,15
16292,16,81,318,377,99,8,18,9,22,10,296,246,89
68292,68,74,270,194,53,6,12,2,12,12,138,231,53
26292,26,4,23,32,5,3,0,0,1,5,21,26,4
72292,72,10,25,28,6,1,2,4,0,3,4,27,11
35292,35,32,96,228,69,7,4,2,7,1,143,140,67
45292,45,30,101,99,19,0,10,2,3,8,69,100,19
30292,30,9,67,50,12,1,6,0,0,6,47,43,10
07292,07,32,120,112,28,0,4,4,5,5,123,100,39
46292,46,8,9,26,9,4,1,5,0,3,0,19,3
34292,34,3,48,40,6,3,0,5,1,7,45,27,11
2B292,2B,0,19,17,3,0,1,0,0,4,0,17,2
69292,69,102,397,667,151,8,20,9,28,28,491,560,158
40292,40,31,143,185,66,0,4,6,27,5,159,129,74
47292,47,10,63,62,19,2,3,4,7,3,55,47,13
09292,09,0,0,1,0,0,1,0,16,0,3,0,5
81292,81,18,57,53,15,0,4,0,11,2,53,48,14
85292,85,12,55,83,17,5,0,0,0,3,42,72,11
73292,73,5,29,34,7,0,7,5,0,6,26,31,13
58292,58,6,17,16,2,6,2,4,3,2,12,18,11
03292,03,18,99,103,17,8,5,1,0,2,84,77,24
29292,29,1,21,45,10,5,5,0,9,0,34,20,12
49292,49,95,263,390,99,15,17,8,30,11,259,365,107
74292,74,34,94,114,30,0,1,0,9,6,84,128,31
12292,12,14,42,65,14,5,2,3,3,4,55,46,15
38292,38,54,271,300,74,11,10,6,33,3,224,191,77
41292,41,7,25,18,4,0,2,0,3,0,21,30,12
86292,86,21,86,113,29,2,3,2,27,0,95,82,35
62293,62,3,44,20,8,0,4,0,0,0,17,22,2
02293,02,18,89,46,9,4,3,0,0,6,30,43,10
80293,80,4,57,39,5,0,0,0,13,6,34,23,5
76293,76,7,20,17,2,0,3,2,4,4,20,17,10
14293,14,6,32,39,9,4,3,0,0,2,30,36,16
21293,21,5,9,21,4,2,3,4,0,2,0,19,3
25293,25,30,125,115,28,5,8,2,0,10,65,107,33
91293,91,26,69,105,30,0,4,2,21,3,95,72,31
60293,60,9,58,32,12,0,4,0,0,1,32,40,13
57293,57,9,36,30,9,0,5,5,0,4,3,25,5
59293,59,27,190,125,34,9,9,0,6,2,151,117,41
51293,51,9,69,50,8,0,6,0,0,0,31,52,7
34293,34,17,154,121,27,1,2,1,0,2,130,104,28
64293,64,0,12,24,2,0,0,0,11,0,17,16,9
70293,70,3,19,5,0,0,0,0,0,0,6,10,0
54293,54,0,15,6,5,5,4,0,0,2,3,7,3
63293,63,1,17,29,9,3,2,0,6,0,24,16,12
39293,39,4,27,21,8,3,4,4,0,4,8,26,4
31293,31,47,202,311,98,8,17,9,13,13,293,204,106
55293,55,6,27,17,8,0,0,0,8,6,9,18,8
65293,65,0,12,13,0,2,0,0,4,5,10,4,5
88293,88,10,31,18,4,4,0,0,0,6,10,26,7
67293,67,20,91,68,14,1,6,1,3,4,55,82,16
77293,77,30,96,102,27,0,8,4,1,10,95,79,21
08293,08,0,25,8,6,6,0,5,0,5,1,13,6
24293,24,2,35,32,14,1,2,0,0,5,25,21,12
33293,33,64,271,387,107,12,18,3,48,12,310,260,115
61293,61,91,361,334,76,11,28,8,18,10,217,389,79
32293,32,7,3,3,2,0,0,0,5,3,4,5,4
71293,71,15,48,40,10,0,2,4,0,4,15,39,12
28293,28,23,122,101,32,5,5,4,7,6,73,105,27
01293,01,8,20,25,3,2,0,0,0,0,8,22,4
10293,10,8,21,20,0,1,0,3,0,2,3,19,7
11293,11,15,113,81,29,1,0,0,39,0,81,56,29
17293,17,21,70,74,17,0,8,2,0,0,57,55,14
16293,16,7,49,63,13,0,0,1,12,4,49,33,10
26293,26,2,31,29,3,0,0,0,6,2,22,28,12
68293,68,4,7,11,4,4,6,0,0,3,0,11,2
22293,22,6,35,58,14,0,7,0,6,0,37,28,12
72293,72,8,53,52,15,3,8,0,15,2,41,73,18
45293,45,30,125,131,36,2,6,0,1,8,79,106,34
30293,30,8,57,30,4,0,0,0,11,3,43,29,7
07293,07,22,97,96,22,5,9,3,8,2,86,82,29
79293,79,28,88,127,38,1,9,0,19,6,97,92,36
46293,46,13,45,73,20,2,4,0,3,0,71,52,17
42293,42,26,130,113,33,2,9,0,8,1,101,96,36
2B293,2B,8,55,43,13,0,1,1,7,1,34,57,8
69293,69,55,193,307,83,5,10,6,17,14,223,268,74
40293,40,19,88,112,46,2,2,6,26,5,108,82,41
47293,47,14,57,42,10,2,0,1,14,1,39,35,17
09293,09,8,88,83,33,0,2,6,10,1,104,45,36
81293,81,13,41,35,7,0,0,3,11,3,33,37,14
73293,73,12,56,63,15,4,1,0,0,6,40,44,14
85293,85,46,144,212,49,3,7,3,0,8,126,222,45
58293,58,6,55,45,15,3,7,4,2,1,44,31,15
29293,29,148,530,1076,415,41,56,25,36,25,724,674,398
03293,03,6,35,35,5,0,4,1,1,3,24,22,11
74293,74,74,240,327,68,9,12,1,15,16,204,326,69
12293,12,0,10,24,5,3,0,2,9,1,13,10,4
41293,41,8,29,30,3,5,5,5,0,5,15,30,3
86293,86,87,360,424,138,15,26,2,42,15,331,312,124
80294,80,6,17,18,7,2,0,5,0,5,0,16,6
02294,02,8,36,14,2,6,0,0,6,5,12,21,3
21294,21,11,52,48,17,2,2,1,0,5,26,46,19
91294,91,25,64,99,26,6,4,6,0,9,36,69,25
60294,60,5,7,4,6,3,0,3,0,0,4,7,0
57294,57,11,31,18,0,0,0,1,12,2,17,12,2
59294,59,3,44,28,9,0,2,1,21,2,38,23,5
51294,51,0,10,5,2,4,5,1,0,5,0,15,0
76294,76,15,45,43,15,0,4,0,0,3,38,36,17
08294,08,3,20,8,7,0,1,5,1,0,13,10,0
73294,73,11,40,39,10,0,3,0,0,0,36,35,11
85294,85,104,370,509,92,13,34,9,38,13,274,501,87
64294,64,8,16,18,2,3,2,3,0,2,9,14,8
54294,54,4,15,11,5,0,3,3,0,4,14,8,4
70294,70,9,64,34,13,3,2,2,0,0,31,29,5
29294,29,15,37,81,29,2,2,5,0,0,58,48,32
31294,31,4,5,8,2,5,0,0,1,0,13,9,0
52294,52,14,102,49,18,7,1,0,1,7,51,54,8
65294,65,10,23,26,8,6,1,0,0,3,14,22,3
50294,50,30,133,143,41,10,5,0,9,2,113,126,38
88294,88,6,40,30,8,0,2,2,0,6,9,31,10
71294,71,39,153,145,33,8,11,0,0,3,118,122,38
77294,77,457,1651,1621,412,25,54,33,58,82,1432,1282,413
24294,24,126,575,612,152,24,35,13,63,32,563,436,165
33294,33,14,42,70,23,0,0,0,9,0,52,39,16
61294,61,36,139,132,31,5,16,7,0,5,71,152,21
32294,32,0,9,14,0,0,0,5,0,0,0,10,5
28294,28,10,57,46,15,1,7,0,7,2,36,50,14
38294,38,10,67,83,26,1,4,0,0,5,60,54,25
01294,01,22,109,93,22,2,9,2,4,0,65,82,21
10294,10,6,0,8,2,4,3,2,0,5,0,5,1
11294,11,3,0,3,0,4,4,0,0,4,0,0,6
17294,17,7,19,25,2,0,0,0,8,3,17,16,6
63294,63,3,29,40,15,0,6,0,0,0,23,20,11
26294,26,13,82,68,18,0,8,4,11,0,78,59,27
22294,22,9,19,36,8,3,7,0,0,3,23,18,7
49294,49,87,242,378,98,12,15,1,7,6,221,341,84
72294,72,12,64,48,10,0,8,0,3,5,42,75,21
45294,45,0,16,10,7,4,0,0,5,2,6,17,4
30294,30,122,796,514,128,16,28,19,10,26,527,468,135
79294,79,3,12,22,6,3,3,0,0,0,15,16,8
07294,07,20,73,59,17,0,2,6,0,0,65,47,12
46294,46,7,16,29,11,3,2,0,0,0,9,8,7
42294,42,29,132,128,27,2,3,3,0,5,90,95,25
68294,68,64,244,194,45,13,12,3,10,17,139,222,46
35294,35,37,148,321,100,10,12,0,6,1,219,214,99
34294,34,13,124,99,34,3,9,3,0,3,100,89,33
40294,40,28,136,184,64,6,7,6,33,2,153,121,62
47294,47,4,28,16,1,0,4,0,13,0,15,16,0
09294,09,0,6,6,8,4,5,0,0,0,0,1,8
69294,69,54,206,337,86,1,14,1,8,13,239,280,86
58294,58,0,24,13,8,2,0,0,0,4,10,12,4
81294,81,26,117,123,38,1,8,0,4,8,104,95,28
03294,03,2,23,23,8,0,0,0,1,0,17,17,2
27294,27,16,147,95,26,9,7,4,15,0,83,86,26
74294,74,20,65,81,23,4,0,0,10,5,63,94,25
41294,41,42,156,142,31,6,5,5,24,6,103,146,41
86294,86,82,342,426,125,23,38,5,13,10,328,308,117
12294,12,19,66,76,16,10,11,5,4,4,56,67,25
62295,62,39,235,132,41,1,7,7,8,1,128,90,35
80295,80,23,99,70,8,7,8,0,0,8,57,67,10
02295,02,27,146,69,13,7,0,6,12,6,63,74,15
76295,76,23,135,115,33,1,1,0,15,4,109,99,35
21295,21,76,286,318,76,10,16,0,53,14,219,283,74
27295,27,15,72,49,11,7,4,0,0,0,25,44,6
95295,95,9,10,22,10,0,0,0,0,0,11,18,7
60295,60,16,57,43,13,6,3,0,0,4,21,35,13
57295,57,5,6,14,7,6,0,4,0,3,0,10,6
59295,59,515,2940,2115,615,88,87,38,179,96,2195,1744,585
51295,51,6,37,33,9,4,3,5,0,0,18,37,12
70295,70,1,26,16,1,0,0,4,12,0,18,15,1
61295,61,5,18,15,7,1,0,2,3,0,7,19,5
74295,74,11,27,31,8,6,1,0,0,1,23,37,12
64295,64,3,12,11,1,0,5,3,5,0,13,6,7
54295,54,13,94,85,22,2,0,0,22,1,70,69,18
25295,25,6,30,32,9,5,7,1,2,0,23,25,3
42295,42,14,63,63,17,3,0,0,0,2,36,49,21
31295,31,1,2,6,7,0,0,1,11,0,8,4,3
55295,55,1,5,8,0,0,1,1,0,0,0,5,0
39295,39,0,19,20,4,2,2,3,4,0,18,11,6
52295,52,0,21,7,2,0,0,0,7,0,3,10,0
65295,65,22,89,131,31,3,8,0,0,8,117,77,34
50295,50,2,19,9,8,1,2,0,3,0,11,7,4
88295,88,4,31,23,7,4,2,2,1,3,16,20,5
71295,71,45,162,144,45,7,12,5,0,6,69,130,43
67295,67,18,81,71,22,2,0,3,18,0,56,81,16
77295,77,39,155,153,39,2,6,0,12,3,148,116,39
08295,08,7,25,13,3,1,5,2,4,4,18,14,5
24295,24,26,130,139,41,6,9,0,14,2,141,99,37
33295,33,0,8,14,1,1,0,0,6,2,9,8,2
32295,32,2,10,17,2,0,0,1,13,0,13,19,3
38295,38,13,78,76,24,1,5,0,0,5,56,58,23
89295,89,35,175,117,35,5,4,4,24,8,102,115,33
01295,01,24,66,64,13,0,0,0,2,5,54,68,13
10295,10,11,40,29,7,0,0,0,3,3,19,29,6
11295,11,24,157,118,41,2,9,0,21,0,128,83,43
63295,63,27,111,164,43,6,5,3,28,7,131,99,49
17295,17,25,91,91,22,0,6,0,10,0,86,82,21
16295,16,31,135,173,43,5,8,0,11,2,123,118,39
26295,26,40,239,218,62,12,20,6,23,7,190,182,64
22295,22,12,21,51,19,2,2,4,0,5,18,36,11
72295,72,16,53,60,9,0,0,0,12,5,45,71,8
35295,35,8,35,66,27,7,0,0,2,1,52,45,18
30295,30,63,443,314,89,7,12,1,20,15,331,276,75
79295,79,20,61,85,29,5,1,5,11,4,61,57,29
07295,07,25,127,107,35,1,11,0,1,8,120,80,31
46295,46,5,20,29,6,4,2,3,0,0,15,22,3
68295,68,101,427,325,79,13,13,8,9,23,207,336,68
2A295,2A,0,15,18,8,0,0,0,6,0,12,16,0
40295,40,25,81,126,37,0,4,1,37,0,92,86,36
34295,34,26,220,157,48,6,8,1,12,4,202,136,53
47295,47,4,33,23,12,0,0,0,21,2,21,22,7
09295,09,6,21,26,3,0,0,4,2,4,20,9,7
69295,69,36,124,231,58,6,8,3,0,3,162,193,63
81295,81,16,44,45,14,5,0,0,10,0,47,42,13
58295,58,28,111,101,27,1,9,2,0,0,61,81,32
85295,85,88,271,372,71,13,20,3,0,19,193,376,76
29295,29,9,33,59,29,5,0,0,0,0,33,40,24
03295,03,0,11,14,2,0,3,3,0,0,4,2,0
12295,12,0,4,11,8,3,0,0,7,5,9,7,0
41295,41,234,972,799,209,41,34,8,28,37,585,882,239
86295,86,9,29,38,13,3,0,4,0,0,26,33,11
09296,09,0,8,29,15,7,0,2,0,7,17,10,2
62296,62,10,43,21,5,0,1,4,0,0,7,17,8
02296,02,29,200,98,24,3,4,0,17,3,103,99,25
76296,76,56,340,274,74,10,12,6,9,5,290,216,71
21296,21,1,18,22,8,0,5,4,0,3,15,20,0
78296,78,21,49,97,21,2,1,0,11,2,54,87,17
60296,60,0,30,20,9,0,0,0,1,5,8,10,0
57296,57,33,159,117,29,6,3,0,0,5,88,92,27
59296,59,9,47,34,5,3,5,5,2,0,33,27,13
51296,51,4,15,5,2,3,5,4,0,0,1,8,3
80296,80,20,155,102,21,5,6,0,9,8,93,88,28
55296,55,12,73,49,6,2,8,1,1,0,39,42,10
64296,64,6,5,23,2,5,0,0,0,4,2,13,10
54296,54,7,58,43,19,1,1,3,8,1,39,43,17
70296,70,6,29,22,10,0,5,3,0,1,1,20,9
38296,38,23,82,99,20,2,6,0,2,4,89,64,30
25296,25,13,75,75,15,2,0,0,26,9,59,68,22
31296,31,8,33,60,21,6,0,3,0,0,43,33,11
39296,39,1,22,18,4,0,0,0,18,5,16,24,2
65296,65,7,42,62,11,2,5,0,6,4,43,35,18
50296,50,5,23,35,5,2,4,0,0,6,23,31,9
71296,71,27,85,77,19,0,2,0,0,1,57,69,20
67296,67,54,212,188,50,10,15,0,64,2,135,189,48
77296,77,395,1536,1548,406,37,60,27,51,61,1355,1208,374
08296,08,2,12,10,5,2,4,0,0,5,4,10,0
24296,24,25,104,113,34,2,5,3,5,0,118,78,36
33296,33,20,88,117,39,2,5,6,10,2,109,81,30
88296,88,0,13,5,3,0,1,5,9,0,2,7,0
32296,32,41,164,188,66,3,5,4,12,8,166,141,61
89296,89,5,25,15,0,2,0,0,7,0,8,12,0
01296,01,7,52,51,13,5,3,1,0,0,25,46,12
10296,10,5,31,14,7,0,6,0,0,3,16,29,1
11296,11,11,64,45,19,4,5,4,0,3,24,34,19
28296,28,9,21,27,6,0,2,4,0,0,15,25,5
63296,63,14,64,100,21,5,9,0,10,0,88,66,25
17296,17,35,118,132,32,3,9,0,5,3,102,104,34
26296,26,0,5,8,0,0,3,0,0,0,0,9,3
22296,22,9,46,73,24,3,1,2,20,4,55,49,26
68296,68,31,140,104,29,0,10,5,3,2,77,106,21
72296,72,14,72,72,21,0,0,0,16,0,68,101,19
35296,35,26,104,195,61,9,13,0,3,0,134,125,60
45296,45,25,72,70,17,0,3,0,7,3,51,71,12
30296,30,1,32,23,4,2,5,2,15,0,22,28,1
07296,07,46,202,199,42,0,8,2,24,12,188,154,55
46296,46,9,25,34,14,5,5,1,0,5,21,17,6
42296,42,20,61,61,20,2,2,6,1,1,45,47,19
2B296,2B,5,27,14,2,4,0,0,0,0,3,26,8
34296,34,12,115,98,30,3,1,2,11,9,116,85,29
40296,40,91,408,538,173,10,25,11,151,15,441,372,188
69296,69,51,218,355,88,10,16,6,37,9,274,313,85
47296,47,3,23,18,5,3,0,0,0,0,6,9,3
73296,73,58,201,242,60,6,9,7,13,16,174,195,63
85296,85,34,99,137,33,1,11,6,14,0,91,137,27
58296,58,9,14,20,4,0,5,0,0,4,7,14,10
29296,29,25,77,184,58,0,8,1,20,9,119,102,72
03296,03,10,36,44,5,1,0,0,30,3,31,32,8
74296,74,21,63,73,16,0,0,0,30,2,50,87,12
12296,12,10,47,59,17,0,14,1,11,9,37,59,18
86296,86,7,36,51,16,0,0,0,17,5,38,41,19
41296,41,39,174,140,38,8,13,6,0,9,103,159,35
38297,38,46,187,218,57,11,5,3,0,9,150,150,64
62297,62,80,583,296,89,14,9,6,46,13,311,233,90
80297,80,2,5,10,0,0,1,4,0,0,0,10,0
02297,02,8,23,11,3,5,0,0,0,3,3,6,0
76297,76,5,22,24,2,0,0,3,12,0,23,21,1
14297,14,9,38,52,21,0,6,5,4,3,46,39,10
21297,21,21,66,72,19,0,4,0,16,8,52,68,22
16297,16,13,41,49,10,3,0,0,5,0,32,28,7
78297,78,462,1467,3232,755,55,67,49,166,120,1815,3092,759
57297,57,2,34,25,2,6,6,0,0,0,9,22,11
59297,59,42,233,164,41,7,13,1,5,9,169,139,41
50297,50,23,95,118,30,4,2,0,13,2,72,96,33
64297,64,1,12,20,5,0,0,1,7,0,12,18,8
54297,54,6,32,31,10,6,0,0,16,0,29,21,8
70297,70,6,6,12,1,0,0,0,0,0,8,1,3
25297,25,0,13,23,5,2,2,0,0,0,7,21,7
60297,60,5,30,15,2,3,0,0,0,1,8,16,7
40297,40,10,20,33,15,0,2,0,3,0,19,15,6
12297,12,13,44,83,14,0,4,5,2,5,59,66,23
55297,55,6,14,12,7,0,2,3,0,5,0,11,6
39297,39,33,139,125,35,6,8,0,2,2,118,111,32
52297,52,7,59,25,10,2,3,2,10,5,23,27,2
31297,31,33,165,269,81,5,18,4,0,10,208,172,69
65297,65,0,2,5,2,0,0,0,6,4,8,0,0
71297,71,22,88,84,25,6,0,0,8,5,67,70,29
77297,77,6,42,36,9,5,5,2,18,0,34,33,7
08297,08,4,47,23,4,0,0,4,3,6,20,26,3
24297,24,24,99,110,29,0,9,2,0,2,104,73,30
61297,61,15,67,68,18,4,7,6,2,0,39,84,13
33297,33,35,127,206,58,5,13,1,34,5,161,119,50
88297,88,1,25,23,3,3,2,1,11,0,10,9,0
32297,32,7,35,50,18,3,0,2,21,0,31,33,12
89297,89,5,9,5,1,5,0,1,0,0,6,14,6
01297,01,29,109,108,26,4,5,0,1,5,80,97,27
10297,10,109,537,347,77,9,21,3,42,17,244,401,83
11297,11,8,27,26,5,3,3,5,0,0,4,15,9
63297,63,11,30,48,9,2,4,4,0,0,30,33,8
17297,17,71,291,331,69,9,26,6,22,9,262,292,84
68297,68,474,1780,1331,301,53,79,30,104,91,944,1510,327
72297,72,8,53,51,9,0,8,0,0,0,51,79,20
35297,35,83,271,580,163,21,24,0,20,9,346,338,157
45297,45,32,113,123,29,3,0,1,11,9,89,107,29
30297,30,11,65,36,15,0,0,3,0,0,40,43,14
07297,07,15,55,58,16,0,0,0,0,7,35,46,16
79297,79,10,29,50,10,4,7,2,0,2,31,40,10
46297,46,28,91,153,39,0,8,0,19,9,134,99,48
42297,42,25,87,72,19,3,0,5,1,0,62,53,21
2B297,2B,0,16,4,2,0,1,0,6,0,5,9,0
34297,34,5,46,45,7,5,0,0,0,3,45,40,17
47297,47,0,20,16,2,0,0,0,10,1,17,17,0
09297,09,5,0,1,0,5,2,0,0,1,0,0,6
69297,69,99,367,635,147,20,16,8,12,28,436,541,143
81297,81,37,147,145,49,5,9,0,2,4,123,109,37
73297,73,18,63,64,16,6,3,2,0,0,50,60,22
85297,85,35,88,120,23,6,4,2,17,3,67,137,19
58297,58,5,24,29,11,2,0,0,4,1,24,12,2
29297,29,47,144,305,116,4,9,0,57,6,215,178,124
03297,03,32,171,175,50,2,11,0,23,9,165,142,39
74297,74,23,53,64,21,4,0,0,0,5,43,77,20
86297,86,148,566,704,202,25,37,9,6,26,552,523,209
41297,41,24,81,68,16,2,4,4,0,0,53,70,13
62298,62,15,89,41,13,0,0,3,2,0,47,33,18
02298,02,31,231,127,25,10,11,0,7,0,117,106,24
80298,80,10,79,54,15,0,4,5,0,1,32,38,12
76298,76,9,69,55,19,6,6,0,0,0,52,43,13
21298,21,1,15,10,0,2,1,3,0,1,0,8,7
27298,27,13,48,28,8,0,6,0,0,0,25,34,11
25298,25,8,30,24,7,0,2,1,12,0,22,22,12
14298,14,0,14,22,1,0,0,0,7,5,20,17,0
60298,60,16,85,53,11,7,2,5,8,3,55,50,9
95298,95,8,43,70,16,4,5,0,12,0,71,46,16
57298,57,6,54,46,13,7,0,2,0,2,20,35,12
51298,51,10,53,45,14,3,0,0,0,3,20,46,10
63298,63,0,14,18,1,6,0,0,0,4,13,19,11
64298,64,6,13,20,9,3,0,1,0,0,9,6,1
54298,54,0,24,13,2,1,0,2,0,0,16,6,9
70298,70,3,14,9,1,5,0,1,0,6,8,10,3
38298,38,121,499,572,154,14,23,0,7,31,407,389,168
55298,55,9,46,31,4,5,0,0,0,1,24,32,7
39298,39,2,5,6,7,1,0,0,0,0,0,10,5
65298,65,2,7,9,4,2,2,2,0,0,4,6,7
52298,52,2,16,11,2,0,3,0,0,2,0,8,2
67298,67,19,68,74,15,0,0,0,24,5,39,64,12
77298,77,20,62,50,11,3,4,1,0,4,48,36,16
08298,08,53,289,159,50,5,5,0,6,1,146,152,40
61298,61,15,51,41,14,3,1,3,0,4,15,46,11
33298,33,13,78,110,30,0,12,5,1,6,100,82,36
50298,50,17,67,74,26,3,2,0,3,4,54,71,15
88298,88,3,12,5,0,4,2,2,0,1,0,6,0
32298,32,3,36,47,9,0,2,0,7,0,36,25,18
28298,28,78,296,255,73,13,16,3,12,20,175,272,71
89298,89,24,96,62,18,6,6,0,0,0,35,65,19
01298,01,5,23,16,2,5,4,0,0,0,5,15,1
10298,10,28,154,82,22,5,1,1,0,2,57,118,25
17298,17,27,90,107,30,8,6,6,0,8,74,85,24
16298,16,12,42,47,11,0,6,0,8,4,37,30,9
26298,26,12,45,50,10,0,0,0,9,0,40,45,9
2B298,2B,26,271,190,40,1,8,3,47,10,141,235,45
49298,49,97,299,480,129,10,15,0,21,9,304,397,122
72298,72,15,59,58,18,3,3,5,0,3,33,74,13
45298,45,142,592,600,154,17,37,10,65,22,390,554,143
79298,79,52,156,268,71,13,8,6,28,0,173,185,59
07298,07,17,103,90,27,5,7,0,0,6,87,82,30
30298,30,10,74,51,14,0,0,0,17,0,63,41,8
68298,68,151,587,442,94,13,31,15,22,32,286,511,93
42298,42,16,46,44,11,0,0,0,14,4,32,38,17
34298,34,98,663,537,153,9,11,7,60,24,606,453,158
40298,40,10,35,49,19,0,7,3,0,4,28,38,20
09298,09,4,8,9,6,0,0,0,0,0,11,7,6
47298,47,8,23,19,9,5,0,4,0,1,22,23,1
81298,81,18,63,61,19,0,7,0,0,1,48,41,16
73298,73,20,95,100,19,4,6,3,8,6,76,86,22
69298,69,57,226,381,98,7,9,6,38,18,261,334,99
58298,58,9,50,37,6,1,4,0,10,0,29,31,9
29298,29,15,34,79,26,1,0,5,19,0,45,40,24
85298,85,45,146,196,46,7,14,4,16,3,107,203,32
03298,03,85,378,402,83,3,22,4,56,8,311,326,94
12298,12,16,40,62,15,0,7,2,0,2,34,49,8
86298,86,39,182,240,65,6,17,3,24,8,183,177,75
74298,74,194,596,770,181,14,22,17,63,29,520,815,171
69299,69,51,187,309,77,10,7,11,4,13,220,276,74
62299,62,2,44,21,1,5,6,0,18,0,19,14,2
02299,02,13,87,41,12,0,8,0,0,1,33,44,6
14299,14,18,76,82,25,0,6,1,2,0,71,65,21
76299,76,12,47,46,14,1,1,5,0,0,27,37,11
21299,21,2,9,9,2,0,0,5,0,3,4,16,6
27299,27,101,488,335,90,9,20,0,70,12,298,309,89
25299,25,2,17,10,2,0,0,0,11,1,4,8,0
60299,60,12,81,57,17,6,6,6,1,1,44,44,8
78299,78,31,119,273,61,0,3,1,43,4,170,277,68
57299,57,26,123,102,31,0,7,0,23,4,79,78,22
59299,59,409,2471,1733,493,55,93,21,87,85,1813,1469,494
51299,51,24,117,97,25,2,9,3,0,2,45,98,20
80299,80,4,27,21,8,0,6,5,0,0,4,21,9
64299,64,5,8,24,6,2,2,4,10,6,18,20,6
54299,54,0,25,17,8,6,0,0,0,3,16,11,11
70299,70,14,46,24,6,0,1,2,0,4,24,32,2
50299,50,7,25,25,5,0,1,0,12,0,15,20,10
01299,01,22,67,63,9,0,5,0,4,1,35,58,10
28299,28,6,18,11,9,4,0,5,0,1,0,15,7
31299,31,77,313,513,162,9,17,9,6,19,428,317,168
55299,55,7,22,12,0,0,1,0,1,2,5,5,0
39299,39,18,56,48,12,6,0,0,0,7,29,48,16
65299,65,5,20,27,8,6,0,0,13,4,24,13,7
71299,71,11,47,38,6,0,0,2,10,0,34,31,16
67299,67,32,113,103,31,0,9,0,23,4,77,100,26
33299,33,6,31,35,17,5,5,0,0,6,24,31,14
24299,24,56,260,273,89,8,13,5,33,15,309,218,79
88299,88,8,18,12,9,5,5,5,0,5,0,12,1
32299,32,7,8,15,0,5,2,0,0,3,6,5,8
38299,38,7,27,28,2,0,3,1,0,6,13,18,10
89299,89,0,5,12,5,2,0,0,0,3,0,8,0
10299,10,16,79,50,17,4,0,1,11,4,41,58,16
11299,11,10,79,54,21,0,4,5,15,6,56,38,21
63299,63,7,13,11,4,3,0,3,0,0,1,13,9
17299,17,598,2296,2551,650,83,132,47,183,99,1976,2193,626
22299,22,31,112,191,51,9,4,4,2,1,127,116,49
49299,49,83,241,393,97,19,15,4,8,14,249,339,91
72299,72,53,243,218,61,8,11,5,16,8,182,303,52
35299,35,96,289,642,190,12,27,8,34,14,397,410,174
30299,30,25,182,123,31,8,6,0,0,9,126,114,35
45299,45,5,28,31,5,2,0,5,0,2,20,21,5
07299,07,2,21,12,1,0,4,0,0,0,14,13,9
68299,68,13,36,24,12,0,1,0,7,0,26,27,2
79299,79,62,181,284,79,8,14,3,24,7,202,203,74
26299,26,5,12,17,3,0,4,5,0,0,0,14,3
2B299,2B,1,26,17,3,0,4,3,8,2,14,25,4
46299,46,5,13,23,3,0,4,1,0,0,10,13,5
42299,42,97,390,352,81,12,19,5,66,15,271,298,87
40299,40,4,20,29,12,4,0,0,0,0,8,22,14
09299,09,7,52,44,14,6,5,0,0,3,66,29,13
47299,47,2,22,22,3,0,3,3,0,0,0,20,7
34299,34,160,1028,859,230,19,52,8,24,41,892,720,225
81299,81,6,40,40,9,2,0,0,3,0,38,31,14
73299,73,12,38,41,13,3,7,0,0,2,10,36,8
58299,58,6,25,22,9,4,0,4,4,0,28,17,12
29299,29,8,17,43,17,0,3,4,0,0,19,29,13
03299,03,1,25,27,10,0,6,3,0,5,12,18,3
74299,74,67,222,270,58,6,8,2,19,9,187,268,64
12299,12,19,68,101,27,5,9,3,0,6,81,78,21
86299,86,7,50,54,12,5,1,2,0,7,48,49,23
62300,62,66,471,244,74,16,14,6,0,9,243,197,76
80300,80,2,19,12,2,0,0,1,13,0,21,7,9
14300,14,1,12,4,0,0,0,0,0,0,10,9,0
76300,76,9,44,45,13,3,0,0,0,6,38,28,17
21300,21,8,37,32,7,0,0,2,9,5,23,37,14
27300,27,12,78,59,9,1,6,0,0,3,49,52,7
25300,25,7,30,27,12,3,0,0,0,0,19,31,13
78300,78,9,27,56,18,5,1,0,0,0,21,44,17
57300,57,11,41,36,7,4,0,0,6,5,24,29,7
59300,59,12,73,54,15,1,5,3,0,5,24,48,20
51300,51,0,19,12,4,0,0,5,0,0,7,8,7
17300,17,1783,7070,7998,1892,229,454,83,509,295,6204,6788,1958
64300,64,20,56,101,31,3,8,2,12,3,64,74,32
54300,54,143,757,642,179,25,23,3,21,38,573,494,164
50300,50,9,26,27,5,5,0,0,0,0,15,16,2
71300,71,12,61,55,13,4,3,5,5,2,48,58,12
08300,08,0,0,0,2,0,0,1,0,2,0,4,4
29300,29,34,110,236,95,9,8,0,31,4,154,140,83
31300,31,8,18,15,3,0,0,0,0,1,17,18,7
55300,55,11,38,21,2,0,4,0,0,5,1,16,5
39300,39,399,1683,1433,343,54,82,18,135,74,1361,1292,343
52300,52,7,16,18,6,5,0,1,0,0,0,21,7
65300,65,6,5,8,0,0,5,0,2,0,12,2,7
67300,67,274,981,886,221,39,52,7,38,40,547,893,202
77300,77,20,67,59,11,0,4,5,13,0,55,41,9
61300,61,8,54,46,16,0,3,3,4,2,29,60,6
88300,88,10,21,19,9,2,0,0,0,4,0,13,4
24300,24,8,42,39,12,0,8,0,10,2,39,27,8
33300,33,27,103,144,37,7,13,0,5,5,131,97,51
32300,32,3,34,37,11,1,0,0,11,0,24,30,10
38300,38,8,38,36,6,0,0,0,31,0,31,28,7
89300,89,3,14,6,7,0,2,5,0,5,0,8,0
28300,28,7,12,14,6,6,2,0,0,0,0,18,9
10300,10,10,33,19,10,0,1,0,0,4,14,30,7
11300,11,6,23,16,2,0,0,0,3,6,10,10,0
63300,63,320,1339,2019,534,58,104,20,157,53,1612,1219,519
26300,26,6,0,8,3,0,2,0,0,1,0,2,6
22300,22,3,27,53,16,7,3,0,6,3,35,39,21
35300,35,32,85,194,59,2,3,0,0,7,102,120,61
72300,72,51,243,256,72,9,9,10,28,10,224,353,71
07300,07,8,61,45,18,7,8,0,0,5,51,37,9
30300,30,15,67,45,11,1,0,0,3,2,56,35,11
79300,79,40,113,186,42,1,9,4,2,0,136,119,43
2A300,2A,25,159,97,15,4,13,9,44,9,61,162,16
45300,45,125,486,462,118,16,18,12,10,16,322,455,121
68300,68,212,740,551,134,22,43,17,25,36,362,621,121
34300,34,83,601,451,122,9,7,8,18,31,509,405,129
42300,42,15,77,68,24,5,5,0,0,8,51,53,23
40300,40,15,86,113,37,0,10,0,0,8,82,83,42
09300,09,6,21,18,13,6,0,4,0,0,16,15,4
47300,47,28,126,102,24,0,2,0,9,4,101,98,34
81300,81,0,13,9,0,5,5,4,0,0,4,8,9
73300,73,94,337,361,90,2,13,2,17,8,282,319,96
58300,58,49,218,202,55,12,2,6,13,0,144,144,55
16300,16,29,125,157,31,9,7,0,1,3,123,93,39
03300,03,14,63,62,20,2,4,5,0,0,42,52,12
85300,85,135,419,569,121,15,33,7,29,14,351,565,120
12300,12,253,852,1390,333,35,82,21,195,29,1075,1098,344
86300,86,11,43,48,19,5,7,0,16,3,40,36,11
62301,62,6,15,7,1,0,0,4,0,1,3,5,1
80301,80,5,42,26,11,0,0,0,0,5,21,19,10
14301,14,122,451,562,155,14,33,2,28,25,404,464,144
21301,21,7,26,30,8,6,0,0,5,0,18,25,2
27301,27,39,184,130,29,8,10,1,0,5,95,122,33
25301,25,16,90,91,18,2,8,1,0,8,70,72,25
57301,57,11,34,26,6,2,5,0,8,0,31,20,9
60301,60,1,22,17,0,0,5,0,0,2,12,9,6
95301,95,2,25,32,12,0,0,0,9,5,30,28,4
59301,59,102,576,423,123,30,19,8,24,33,405,353,123
51301,51,2,19,10,0,4,0,4,0,4,15,15,0
64301,64,16,77,131,44,0,14,0,41,0,106,93,44
54301,54,2,16,17,6,0,0,2,0,6,0,13,8
70301,70,2,6,7,1,0,0,0,0,2,1,7,6
31301,31,0,6,17,7,0,0,0,15,0,15,7,6
55301,55,3,26,14,2,0,0,5,0,1,7,7,2
39301,39,4,16,22,7,4,0,0,2,0,16,18,3
52301,52,0,8,8,0,4,0,2,4,0,9,6,0
65301,65,7,20,36,9,5,1,0,2,6,25,20,14
67301,67,73,258,230,50,16,5,4,35,6,163,236,54
71301,71,4,19,17,4,0,0,0,19,3,13,13,7
77301,77,9,35,35,14,0,0,0,0,3,32,23,11
08301,08,0,9,0,0,0,3,0,3,0,1,7,5
88301,88,5,44,25,7,0,1,1,16,0,21,32,7
24301,24,13,32,40,11,1,3,0,11,0,48,31,7
33301,33,10,44,69,23,0,4,0,12,0,55,37,22
61301,61,4,21,22,10,2,2,3,9,0,11,22,1
32301,32,18,93,98,34,3,5,6,4,4,88,81,37
38301,38,2,25,19,8,0,0,5,0,0,12,10,9
28301,28,10,48,44,9,5,4,0,0,6,32,47,8
01301,01,66,320,288,67,9,13,3,22,7,202,279,59
10301,10,8,30,12,8,0,0,0,1,0,7,17,5
11301,11,20,153,113,39,7,2,0,17,5,119,80,37
63301,63,10,62,99,26,0,0,0,19,1,74,58,32
17301,17,6,7,8,4,1,0,0,0,1,0,9,0
973301,973,11,85,69,25,10,26,0,0,4,56,59,31
16301,16,9,22,23,4,0,0,1,20,0,19,16,4
26301,26,96,453,426,117,17,21,2,29,22,308,348,108
07301,07,29,99,96,22,3,8,3,20,4,94,69,27
30301,30,9,46,24,7,0,2,0,0,0,22,29,8
79301,79,16,48,79,21,4,6,0,7,6,61,59,21
2B301,2B,3,16,12,0,0,0,0,0,4,0,14,6
45301,45,6,47,45,8,0,0,0,0,1,29,38,7
46301,46,10,39,64,13,4,2,0,0,7,48,37,22
68301,68,48,196,142,28,10,5,0,0,5,95,159,30
47301,47,22,115,85,23,6,5,6,14,3,90,85,26
40301,40,5,10,13,8,0,0,0,7,4,9,6,6
42301,42,17,73,66,15,5,8,5,3,1,64,51,14
09301,09,3,52,55,12,4,4,0,5,0,64,32,20
34301,34,760,5389,4247,1198,94,167,72,275,239,4797,3657,1179
49301,49,617,2004,3139,775,111,134,43,146,79,1875,2780,739
73301,73,17,76,87,18,0,1,0,27,0,78,88,17
29301,29,6,19,46,12,0,2,4,6,2,22,30,11
58301,58,13,39,35,8,0,4,5,0,4,32,29,7
03301,03,30,117,135,29,0,9,0,14,5,104,112,33
85301,85,55,172,230,46,2,9,1,6,4,122,223,40
74301,74,22,67,93,24,0,6,0,0,3,58,102,14
12301,12,53,157,261,60,4,4,12,46,11,191,204,64
973302,973,289,3756,2937,930,251,785,83,253,294,3768,2288,870
85302,85,166,519,707,143,27,37,16,4,28,335,695,131
62302,62,5,35,21,1,0,2,2,20,0,15,14,1
80302,80,3,20,19,0,1,0,0,0,2,16,17,4
02302,02,6,52,34,9,0,6,4,1,0,25,30,6
14302,14,0,21,29,11,4,0,2,0,0,11,14,8
76302,76,57,300,242,78,9,16,9,20,5,249,208,71
21302,21,2,19,15,0,2,3,0,2,2,5,9,0
57302,57,5,31,20,8,5,6,0,6,3,14,14,2
60302,60,25,135,80,23,8,4,6,0,1,80,75,27
59302,59,85,503,374,98,13,12,3,14,10,336,312,100
78302,78,8,18,30,10,3,0,0,0,0,5,37,12
63302,63,65,281,454,122,5,20,1,18,26,363,252,109
73302,73,11,37,37,13,4,3,4,0,0,22,31,9
64302,64,10,27,57,17,0,1,0,22,0,44,47,23
54302,54,16,99,74,31,7,0,2,0,4,65,64,27
27302,27,34,194,120,34,5,5,0,30,2,107,118,35
50302,50,3,28,37,10,3,5,3,0,0,23,29,13
88302,88,36,157,112,21,2,8,1,1,1,92,93,32
51302,51,8,9,12,8,0,3,0,0,4,2,7,4
74302,74,31,107,124,30,5,4,0,2,4,81,132,33
70302,70,7,0,12,1,3,0,1,0,0,0,10,6
31302,31,4,29,40,18,5,6,3,0,0,23,23,18
55302,55,48,216,130,31,6,12,4,0,2,79,123,35
39302,39,4,15,9,1,0,1,0,2,0,14,13,0
52302,52,5,34,23,5,0,0,3,0,1,20,17,1
67302,67,60,225,214,56,8,13,2,4,6,131,196,44
71302,71,8,32,34,12,1,3,0,0,3,5,30,4
77302,77,69,240,255,67,11,5,6,0,18,205,181,56
08302,08,54,289,192,55,5,12,15,0,16,140,181,57
24302,24,10,31,36,11,1,2,0,7,0,32,34,11
61302,61,10,17,12,7,3,3,0,0,0,0,26,5
33302,33,2,36,45,9,0,3,5,13,1,31,24,8
32302,32,6,28,29,11,0,0,0,0,3,18,22,13
89302,89,6,31,27,4,4,3,0,0,0,13,23,7
01302,01,5,25,23,6,4,6,0,0,0,0,27,8
29302,29,65,203,474,167,15,29,5,28,20,292,263,174
28302,28,24,120,95,24,0,3,0,3,2,78,105,25
10302,10,0,10,2,2,1,0,3,5,1,7,10,0
11302,11,1,35,28,4,0,2,0,16,2,26,19,9
17302,17,11,60,76,11,6,9,0,5,0,53,68,12
16302,16,7,19,25,4,3,3,0,6,0,21,13,11
22302,22,21,91,151,44,9,12,0,21,3,119,104,45
49302,49,10,27,53,19,0,0,0,5,0,36,42,16
72302,72,7,25,16,4,0,4,0,0,0,12,30,11
35302,35,26,73,170,45,4,10,0,0,5,100,101,42
30302,30,49,323,195,52,10,4,4,4,5,202,178,60
07302,07,21,95,89,27,0,3,0,6,1,87,75,28
26302,26,18,59,58,18,5,1,6,0,8,44,57,13
79302,79,31,125,192,41,6,4,3,2,1,131,127,49
2B302,2B,0,13,14,2,0,5,5,0,5,0,20,7
45302,45,419,1645,1695,400,59,71,30,76,68,1125,1492,416
68302,68,25,111,86,17,8,5,4,0,6,40,97,14
34302,34,8,90,70,13,2,4,2,10,3,72,60,16
42302,42,220,937,875,230,27,42,6,56,36,686,713,218
47302,47,22,72,62,13,1,8,0,26,2,58,54,21
46302,46,4,7,24,9,0,2,3,0,0,17,9,11
81302,81,6,5,4,3,0,0,0,4,0,5,5,5
58302,58,22,104,96,31,1,6,2,0,6,66,72,20
03302,03,1,11,11,2,0,0,0,0,0,2,4,0
62303,62,9,33,25,8,0,6,0,0,0,15,14,10
80303,80,20,99,72,14,3,6,0,0,1,25,53,16
02303,02,16,137,70,11,5,0,0,5,3,60,54,21
14303,14,29,93,117,36,0,1,6,0,7,75,102,35
76303,76,22,83,73,25,8,1,0,0,0,58,52,21
57303,57,18,77,59,11,0,7,0,16,2,44,56,9
60303,60,9,29,18,9,0,2,0,0,2,11,16,4
25303,25,4,23,29,8,0,0,0,0,2,22,18,9
59303,59,50,332,241,69,13,13,3,5,14,229,204,67
973303,973,12,178,143,39,3,33,3,42,11,193,111,56
51303,51,19,77,54,9,1,3,1,0,6,29,55,16
38303,38,15,60,66,18,0,0,5,0,8,41,41,19
17303,17,24,91,114,27,1,10,5,0,9,79,88,20
64303,64,7,7,23,7,0,5,0,8,1,11,11,5
54303,54,14,55,46,7,0,1,0,3,3,46,31,8
95303,95,4,16,21,3,2,0,1,25,0,19,15,2
21303,21,5,0,2,0,0,0,0,0,1,0,0,0
70303,70,8,19,17,9,4,0,1,0,0,5,14,4
31303,31,46,252,409,121,11,21,0,0,7,339,238,131
55303,55,0,11,7,6,0,0,0,0,2,0,11,7
52303,52,2,19,9,2,2,6,0,0,3,1,7,4
65303,65,10,41,44,9,0,3,0,0,0,45,33,14
88303,88,9,31,27,1,1,0,2,16,0,26,18,1
71303,71,17,58,46,14,2,3,0,0,0,27,47,19
77303,77,8,31,31,7,5,0,5,0,6,3,28,5
08303,08,8,44,25,5,2,2,3,6,2,23,32,7
67303,67,15,80,71,12,2,7,0,20,5,42,66,18
24303,24,1,20,25,2,0,3,3,0,0,26,15,10
61303,61,14,55,57,12,1,0,4,0,2,33,65,15
33303,33,15,71,121,30,3,5,4,6,0,99,76,33
32303,32,5,0,5,0,5,1,0,0,5,2,0,5
89303,89,5,37,27,8,0,3,0,4,0,21,22,11
01303,01,46,182,181,44,5,3,5,22,7,116,163,32
28303,28,0,10,16,0,0,1,0,12,3,5,14,0
10303,10,0,8,5,5,4,3,0,9,0,2,4,1
11303,11,9,74,44,10,0,3,2,18,0,51,33,10
63303,63,5,6,6,0,3,0,0,0,5,0,6,4
16303,16,14,42,46,19,4,8,0,0,0,33,41,13
72303,72,22,87,73,25,3,3,6,4,5,64,110,15
30303,30,23,136,82,22,0,2,0,0,4,77,80,27
07303,07,9,28,25,9,0,1,0,12,3,25,23,13
26303,26,5,17,9,6,1,0,0,0,0,10,6,1
79303,79,12,23,48,7,0,0,1,8,6,27,25,8
2B303,2B,5,77,62,9,0,0,0,19,7,47,85,7
45303,45,11,61,74,23,1,8,0,0,5,45,62,14
68303,68,6,30,20,9,0,5,0,0,0,23,31,9
40303,40,11,31,42,18,0,4,5,0,0,26,30,14
34303,34,0,12,11,8,3,5,0,0,1,0,3,5
47303,47,6,23,17,6,0,5,4,0,4,7,24,6
42303,42,12,48,44,9,4,0,0,0,0,18,33,14
09303,09,4,47,46,15,0,7,2,1,0,66,28,20
46303,46,0,7,25,0,3,6,0,0,1,21,10,6
81303,81,12,42,46,11,0,0,0,2,0,32,35,8
73303,73,159,674,740,169,10,41,11,66,26,549,672,189
58303,58,231,1092,1016,285,47,49,20,63,52,790,749,310
03303,03,3,20,31,9,0,5,0,0,3,24,18,9
74303,74,95,300,374,91,5,16,0,9,21,268,384,88
12303,12,4,27,31,4,0,0,5,14,0,26,28,3
85303,85,43,145,209,40,5,11,0,3,3,120,205,44
62304,62,10,63,33,12,7,2,0,0,0,23,17,3
80304,80,0,17,8,7,0,4,0,0,0,2,8,6
76304,76,13,52,47,12,0,0,1,0,3,29,27,15
14304,14,22,87,103,25,0,3,0,21,5,71,78,34
21304,21,6,29,29,7,4,1,0,0,6,17,33,12
27304,27,6,27,19,5,3,3,2,12,2,16,14,1
57304,57,10,52,38,6,0,1,1,17,2,30,27,7
60304,60,4,47,24,9,0,5,1,0,0,20,22,7
59304,59,10,65,50,18,7,2,5,0,2,33,33,9
95304,95,8,20,32,6,0,0,0,7,4,36,31,7
25304,25,78,340,330,78,7,21,9,3,22,252,300,82
51304,51,6,12,12,6,4,6,2,0,4,0,12,8
973304,973,121,1634,1293,387,116,348,28,128,99,1641,978,358
02304,02,46,302,165,31,12,14,0,18,8,150,136,32
64304,64,56,154,304,91,7,18,3,139,5,228,204,79
54304,54,266,1317,1134,313,26,55,24,58,53,969,858,318
50304,50,3,20,17,8,0,0,0,18,0,17,15,2
70304,70,5,27,20,0,0,0,0,7,3,7,8,0
31304,31,7,40,50,20,1,5,0,0,0,48,28,22
55304,55,12,35,22,4,1,6,4,0,0,0,25,0
39304,39,6,30,33,5,0,6,4,3,0,30,21,11
52304,52,1,14,9,0,4,0,1,0,0,0,3,0
65304,65,48,207,270,85,4,14,7,54,10,261,161,78
88304,88,132,598,413,114,27,34,3,44,14,344,398,95
77304,77,0,1,4,0,3,0,0,1,5,8,1,0
08304,08,6,1,7,1,0,1,3,0,1,0,10,0
67304,67,25,84,77,18,3,1,1,0,6,21,77,23
24304,24,24,107,115,36,0,10,5,0,0,91,90,37
33304,33,3,10,17,7,0,0,0,16,0,15,18,5
61304,61,12,33,40,7,4,0,2,0,2,23,42,6
32304,32,1,23,32,16,4,0,0,18,4,24,22,9
38304,38,31,143,157,50,2,5,0,31,10,128,110,51
89304,89,27,102,65,19,6,5,4,9,6,44,64,7
01304,01,82,319,273,63,7,12,3,35,8,188,271,62
28304,28,18,60,50,9,0,1,0,0,5,26,53,9
10304,10,7,27,13,1,3,6,0,4,3,9,17,5
11304,11,59,392,295,93,16,19,9,24,5,296,219,84
63304,63,3,5,15,1,4,0,0,8,1,9,10,0
17304,17,10,43,56,10,4,7,0,0,0,35,43,12
16304,16,25,108,136,36,8,3,2,1,4,110,86,26
26304,26,3,25,32,4,4,0,4,0,1,25,25,9
22304,22,11,41,73,17,4,8,0,0,0,43,48,22
35304,35,29,87,200,65,2,9,1,12,2,138,117,52
07304,07,17,85,88,17,0,6,0,8,4,73,70,28
30304,30,4,23,14,0,3,2,0,0,1,21,21,4
2B304,2B,0,18,19,1,5,0,0,15,4,11,19,1
79304,79,20,56,84,27,7,9,4,4,7,68,62,21
68304,68,47,200,155,30,10,6,0,24,11,113,174,33
40304,40,96,438,595,225,3,32,16,165,13,499,416,205
34304,34,10,103,79,17,7,6,2,6,2,95,74,28
42304,42,166,598,598,150,15,31,15,22,27,441,468,150
09304,09,0,0,6,3,4,2,0,0,2,0,3,0
46304,46,1,14,25,11,4,1,3,0,6,0,19,7
47304,47,7,6,3,0,2,4,0,0,0,0,11,3
81304,81,6,22,26,4,0,0,0,5,0,18,21,1
73304,73,48,203,210,55,7,7,4,5,7,160,176,45
58304,58,30,112,111,28,3,2,0,0,3,80,84,34
03304,03,64,257,289,70,6,14,3,0,7,217,230,55
74304,74,24,74,91,27,3,0,0,26,0,63,94,16
85304,85,17,61,83,16,0,7,2,14,0,51,82,20
80305,80,9,82,58,14,4,0,2,9,0,49,40,15
02305,02,63,424,220,52,13,12,7,24,16,182,213,42
76305,76,200,1030,878,258,29,44,13,47,23,884,717,252
14305,14,22,92,108,29,3,7,0,3,1,73,88,29
21305,21,8,32,21,8,5,2,0,0,0,16,28,3
60305,60,7,50,23,12,2,6,0,0,7,8,27,10
57305,57,12,66,52,11,7,4,0,0,3,23,38,7
78305,78,9,17,31,9,0,3,0,0,6,14,37,7
59305,59,41,209,157,49,8,8,0,0,4,147,121,48
51305,51,5,19,14,8,0,0,0,8,0,7,15,0
25305,25,17,64,60,21,0,9,4,0,1,51,64,14
42305,42,144,650,609,159,6,27,8,92,27,496,477,148
64305,64,7,34,66,22,2,9,3,17,2,59,54,20
54305,54,54,300,269,75,8,13,6,21,2,240,197,67
50305,50,21,62,90,25,4,6,0,4,0,56,75,18
33305,33,7,47,66,23,5,5,2,0,2,27,42,22
34305,34,0,23,20,9,5,6,1,0,0,3,22,8
70305,70,1,15,5,6,0,0,2,2,4,6,9,0
31305,31,5,14,28,10,0,0,0,14,2,20,21,7
39305,39,14,71,52,13,5,1,0,16,1,60,51,8
973305,973,97,1091,812,261,69,217,35,78,87,1024,639,250
52305,52,18,93,53,15,0,7,0,0,0,27,45,11
65305,65,7,17,21,6,2,6,0,0,2,6,7,1
88305,88,9,32,26,11,0,0,0,0,0,14,16,9
71305,71,22,103,97,30,0,4,4,0,6,54,77,25
77305,77,378,1476,1473,344,41,38,12,81,87,1273,1125,365
08305,08,3,36,26,8,3,5,0,0,0,18,20,3
67305,67,64,215,205,51,9,8,6,0,10,105,201,49
24305,24,5,30,26,7,6,7,0,1,3,34,17,6
32305,32,9,44,43,14,0,2,3,0,5,33,40,21
01305,01,55,234,194,49,10,13,6,0,13,126,207,54
28305,28,7,35,26,8,0,0,0,17,0,17,24,10
10305,10,1,4,5,1,5,3,0,0,2,0,14,7
11305,11,5,3,10,4,1,0,5,0,4,0,1,4
63305,63,20,61,93,18,4,8,4,8,6,59,52,22
17305,17,9,39,54,9,2,1,0,17,3,36,50,12
26305,26,30,115,104,27,5,0,4,0,10,79,81,25
22305,22,13,35,62,19,7,7,0,0,0,16,37,22
72305,72,14,82,92,24,7,10,0,0,4,62,132,28
35305,35,6,20,54,19,4,0,2,13,6,32,33,11
07305,07,11,48,43,12,0,0,0,0,4,30,33,13
30305,30,91,506,333,84,17,28,6,16,18,364,309,93
2B305,2B,47,355,251,58,5,23,3,77,9,176,324,51
45305,45,10,9,23,8,6,6,0,0,0,0,18,9
68305,68,43,168,129,29,8,7,6,10,7,86,140,30
40305,40,7,13,22,5,0,4,0,23,0,19,14,8
46305,46,5,20,48,13,0,3,0,4,0,41,30,7
09305,09,3,33,29,12,5,1,0,11,3,42,23,16
47305,47,14,42,42,8,1,4,1,8,2,34,41,7
81305,81,23,95,105,27,0,2,0,7,5,101,79,34
58305,58,1,18,13,2,3,0,0,9,0,7,8,7
03305,03,11,58,67,17,5,4,0,10,0,57,58,12
74305,74,190,630,768,177,10,20,11,47,27,489,803,170
12305,12,33,86,146,42,0,7,0,18,11,114,127,33
85305,85,25,74,101,20,0,7,3,0,3,50,107,19
62306,62,4,63,37,5,7,0,0,6,1,32,23,14
80306,80,5,17,20,8,0,4,2,0,3,9,8,0
76306,76,9,19,20,2,1,6,0,0,2,13,21,6
14306,14,9,38,54,8,3,0,0,20,0,36,37,10
21306,21,3,23,22,4,0,0,2,0,0,15,21,6
27306,27,73,372,246,71,4,15,5,45,13,218,252,65
57306,57,444,2070,1510,390,73,86,27,122,71,1218,1249,369
95306,95,563,2079,3058,852,58,102,40,218,180,2788,2254,820
59306,59,3,30,27,5,2,2,0,0,5,28,16,8
60306,60,7,23,19,6,0,1,1,0,4,5,18,8
51306,51,1,19,12,0,3,0,5,0,0,0,12,0
25306,25,0,11,11,6,1,2,0,0,4,5,16,3
02306,02,8,89,40,10,0,0,2,22,7,47,44,7
63306,63,8,61,89,26,1,3,5,0,7,49,55,26
45306,45,27,79,87,27,4,6,0,0,8,46,75,20
64306,64,19,49,98,24,7,3,0,36,7,77,73,25
54306,54,4,45,45,14,3,0,0,0,0,26,34,14
88306,88,2,5,3,0,0,0,0,12,0,0,1,5
47306,47,21,127,107,22,4,3,3,0,7,93,93,24
03306,03,48,205,208,51,10,17,6,14,12,192,168,53
70306,70,10,64,43,7,4,6,0,0,3,20,42,11
55306,55,2,22,19,0,0,0,0,2,5,9,10,0
31306,31,6,15,13,6,4,6,0,0,0,0,14,11
39306,39,28,128,114,22,7,3,1,6,8,97,99,29
973306,973,29,406,310,96,31,85,13,16,18,399,222,98
52306,52,10,73,49,12,0,6,3,0,0,37,41,12
65306,65,0,18,31,6,0,2,0,16,0,29,23,13
08306,08,4,3,2,4,0,2,5,0,0,0,6,4
71306,71,428,1676,1576,449,52,86,20,44,73,1172,1335,460
77306,77,12,66,60,12,5,7,0,3,4,61,46,21
67306,67,19,82,74,21,4,0,6,0,1,50,77,19
24306,24,0,19,10,3,0,5,0,11,2,13,6,0
33306,33,10,40,60,23,5,5,0,10,5,50,42,20
32306,32,9,48,69,19,3,0,0,12,6,61,54,18
01306,01,38,154,138,29,0,8,0,0,7,98,124,25
89306,89,13,54,42,9,0,0,0,0,0,27,39,8
10306,10,8,41,22,2,2,0,0,16,1,12,24,8
28306,28,5,27,20,5,2,0,5,0,0,6,24,5
11306,11,1,8,5,3,0,0,0,0,2,1,3,3
17306,17,530,2115,2439,610,58,129,48,163,86,1824,2067,614
16306,16,5,36,36,11,1,0,0,0,6,28,21,6
22306,22,18,42,85,29,7,1,0,0,4,62,51,22
49306,49,47,149,227,55,8,5,3,0,8,121,202,51
72306,72,21,130,114,32,0,5,0,16,8,113,166,38
35306,35,56,151,351,104,2,6,3,16,9,222,220,108
26306,26,6,30,35,7,4,3,5,0,4,19,23,7
30306,30,11,77,51,10,0,5,0,0,7,54,42,12
07306,07,8,24,30,4,2,0,5,2,0,35,25,4
2B306,2B,0,21,17,0,3,3,0,4,6,17,17,0
79306,79,0,12,29,9,0,0,3,7,4,12,10,4
68306,68,15,58,45,14,0,0,0,0,7,14,52,14
46306,46,7,9,12,0,0,6,3,0,5,0,10,0
40306,40,15,53,76,29,1,0,2,10,0,60,47,30
34306,34,5,27,16,5,1,0,0,9,4,20,14,3
09306,09,43,265,256,94,11,15,5,70,7,326,151,80
42306,42,14,56,55,9,5,0,2,6,4,41,52,14
81306,81,27,93,107,29,0,1,2,4,3,100,84,28
73306,73,33,143,161,44,2,3,0,16,6,117,152,39
58306,58,4,30,36,10,5,4,0,0,4,30,19,14
74306,74,25,66,68,20,2,4,1,0,4,40,80,17
85306,85,16,56,90,19,0,0,6,5,4,42,84,20
12307,12,5,23,43,8,1,6,0,22,0,37,33,13
62307,62,7,34,27,8,1,5,0,0,0,13,22,3
80307,80,5,23,12,0,3,0,5,0,4,0,17,8
76307,76,30,157,133,41,2,10,0,0,7,103,108,29
21307,21,8,22,13,8,0,6,0,0,2,9,16,2
27307,27,12,68,50,10,4,7,0,0,1,23,48,10
57307,57,3,28,20,8,0,5,5,4,4,18,15,10
60307,60,11,86,52,14,6,1,1,0,6,49,51,8
78307,78,29,63,157,37,2,0,0,0,4,81,154,41
59307,59,22,117,95,24,2,7,0,11,8,91,80,19
51307,51,2,24,18,5,5,0,5,0,0,10,27,2
02307,02,51,389,176,47,11,8,7,0,8,172,178,44
45307,45,35,115,128,24,1,10,1,0,6,80,100,34
64307,64,1,12,20,5,0,1,0,37,0,14,12,5
54307,54,2,22,20,3,0,0,2,0,6,11,10,8
25307,25,13,85,78,27,7,1,0,24,4,65,69,15
30307,30,56,326,207,59,12,9,7,9,17,235,175,48
49307,49,434,1389,2132,522,59,94,29,127,71,1304,1911,527
70307,70,9,5,19,5,2,6,0,0,6,0,18,5
39307,39,14,45,31,9,0,5,0,0,3,24,30,11
52307,52,8,33,21,6,0,1,5,1,3,12,22,5
973307,973,162,2104,1604,488,156,415,59,83,142,2068,1278,502
65307,65,3,38,46,17,0,0,3,2,5,46,22,7
88307,88,2,22,8,5,0,0,0,0,1,2,12,6
71307,71,8,27,26,8,6,4,0,14,1,18,26,7
08307,08,0,4,10,6,5,0,3,0,4,0,6,7
77307,77,294,1089,1071,273,26,33,30,55,55,974,837,278
67307,67,19,54,43,10,0,0,4,11,4,33,48,11
24307,24,6,23,18,1,5,6,0,0,0,14,15,11
61307,61,11,27,30,7,4,5,0,0,5,9,27,9
33307,33,33,139,221,62,4,13,3,13,9,178,139,59
32307,32,55,233,288,91,4,23,2,61,13,241,214,95
38307,38,8,58,65,14,0,0,0,17,1,51,52,17
89307,89,22,92,63,9,1,2,0,5,5,48,66,21
01307,01,18,89,88,14,3,3,0,7,1,62,87,15
10307,10,8,63,36,13,6,0,2,0,0,13,45,6
11307,11,4,31,29,11,5,0,0,0,0,23,23,12
63307,63,157,630,962,254,24,40,17,64,26,757,596,253
17307,17,35,164,165,45,9,15,0,40,1,129,142,38
16307,16,2,26,33,10,0,7,0,2,2,36,25,14
26307,26,69,311,283,79,7,14,7,0,11,257,249,80
22307,22,32,165,275,77,9,13,0,8,15,180,184,82
72307,72,0,26,27,11,2,2,0,0,4,11,38,2
35307,35,12,58,123,36,6,4,0,0,3,86,85,34
07307,07,14,65,48,20,3,8,0,0,0,50,43,18
2B307,2B,17,183,133,28,0,10,6,37,4,98,184,34
79307,79,41,137,188,44,11,10,3,0,0,121,130,49
68307,68,23,80,48,10,0,0,0,0,8,34,67,10
40307,40,24,86,110,48,0,6,0,40,1,89,84,37
46307,46,8,51,75,24,0,7,0,3,5,69,47,27
34307,34,59,368,301,89,16,13,0,50,14,322,243,80
42307,42,23,96,85,24,3,0,6,22,2,71,71,23
09307,09,4,22,18,7,0,0,0,6,2,18,7,10
47307,47,7,19,22,8,0,0,5,0,6,10,18,9
81307,81,23,76,83,24,0,8,0,0,5,76,60,27
73307,73,14,55,56,15,4,6,0,0,7,40,48,20
03307,03,8,27,24,5,0,0,0,9,0,29,18,9
58307,58,9,17,22,10,3,3,0,0,6,4,9,9
74307,74,25,74,91,16,0,8,0,0,6,58,99,23
62308,62,9,82,49,7,4,1,0,12,1,37,28,13
02308,02,10,85,46,9,1,1,2,0,3,32,26,7
80308,80,68,383,256,55,7,12,0,29,3,209,196,50
76308,76,14,56,45,15,5,0,0,6,4,57,39,9
14308,14,8,19,23,13,0,0,0,0,6,12,29,12
21308,21,8,31,22,7,1,4,0,0,4,7,29,5
57308,57,6,15,14,5,2,3,0,0,2,3,11,7
59308,59,20,136,103,22,8,3,3,0,5,103,73,33
60308,60,11,68,38,7,7,3,0,8,5,38,41,5
95308,95,7,45,70,21,0,6,0,1,9,75,57,14
51308,51,54,269,195,37,4,14,7,0,9,142,196,44
70308,70,2,31,21,9,0,2,4,10,0,20,22,5
42308,42,22,73,83,21,0,4,0,7,0,60,55,19
64308,64,9,17,35,8,0,0,0,8,1,30,17,10
54308,54,0,24,19,3,0,3,0,0,6,1,12,10
25308,25,8,42,51,16,0,0,0,3,0,31,48,7
31308,31,0,2,13,2,0,1,0,0,5,4,8,1
39308,39,6,23,22,2,1,6,0,0,0,18,20,7
52308,52,11,70,43,7,1,6,0,0,1,36,41,7
65308,65,0,8,19,5,4,0,0,0,1,0,12,8
35308,35,77,244,536,154,24,22,12,54,15,295,333,146
08308,08,0,14,6,7,0,4,0,0,0,0,8,1
88308,88,12,35,24,2,0,0,0,16,0,15,16,1
71308,71,2,4,1,4,0,0,0,1,0,2,3,6
77308,77,25,76,76,15,3,6,4,0,5,48,57,23
67308,67,21,81,69,15,6,5,4,0,0,44,65,14
61308,61,7,30,26,5,1,4,0,0,6,1,29,4
24308,24,13,74,77,23,7,1,0,35,0,92,58,19
33308,33,2,19,32,7,0,7,4,8,0,29,22,14
38308,38,6,30,33,7,0,0,0,4,0,20,23,4
89308,89,9,31,28,11,5,3,4,0,0,5,26,4
01308,01,24,70,64,14,4,8,4,0,5,40,61,21
28308,28,4,35,25,9,0,0,2,7,0,14,25,1
10308,10,4,31,26,0,5,0,3,0,1,20,29,9
32308,32,0,9,9,4,0,0,5,1,0,10,12,0
11308,11,9,51,33,8,2,2,3,22,3,44,26,9
63308,63,98,371,600,155,12,21,4,53,14,488,344,148
72308,72,42,208,185,40,2,13,0,57,9,167,287,43
17308,17,60,271,290,83,9,14,0,36,16,231,262,71
16308,16,25,94,123,36,7,8,6,0,3,94,74,32
973308,973,15,240,182,60,17,49,1,9,18,262,166,64
26308,26,5,28,23,3,5,0,0,0,4,10,23,3
22308,22,17,53,84,25,2,0,4,0,0,61,49,28
49308,49,65,191,301,80,4,14,4,0,8,172,283,66
2A308,2A,15,100,57,10,0,0,0,23,8,51,93,9
30308,30,19,135,91,25,4,1,3,0,5,84,78,31
07308,07,48,240,222,63,11,17,0,20,16,236,174,71
79308,79,14,52,73,19,6,10,0,13,3,51,56,22
45308,45,106,390,382,100,22,11,9,2,24,261,359,100
68308,68,12,45,36,11,0,3,0,5,7,30,46,6
40308,40,19,76,101,35,0,6,2,12,0,82,74,31
46308,46,0,6,17,1,0,0,1,0,5,16,14,2
09308,09,0,24,30,11,2,0,2,0,0,27,22,14
34308,34,9,57,38,13,3,2,4,0,2,29,31,16
47308,47,4,30,21,3,0,0,4,0,1,17,22,4
81308,81,26,127,115,29,0,5,3,0,4,110,98,39
73308,73,23,64,64,18,6,0,1,0,0,61,69,17
03308,03,3,11,16,0,3,1,0,5,2,12,19,8
58308,58,4,2,12,4,4,4,5,0,3,0,4,4
74308,74,33,77,100,23,6,4,4,12,6,65,112,28
62309,62,28,264,136,39,17,8,3,31,6,118,111,36
02309,02,14,115,58,8,2,8,1,1,3,52,55,9
76309,76,4,17,8,6,3,0,2,0,0,7,9,0
14309,14,23,80,102,32,2,1,3,0,2,60,70,29
21309,21,0,9,8,0,3,4,3,0,0,10,7,0
57309,57,7,50,37,11,2,0,0,0,3,22,26,13
95309,95,2,23,27,7,0,0,0,4,4,24,18,3
59309,59,92,526,368,103,8,22,9,30,19,399,331,107
25309,25,23,116,116,24,9,11,6,0,7,75,115,32
60309,60,21,128,79,16,0,0,4,14,2,75,63,17
51309,51,0,19,11,2,0,3,4,0,0,0,19,2
27309,27,8,76,48,17,5,7,3,0,0,42,41,15
64309,64,8,15,27,7,6,6,1,0,0,21,14,10
03309,03,10,50,57,17,4,4,0,0,7,41,50,7
54309,54,9,47,29,13,0,5,2,0,0,23,23,15
70309,70,17,60,41,9,7,3,0,0,1,25,34,13
31309,31,9,24,35,15,2,4,0,0,0,15,19,5
65309,65,3,0,5,0,0,4,0,0,2,0,0,0
08309,08,0,8,10,5,0,1,2,0,0,2,3,0
71309,71,59,260,231,68,9,11,5,0,4,167,209,60
88309,88,1,32,17,0,0,3,4,0,6,10,21,6
77309,77,42,157,164,44,6,11,0,12,11,147,130,34
67309,67,163,641,552,147,27,21,4,18,25,359,571,147
24309,24,59,309,324,96,15,18,1,45,20,349,262,88
33309,33,10,50,61,25,0,8,4,0,0,52,41,18
32309,32,0,10,7,0,0,0,3,22,0,5,8,0
61309,61,57,247,245,59,19,22,15,32,8,122,248,52
38309,38,57,228,243,57,2,0,0,24,11,198,175,62
89309,89,107,419,287,67,8,15,10,0,19,249,308,78
01309,01,7,12,7,0,0,0,0,0,6,4,9,3
28309,28,34,139,124,34,0,9,0,0,5,88,112,27
10309,10,4,14,8,7,4,0,0,0,0,0,16,0
973309,973,155,1984,1502,441,156,435,43,165,142,1918,1180,458
11309,11,0,14,7,0,0,5,2,0,0,8,7,6
63309,63,3,32,51,19,1,0,3,0,2,33,26,16
17309,17,56,209,248,54,3,12,7,16,14,167,222,49
26309,26,3,25,32,12,1,2,0,3,2,24,26,9
22309,22,7,17,34,8,5,7,1,0,0,6,23,5
72309,72,10,25,27,13,2,0,0,7,0,21,34,13
35309,35,17,53,103,25,5,1,3,0,6,77,66,28
2B309,2B,28,279,197,42,2,4,6,88,2,159,254,39
30309,30,4,36,29,8,1,0,0,5,0,35,23,8
07309,07,40,189,165,50,4,10,10,0,18,158,142,37
79309,79,10,31,48,14,0,3,0,1,3,31,39,7
45309,45,22,71,69,12,0,2,3,2,2,51,66,20
68309,68,111,423,309,75,4,12,5,17,26,237,347,73
46309,46,64,244,400,100,8,22,11,9,16,327,247,109
40309,40,26,103,127,48,7,1,0,0,9,97,99,51
09309,09,6,15,11,1,0,0,0,26,0,17,10,2
34309,34,103,659,518,143,13,33,4,19,20,588,470,161
47309,47,7,50,46,10,0,0,0,16,4,34,31,11
81309,81,7,51,53,15,0,2,1,1,0,39,41,10
73309,73,9,37,32,6,3,3,2,9,1,25,28,9
58309,58,11,41,49,16,6,0,2,0,0,31,36,11
74309,74,98,321,402,91,4,16,1,55,24,283,434,90
62310,62,40,314,166,38,0,5,6,0,1,167,131,50
80310,80,8,95,59,12,0,3,1,0,3,47,53,18
02310,02,5,41,30,5,2,0,4,4,3,22,18,7
14310,14,14,70,101,21,0,5,0,16,1,66,79,28
21310,21,1,14,12,5,4,0,3,0,0,8,15,6
27310,27,7,63,50,6,0,1,3,0,0,44,45,12
57310,57,8,25,18,4,2,0,0,2,4,17,17,7
60310,60,22,97,56,9,0,3,0,5,0,57,55,13
59310,59,13,76,49,14,0,4,5,0,0,58,43,16
78310,78,62,177,423,106,1,13,2,18,16,241,399,102
25310,25,6,12,13,5,0,0,0,7,0,4,8,1
51310,51,7,29,21,10,0,2,1,0,6,10,26,1
89310,89,6,25,14,2,1,0,0,2,1,14,9,6
28310,28,6,33,27,11,5,1,0,3,0,15,24,4
64310,64,14,48,66,24,0,0,5,16,4,60,58,18
50310,50,5,23,22,4,0,0,0,0,5,0,22,5
54310,54,0,21,11,4,0,0,3,5,6,8,6,8
70310,70,164,940,577,136,20,48,6,59,18,474,519,136
31310,31,6,19,31,9,3,2,1,13,0,37,21,15
55310,55,6,19,14,7,0,1,0,0,0,4,10,0
39310,39,15,64,47,12,2,8,3,0,4,40,50,7
52310,52,7,23,10,8,0,0,4,0,2,0,13,0
71310,71,131,539,500,148,14,18,5,30,17,397,442,124
88310,88,29,123,81,22,7,5,6,0,3,46,74,13
77310,77,4,29,28,9,1,5,0,15,0,33,21,10
08310,08,0,13,11,1,4,1,3,0,0,2,5,5
67310,67,44,164,138,31,3,12,3,12,10,93,135,37
65310,65,7,23,39,10,3,6,2,6,6,30,15,6
61310,61,9,62,47,19,7,1,3,0,0,31,67,7
33310,33,3,22,29,11,1,0,2,0,5,4,19,5
32310,32,1,13,9,5,0,5,0,0,3,6,13,0
38310,38,21,116,135,35,0,4,0,4,3,107,85,34
01310,01,8,18,23,0,0,6,0,0,4,5,17,0
10310,10,0,28,20,4,4,1,5,5,5,7,24,6
11310,11,0,27,19,7,0,0,4,5,0,17,14,2
973310,973,25,309,258,70,19,54,9,47,17,320,186,75
17310,17,32,100,129,25,8,8,0,0,4,99,97,31
16310,16,1,18,27,5,1,4,0,7,0,23,16,7
22310,22,14,40,57,15,5,1,0,0,5,38,44,17
26310,26,4,17,14,0,2,1,1,0,0,7,15,7
49310,49,21,43,72,20,3,6,0,0,5,38,70,15
72310,72,43,228,222,55,8,5,5,32,8,194,298,61
35310,35,20,89,183,52,4,2,4,0,9,102,117,47
63310,63,4,16,31,13,2,0,0,11,0,22,15,8
2A310,2A,4,25,15,0,3,3,0,0,0,9,16,2
30310,30,3,48,29,8,2,0,0,0,2,20,26,12
07310,07,24,109,106,31,1,5,1,22,5,107,78,30
79310,79,14,50,73,20,0,6,0,0,4,37,39,15
45310,45,37,140,129,30,5,6,2,18,10,105,116,29
46310,46,0,7,24,9,3,0,3,0,4,7,17,0
40310,40,196,819,1070,379,11,52,5,153,16,880,777,399
09310,09,0,3,8,0,1,3,0,0,3,6,1,3
42310,42,0,24,22,0,5,3,2,0,2,11,20,6
34310,34,48,337,277,82,2,15,2,29,11,289,245,82
47310,47,196,944,797,221,27,46,18,159,42,730,716,203
81310,81,0,13,21,0,1,0,0,7,0,16,11,10
73310,73,11,50,63,18,1,0,2,0,4,42,53,15
03310,03,581,2406,2588,590,88,108,41,328,58,2116,2070,582
58310,58,3,0,0,0,5,0,1,0,3,1,8,0
74310,74,35,125,178,41,4,3,0,23,14,109,168,35
62311,62,45,360,197,61,15,6,1,0,8,199,148,56
80311,80,3,16,9,2,5,0,0,11,0,14,9,4
02311,02,6,23,15,0,1,0,1,0,0,4,10,1
76311,76,17,54,46,15,5,7,3,10,0,51,37,9
14311,14,19,98,121,29,6,10,0,0,1,70,94,34
21311,21,4,4,10,0,2,0,4,0,5,0,11,5
27311,27,20,124,85,22,3,2,3,2,1,79,77,23
57311,57,19,81,66,11,4,6,0,0,3,50,52,13
59311,59,8,65,40,10,0,0,0,13,2,45,37,11
78311,78,596,1804,3954,958,66,102,38,72,152,2099,3782,927
25311,25,7,17,24,0,3,0,0,7,3,16,17,6
51311,51,9,27,18,2,3,1,0,0,4,4,27,7
60311,60,5,33,20,3,5,4,2,0,0,9,21,1
31311,31,20,85,132,45,3,3,6,14,0,121,83,49
42311,42,29,131,133,33,7,4,4,11,8,103,95,35
64311,64,6,8,17,3,2,6,0,12,0,10,13,1
50311,50,6,28,22,7,1,5,0,0,0,16,28,5
73311,73,2,13,9,0,0,0,0,15,0,5,11,0
54311,54,11,79,60,11,0,6,0,0,4,48,52,22
70311,70,174,939,580,127,30,48,16,30,19,403,527,151
55311,55,3,0,7,3,0,0,0,0,0,0,0,5
52311,52,13,35,21,1,0,0,1,4,6,19,26,3
65311,65,5,2,12,4,0,0,2,0,0,6,6,3
71311,71,12,22,28,11,6,6,2,0,6,0,24,10
77311,77,36,145,156,38,6,10,4,0,13,99,121,41
88311,88,0,5,9,6,0,0,0,0,0,0,7,4
08311,08,59,337,196,47,15,6,3,33,4,194,176,50
67311,67,69,276,246,53,11,12,0,0,10,142,240,53
24311,24,56,265,267,67,2,23,18,65,13,294,211,83
33311,33,25,87,137,34,0,4,0,8,7,106,90,34
32311,32,12,31,41,15,1,4,0,0,5,21,31,16
38311,38,22,75,90,20,6,1,6,11,3,66,62,25
89311,89,42,176,118,36,3,12,0,12,5,114,127,26
01311,01,2,3,10,0,1,0,0,0,4,1,8,3
11311,11,7,33,28,8,0,0,0,1,0,31,22,10
63311,63,2,32,38,17,0,2,0,5,3,33,29,17
17311,17,35,139,164,31,2,13,2,16,5,120,130,40
973311,973,157,2117,1595,520,160,429,39,175,158,2107,1251,479
26311,26,36,136,123,35,4,11,0,1,10,130,106,39
22311,22,22,73,113,41,1,5,0,0,5,94,89,34
49311,49,29,116,157,35,0,11,0,43,1,101,141,38
72311,72,9,38,32,5,5,6,0,1,0,32,56,8
35311,35,14,32,65,19,4,8,0,0,6,33,50,17
2B311,2B,17,113,77,19,7,7,3,26,0,54,105,15
30311,30,29,243,139,38,8,9,0,20,13,169,136,43
07311,07,3,15,17,2,0,1,3,0,6,11,16,10
79311,79,47,139,228,58,13,6,5,1,3,160,155,69
45311,45,18,79,73,22,7,0,0,6,0,56,63,17
68311,68,26,106,66,15,7,0,4,0,2,55,78,18
46311,46,22,125,211,46,6,19,8,7,3,148,124,68
40311,40,13,66,80,29,5,5,0,0,5,61,62,33
09311,09,6,0,7,6,0,1,0,0,2,0,0,2
34311,34,37,220,174,58,2,7,4,14,11,220,166,45
47311,47,0,20,9,2,0,4,2,0,2,8,15,1
03311,03,9,42,44,9,0,0,0,0,5,36,35,6
58311,58,10,29,25,6,5,6,0,0,5,12,20,11
74311,74,107,369,484,103,7,12,9,21,20,308,509,98
81311,81,11,70,68,17,0,1,0,33,5,74,66,16
62312,62,11,42,24,10,1,0,4,0,0,20,14,7
80312,80,11,40,33,11,0,1,1,0,2,7,15,10
76312,76,132,651,551,169,27,36,6,3,24,521,433,148
14312,14,46,184,221,67,4,12,7,3,10,176,168,58
21312,21,0,2,0,0,0,3,0,0,2,0,9,4
27312,27,13,39,25,10,2,6,4,0,1,15,27,7
57312,57,16,57,53,16,0,6,0,10,0,44,32,7
59312,59,16,97,58,15,1,7,0,8,7,67,55,17
25312,25,1,8,13,3,2,0,0,3,0,2,6,0
60312,60,6,20,12,8,5,2,1,0,0,0,7,6
91312,91,328,812,1264,347,20,55,16,65,76,1076,875,337
51312,51,27,127,98,28,2,1,6,1,6,75,104,25
02312,02,29,168,98,22,5,3,2,3,5,91,79,20
09312,09,46,317,308,116,8,22,5,51,9,377,182,107
34312,34,18,161,141,37,4,6,7,0,13,141,102,40
42312,42,20,89,83,25,0,5,2,0,0,52,58,21
64312,64,11,23,43,8,5,0,4,0,3,35,23,17
50312,50,5,10,11,0,0,0,5,5,0,7,20,6
54312,54,14,65,66,15,3,7,0,0,1,42,50,21
70312,70,29,148,82,21,6,3,6,0,6,66,89,18
31312,31,0,0,6,4,2,0,3,2,3,3,0,6
55312,55,3,25,13,8,6,1,0,4,3,8,9,3
52312,52,1,6,10,0,0,0,0,0,3,0,9,1
39312,39,0,14,8,8,0,5,0,0,0,9,7,6
71312,71,7,36,29,8,2,0,0,0,2,19,24,12
77312,77,88,336,330,71,1,18,1,13,21,294,264,89
88312,88,2,25,26,1,0,6,0,0,4,16,21,9
08312,08,6,35,16,3,0,0,0,0,6,5,18,7
67312,67,16,57,48,17,0,5,0,8,2,33,61,14
33312,33,167,730,1052,307,19,64,10,104,31,867,683,310
32312,32,14,68,76,25,4,0,0,30,8,71,58,29
89312,89,5,36,26,2,0,2,2,11,5,15,18,5
28312,28,0,15,19,3,5,0,2,0,6,0,13,0
10312,10,8,9,17,7,3,6,0,0,6,0,21,5
11312,11,5,15,7,4,5,0,2,0,4,0,5,5
63312,63,0,13,32,12,0,3,0,6,0,19,12,11
17312,17,21,86,103,18,3,8,1,21,0,73,84,20
16312,16,21,81,99,18,5,6,4,0,8,65,71,18
22312,22,4,21,37,13,5,2,0,0,2,14,26,5
26312,26,31,151,129,37,2,11,4,4,11,136,120,37
72312,72,8,16,22,8,2,0,5,0,0,9,26,2
35312,35,44,113,250,77,8,11,4,8,9,149,144,82
24312,24,101,449,526,128,19,25,9,71,22,499,383,144
2A312,2A,8,60,48,10,0,1,0,0,6,35,58,11
30312,30,42,342,212,52,8,11,3,6,6,242,183,49
973312,973,12,258,203,56,23,61,5,7,18,255,160,64
45312,45,12,53,54,11,0,1,0,3,0,39,42,14
68312,68,13,52,33,3,5,3,0,0,0,26,42,11
46312,46,1,24,36,9,2,6,5,7,0,26,22,6
07312,07,13,56,64,11,2,0,0,0,8,53,53,20
79312,79,5,14,8,3,0,1,0,0,4,5,15,0
40312,40,283,1097,1523,545,23,51,16,323,35,1252,1055,561
47312,47,18,75,69,14,7,3,1,8,0,55,63,15
81312,81,21,104,109,27,6,2,6,8,8,89,82,28
73312,73,29,93,105,27,0,8,0,20,1,87,87,20
03312,03,6,29,23,10,0,4,3,8,0,22,20,6
58312,58,3,45,34,9,0,4,0,1,6,33,25,9
74312,74,34,117,146,34,0,8,4,20,12,107,158,35
62313,62,19,137,83,28,2,2,6,9,7,74,55,20
80313,80,12,51,34,12,0,2,0,0,0,21,26,9
02313,02,12,80,28,2,9,1,4,8,7,30,29,15
76313,76,27,118,101,27,5,0,6,0,0,91,73,30
21313,21,0,10,5,0,4,0,0,0,0,1,11,7
60313,60,55,320,217,38,7,15,8,0,17,179,173,49
59313,59,37,202,134,39,1,6,2,20,1,160,114,46
25313,25,9,24,26,2,5,0,1,0,3,4,20,2
57313,57,1,16,12,1,3,4,5,11,1,12,7,3
95313,95,239,889,1329,358,13,53,7,56,87,1239,952,352
27313,27,16,90,62,12,3,2,0,6,0,58,55,17
51313,51,13,55,30,13,0,6,0,0,0,27,31,3
64313,64,3,18,40,10,5,3,1,0,0,28,32,15
81313,81,5,29,32,5,0,5,5,0,3,24,20,14
03313,03,3,32,35,12,0,4,0,2,6,20,20,6
70313,70,8,58,30,10,5,0,5,0,7,27,35,8
54313,54,6,30,25,2,0,4,1,7,0,25,17,5
55313,55,0,9,7,0,2,0,1,0,0,4,10,4
31313,31,8,11,26,8,3,6,0,0,0,2,14,6
52313,52,2,26,17,7,6,2,0,0,3,0,11,2
39313,39,5,19,27,0,0,0,1,0,6,12,23,10
65313,65,16,69,110,25,3,6,1,39,0,91,54,23
71313,71,8,51,44,11,0,6,0,0,0,28,33,15
77313,77,10,30,28,6,1,6,2,0,2,5,25,7
973313,973,20,219,187,50,14,52,4,2,25,197,132,60
88313,88,8,60,41,12,3,0,3,7,4,36,32,6
67313,67,157,561,493,112,13,23,7,64,23,340,510,111
08313,08,2,23,16,1,6,0,3,14,1,8,7,1
24313,24,0,7,5,7,2,0,0,0,0,1,9,1
32313,32,1,19,11,1,5,2,0,2,0,18,16,2
38313,38,13,35,42,14,0,3,0,0,0,17,29,15
89313,89,18,68,50,6,2,0,1,8,1,35,43,9
01313,01,139,632,551,131,13,23,8,76,28,406,529,134
10313,10,8,50,38,7,6,0,1,1,0,19,36,12
11313,11,2,38,32,12,4,5,0,5,0,33,19,4
28313,28,6,23,16,6,4,0,2,0,3,3,11,4
63313,63,0,12,19,7,0,0,5,0,4,18,20,10
17313,17,7,52,45,14,0,4,0,11,0,40,46,7
26313,26,134,671,605,165,26,32,8,73,19,545,501,150
22313,22,2,31,42,16,4,3,1,0,0,30,34,16
72313,72,0,26,19,7,0,0,0,4,0,20,28,0
2B313,2B,34,267,171,32,0,5,5,41,11,123,234,26
30313,30,18,115,63,21,0,6,2,0,7,76,66,22
79313,79,10,47,77,20,2,1,5,18,6,53,53,14
07313,07,28,102,90,24,4,7,5,5,7,93,84,21
68313,68,29,98,65,11,7,4,0,12,9,53,88,11
45313,45,26,98,83,25,6,3,0,0,0,63,83,28
40313,40,65,256,344,122,6,22,3,43,18,271,229,116
46313,46,3,38,57,11,0,0,1,24,0,39,28,11
09313,09,4,19,20,1,5,0,1,0,6,13,10,9
47313,47,0,14,14,7,0,4,0,0,4,0,14,9
42313,42,13,75,70,18,0,4,3,26,0,53,53,16
34313,34,7,93,64,18,0,1,6,19,1,79,53,16
73313,73,6,25,30,5,0,5,0,0,4,14,28,11
58313,58,0,18,13,4,4,6,2,0,0,4,5,0
74313,74,9,51,64,13,0,2,0,9,7,37,61,13
62314,62,5,52,37,9,4,1,2,6,6,27,23,10
80314,80,7,20,14,1,2,0,4,0,6,8,17,1
76314,76,7,62,61,15,0,0,4,6,6,64,50,20
21314,21,0,12,7,2,0,0,3,0,4,11,10,4
59314,59,89,502,344,107,15,21,6,0,19,364,290,107
57314,57,19,54,52,10,4,8,0,0,0,33,42,6
60314,60,12,46,22,8,4,0,0,0,5,20,21,3
25314,25,7,24,26,5,5,0,0,6,0,21,25,1
78314,78,77,235,528,114,7,9,3,25,14,298,490,136
42314,42,13,41,36,4,0,0,0,17,2,23,23,4
51314,51,1,33,22,3,0,0,0,0,3,13,24,0
64314,64,9,23,56,21,3,4,0,9,5,43,32,10
34314,34,16,83,55,15,0,1,0,0,8,63,57,19
28314,28,3,13,16,6,5,6,0,0,4,0,21,2
54314,54,83,446,378,95,8,13,11,52,12,306,276,97
70314,70,9,23,16,9,0,6,2,0,0,4,15,9
31314,31,4,27,53,21,6,5,2,0,7,39,30,23
39314,39,1,9,10,0,1,0,0,8,0,10,6,0
65314,65,0,20,23,10,0,1,1,15,5,33,11,6
71314,71,9,22,24,10,4,2,1,0,3,0,10,3
77314,77,3,26,35,2,5,1,0,0,3,29,20,9
88314,88,0,21,12,2,0,5,0,0,2,7,17,6
67314,67,15,70,63,20,0,4,3,0,2,28,64,15
08314,08,11,103,63,9,8,7,0,0,0,61,49,16
61314,61,11,78,59,10,0,7,6,6,3,46,69,20
973314,973,5,12,8,2,2,0,0,0,0,5,7,0
33314,33,65,336,478,152,16,31,14,39,16,402,333,150
32314,32,0,6,12,6,0,1,1,7,0,6,7,2
38314,38,155,695,780,211,16,30,6,104,26,648,548,222
01314,01,42,199,186,39,1,9,1,0,14,126,163,35
89314,89,3,25,12,0,3,2,2,10,4,14,11,4
10314,10,13,44,36,11,0,0,0,0,3,19,39,8
11314,11,4,15,8,0,1,2,0,0,4,9,4,5
63314,63,13,56,69,26,0,0,0,7,0,63,51,14
17314,17,26,103,123,32,4,8,1,9,7,88,111,27
26314,26,12,42,34,14,3,0,0,0,7,28,32,12
22314,22,5,35,49,12,5,0,0,0,3,31,38,21
72314,72,13,44,43,14,5,1,0,0,0,23,48,6
35314,35,18,81,173,45,3,2,4,9,1,101,110,45
2B314,2B,11,66,49,13,0,0,0,9,0,28,63,12
30314,30,7,32,27,5,0,0,3,9,0,26,23,4
07314,07,5,51,37,8,0,8,0,16,7,39,29,14
45314,45,16,52,50,10,0,5,5,0,0,10,46,6
40314,40,20,106,133,52,2,2,3,33,7,110,91,51
46314,46,6,12,26,10,0,6,4,0,4,17,14,11
09314,09,9,30,23,8,0,4,0,1,2,39,22,7
47314,47,13,37,31,11,0,2,5,0,0,31,37,14
81314,81,12,58,63,14,0,7,2,0,4,51,50,15
73314,73,11,28,30,13,2,1,0,0,3,29,27,8
03314,03,33,140,166,35,7,10,0,6,10,135,124,34
74314,74,38,110,133,26,6,10,0,1,5,103,151,29
62315,62,13,54,27,7,4,4,1,0,1,30,23,12
02315,02,37,259,138,37,6,4,0,0,7,109,126,29
80315,80,11,85,52,10,3,0,0,8,3,48,39,9
76315,76,19,113,96,29,4,2,0,0,1,87,73,26
27315,27,11,41,35,10,3,0,1,0,4,11,31,5
21315,21,24,139,131,39,7,10,3,0,9,97,114,32
57315,57,27,115,81,20,1,9,1,0,9,48,71,15
60315,60,14,67,43,16,4,0,0,18,0,37,40,7
59315,59,20,115,85,19,6,0,0,31,2,86,65,21
91315,91,241,511,812,211,14,28,11,18,30,651,572,201
25315,25,60,294,274,77,7,16,2,21,17,209,245,67
51315,51,2,18,14,2,6,6,5,0,5,2,23,1
64315,64,18,71,149,36,8,5,3,60,9,103,104,38
50315,50,5,21,21,11,2,0,2,0,1,18,23,4
38315,38,55,275,322,80,6,15,0,48,18,270,224,89
33315,33,37,150,198,52,8,17,0,0,4,163,139,52
54315,54,18,118,96,32,5,6,6,28,7,86,70,24
70315,70,17,78,45,9,7,3,4,0,6,32,42,10
55315,55,9,19,9,1,0,0,0,8,0,5,12,2
31315,31,18,75,122,45,0,10,3,0,9,118,73,34
52315,52,13,47,31,11,5,4,0,0,0,9,21,6
39315,39,14,43,47,15,6,0,3,0,1,25,38,7
65315,65,10,34,56,10,0,0,3,24,0,40,23,10
71315,71,0,15,20,2,4,0,2,4,5,18,11,9
77315,77,89,343,350,96,3,14,6,25,19,297,266,87
88315,88,5,27,20,7,0,2,0,0,0,10,24,10
67315,67,18,68,51,8,6,5,3,19,5,32,50,9
08315,08,6,15,3,7,3,0,0,0,0,3,2,0
32315,32,3,23,24,2,1,0,0,0,0,17,19,5
89315,89,10,20,18,1,5,0,0,1,0,11,18,7
10315,10,0,1,0,0,0,4,4,7,1,0,0,4
28315,28,0,0,5,2,5,2,0,0,4,0,0,3
11315,11,37,235,164,59,4,12,0,13,3,174,134,50
63315,63,42,149,235,59,2,14,3,6,10,192,143,58
17315,17,36,120,138,36,6,3,6,19,6,119,132,30
16315,16,6,10,17,4,0,0,0,0,0,7,5,7
26315,26,10,51,43,16,3,6,0,0,1,20,36,9
22315,22,9,17,42,12,2,4,5,0,1,11,24,14
72315,72,18,58,66,16,0,8,0,6,0,53,88,17
35315,35,31,99,200,66,1,10,0,4,0,140,118,54
2B315,2B,11,57,40,10,0,0,2,1,0,28,50,10
30315,30,44,277,183,43,10,18,2,20,2,210,170,43
07315,07,16,47,50,9,0,7,4,0,6,43,35,18
68315,68,245,891,614,150,28,35,4,53,40,473,729,155
45315,45,154,500,523,135,12,26,8,10,25,334,465,128
46315,46,3,20,26,11,0,5,5,0,5,7,11,10
47315,47,25,93,91,25,2,7,0,16,1,79,72,21
09315,09,3,6,9,8,4,1,0,6,2,8,9,0
40315,40,12,61,90,32,4,2,0,11,4,81,60,36
42315,42,10,40,36,7,4,0,1,31,0,33,30,6
34315,34,8,50,35,12,0,0,0,0,0,51,41,17
81315,81,35,175,156,50,0,6,0,33,5,155,125,48
73315,73,12,56,68,17,3,2,2,4,0,48,52,19
03315,03,27,117,142,28,0,7,0,19,0,122,101,34
74315,74,23,92,118,22,3,1,0,8,5,74,113,26
62316,62,10,38,17,10,6,1,0,0,0,4,19,3
80316,80,52,313,231,47,6,14,0,29,2,163,170,46
02316,02,3,34,10,2,4,5,0,0,0,5,18,0
76316,76,15,58,51,21,5,3,6,7,0,60,42,10
14316,14,10,26,35,6,0,0,0,29,0,23,28,6
27316,27,32,193,134,41,1,9,3,21,2,118,134,32
57316,57,26,113,81,22,6,5,0,18,0,67,61,18
21316,21,10,37,47,9,0,3,2,0,3,29,30,8
60316,60,2,48,23,6,6,3,0,4,3,23,21,3
59316,59,91,460,313,87,9,21,3,52,15,337,271,94
25316,25,11,24,32,6,0,3,5,0,6,16,28,4
95316,95,7,28,35,4,0,2,0,0,0,29,27,6
64316,64,8,18,26,12,2,1,0,3,3,22,20,9
51316,51,5,38,23,8,0,5,0,6,0,21,24,1
70316,70,8,19,15,7,0,0,0,0,0,0,4,0
54316,54,12,32,26,12,6,6,0,0,0,13,26,14
55316,55,16,54,27,10,5,0,0,0,3,26,25,9
31316,31,16,46,70,23,0,3,0,23,5,64,41,26
52316,52,5,6,9,0,2,0,5,0,2,0,5,0
65316,65,6,7,18,6,0,2,3,0,4,0,11,1
71316,71,10,35,31,13,4,1,1,8,0,26,27,7
77316,77,378,1353,1420,348,33,55,27,116,82,1196,1072,341
88316,88,0,4,5,0,0,0,2,7,0,6,0,0
08316,08,29,189,94,33,2,9,4,0,8,78,100,29
61316,61,3,10,19,5,0,0,3,6,0,7,15,0
24316,24,19,75,88,15,0,0,2,43,7,76,57,15
33316,33,24,84,104,29,0,8,4,2,1,97,77,34
32316,32,7,10,15,6,0,3,0,0,0,3,14,0
38316,38,94,460,529,140,9,24,2,25,21,407,333,136
89316,89,3,28,18,2,0,0,0,14,6,21,21,0
10316,10,3,37,24,6,0,6,2,0,0,11,24,4
11316,11,7,32,19,5,1,0,0,0,5,17,10,11
28316,28,10,14,19,8,1,0,3,0,4,1,15,6
17316,17,5,34,49,11,0,4,0,4,3,42,36,12
16316,16,9,48,43,15,4,0,5,0,2,39,34,10
26316,26,7,33,19,7,0,4,1,0,3,17,26,2
22316,22,4,29,48,10,5,2,5,13,5,41,29,16
72316,72,22,83,75,22,0,6,4,0,6,45,106,22
35316,35,9,35,98,26,7,0,1,2,4,53,59,30
2B316,2B,14,110,77,19,0,3,5,32,8,58,120,14
79316,79,5,37,54,8,3,3,4,0,2,22,41,19
68316,68,28,107,82,23,0,8,0,5,0,61,101,15
07316,07,61,234,234,67,6,13,1,33,7,237,186,62
45316,45,30,93,106,18,1,9,0,3,3,59,94,19
30316,30,6,48,33,4,5,0,0,1,0,30,19,3
46316,46,5,26,36,7,6,7,3,0,6,25,30,15
40316,40,20,68,90,34,5,8,0,0,0,69,68,36
09316,09,0,14,9,7,0,3,0,3,0,18,1,0
42316,42,208,921,875,218,15,40,17,115,46,698,685,216
34316,34,1,25,25,6,0,1,3,3,3,17,19,3
47316,47,23,88,66,15,0,0,0,24,4,60,61,21
81316,81,3,24,29,6,0,0,5,8,2,19,18,2
73316,73,11,33,38,8,3,6,0,0,4,28,31,6
03316,03,23,87,100,20,3,8,0,24,2,81,84,23
62317,62,5,74,30,15,0,5,5,0,0,27,33,13
80317,80,1,25,15,6,4,0,2,16,0,21,13,0
02317,02,9,40,15,2,0,0,0,0,6,10,20,0
76317,76,13,59,42,7,7,0,0,0,1,45,42,9
60317,60,22,88,54,16,7,4,2,0,4,41,56,11
59317,59,165,1043,710,220,41,38,18,5,27,722,591,209
57317,57,7,22,15,0,0,0,2,0,2,5,14,1
21317,21,79,411,441,112,11,19,6,42,12,320,413,113
25317,25,9,26,31,12,4,1,0,0,0,10,26,6
78317,78,12,50,119,28,4,7,3,0,2,59,116,21
27317,27,7,60,41,10,6,4,2,0,5,38,43,11
08317,08,0,20,12,6,1,6,0,0,5,1,9,2
34317,34,1,29,21,12,0,4,1,0,0,26,27,9
64317,64,32,133,239,76,1,17,0,106,3,170,168,69
51317,51,0,6,10,2,5,1,0,0,0,0,1,1
50317,50,2,21,28,11,0,1,0,15,0,13,19,10
38317,38,212,916,995,272,27,24,19,53,50,796,686,289
70317,70,2,22,16,0,3,0,0,1,0,9,18,6
10317,10,39,164,113,28,9,5,0,0,9,62,140,29
54317,54,4,14,12,2,0,0,1,2,0,11,13,6
55317,55,9,17,19,9,2,2,0,0,6,0,19,1
31317,31,8,40,55,12,2,0,0,0,2,57,40,21
39317,39,14,46,43,12,1,4,4,0,5,20,29,5
65317,65,5,0,10,5,3,0,2,0,0,0,0,7
71317,71,0,18,25,10,6,2,0,0,2,0,19,9
77317,77,109,450,462,121,4,21,9,4,34,396,339,109
88317,88,18,88,49,14,6,5,0,1,5,50,44,12
67317,67,24,78,74,14,1,3,0,23,0,49,67,22
61317,61,4,28,23,1,6,4,0,0,0,3,26,6
24317,24,6,25,26,9,0,0,4,3,0,32,26,14
32317,32,0,3,6,2,3,2,0,0,5,0,5,7
33317,33,27,98,155,47,0,10,4,2,9,123,106,44
01317,01,6,40,35,8,0,0,4,0,3,20,35,6
11317,11,0,20,12,8,4,6,0,0,6,4,14,2
28317,28,19,55,48,18,0,5,5,0,0,36,60,13
63317,63,9,37,74,17,7,6,0,0,7,41,43,19
17317,17,9,49,66,21,3,1,0,7,0,47,53,17
16317,16,7,45,53,11,2,2,0,10,0,34,36,14
26317,26,15,81,82,16,2,1,4,31,5,66,64,22
22317,22,3,26,38,12,1,6,0,0,0,9,28,11
72317,72,9,45,45,17,5,1,0,15,0,42,64,19
35317,35,10,34,90,26,6,7,0,0,4,42,58,19
2B317,2B,0,17,15,1,5,0,2,7,1,5,15,0
30317,30,32,227,141,42,4,12,1,0,13,165,136,38
68317,68,46,172,118,33,4,11,0,7,6,98,142,30
07317,07,32,125,106,38,0,3,2,22,7,108,85,32
45317,45,33,156,165,42,3,8,0,0,4,117,142,40
46317,46,11,40,59,20,6,0,0,8,0,47,41,15
40317,40,77,278,379,125,13,19,2,79,4,305,264,124
42317,42,6,14,19,0,4,1,0,0,6,3,11,1
47317,47,7,50,40,16,5,5,0,3,0,30,33,12
73317,73,26,83,77,17,6,0,1,0,6,66,85,23
81317,81,23,137,127,41,7,9,0,28,5,113,98,34
03317,03,5,32,33,9,0,1,0,21,2,33,25,6
62318,62,258,1773,956,268,41,49,23,57,44,919,760,253
80318,80,67,406,304,60,10,17,5,33,11,260,228,65
02318,02,29,201,106,22,2,1,4,29,4,107,100,23
76318,76,11,79,73,22,6,8,6,0,4,74,59,22
14318,14,18,70,87,18,3,1,0,3,0,65,68,17
57318,57,2,30,28,7,6,0,3,3,3,25,20,3
60318,60,22,91,57,15,4,3,0,0,0,36,53,19
59318,59,24,121,80,27,0,1,2,16,8,94,71,27
91318,91,76,156,267,65,2,13,0,0,10,194,180,74
25318,25,30,181,159,40,11,15,0,16,16,120,152,40
27318,27,7,49,32,5,3,6,0,0,0,17,27,4
08318,08,5,48,29,7,0,4,0,0,4,21,27,11
64318,64,8,16,19,5,4,5,0,0,0,15,9,9
51318,51,22,80,60,16,6,7,5,0,6,41,65,9
54318,54,146,805,661,185,31,25,9,58,27,573,482,184
70318,70,16,65,45,14,1,8,0,0,5,16,35,14
31318,31,3,20,24,11,0,2,0,0,6,14,20,7
39318,39,2,23,29,8,0,0,0,4,0,24,16,9
52318,52,3,41,21,2,0,7,2,1,5,19,26,8
65318,65,1,20,24,13,6,4,2,0,0,27,10,7
71318,71,25,130,109,25,1,5,6,9,5,84,96,36
77318,77,40,146,147,36,2,5,3,0,9,116,112,35
88318,88,10,37,21,2,0,7,2,0,0,17,17,0
24318,24,9,26,39,5,2,0,1,0,5,24,31,14
33318,33,1063,4787,6840,2040,111,404,80,702,209,5653,4475,1997
32318,32,4,3,16,5,0,0,5,0,3,0,12,9
38318,38,107,472,556,138,2,9,4,58,22,442,395,145
89318,89,20,113,78,16,7,8,0,0,7,48,73,24
01318,01,26,78,73,13,5,7,0,5,9,56,67,16
10318,10,6,20,15,2,0,0,2,3,0,5,19,3
11318,11,2,24,14,9,0,6,4,0,0,3,17,3
63318,63,9,48,75,19,5,1,0,0,2,35,45,24
17318,17,16,81,95,22,0,7,1,31,0,72,86,20
16318,16,6,25,36,7,6,4,0,4,3,26,21,7
26318,26,7,0,7,1,5,3,3,0,0,0,1,5
22318,22,11,21,48,10,0,6,0,0,5,12,30,17
35318,35,18,62,115,30,3,5,6,1,6,73,82,34
30318,30,7,25,15,8,0,1,2,6,0,17,21,8
68318,68,74,323,249,61,8,20,3,3,16,162,266,61
2B318,2B,14,83,65,10,0,6,0,35,0,44,85,9
07318,07,8,23,16,6,3,1,3,7,4,16,18,1
46318,46,3,17,35,13,4,1,4,0,5,23,20,10
40318,40,8,19,31,13,0,2,0,8,0,23,22,15
09318,09,0,10,13,10,5,1,5,1,2,12,6,0
42318,42,38,173,176,47,6,11,0,12,4,152,140,51
34318,34,10,82,65,18,3,3,0,3,0,73,63,24
47318,47,24,123,91,24,0,5,0,19,8,89,93,21
73318,73,6,32,37,5,0,3,0,5,1,30,38,10
81318,81,0,19,16,8,0,0,0,8,0,16,17,0
62319,62,6,43,23,5,0,2,0,0,0,25,22,12
80319,80,5,59,39,13,1,1,0,2,0,31,26,6
02319,02,11,87,36,7,3,0,0,15,0,37,32,9
76319,76,196,1065,876,272,36,55,17,47,38,871,706,233
14319,14,26,108,137,33,3,3,6,0,1,88,110,32
57319,57,13,79,48,16,1,0,3,12,0,44,44,15
59319,59,87,497,348,95,10,16,10,12,12,336,293,112
21319,21,27,97,107,26,2,2,0,0,5,69,90,29
91319,91,19,53,74,26,3,2,4,0,8,65,52,20
27319,27,4,49,26,11,5,2,4,0,0,17,28,6
60319,60,13,88,60,20,6,0,3,8,0,46,49,13
64319,64,0,8,18,12,1,0,0,25,0,16,11,5
51319,51,9,15,8,8,0,3,5,0,0,0,17,0
70319,70,8,14,10,0,0,0,4,0,0,0,15,6
31319,31,5,11,23,8,0,0,2,0,0,6,16,5
39319,39,4,21,9,0,0,0,0,0,1,11,16,8
52319,52,1,5,11,1,5,6,3,0,0,0,7,6
71319,71,20,90,73,16,6,1,6,11,7,57,74,21
65319,65,3,11,23,8,3,5,0,0,3,0,13,8
77319,77,1,19,14,1,5,1,0,0,5,3,10,7
88319,88,105,442,311,77,16,12,7,29,9,270,295,73
67319,67,9,42,36,13,0,2,4,0,1,16,41,13
08319,08,9,55,21,11,6,0,0,0,6,14,27,5
61319,61,3,35,28,7,0,0,2,1,6,20,40,9
24319,24,6,49,52,10,4,4,0,8,0,47,40,13
33319,33,11,33,52,10,1,0,5,20,0,43,38,13
32319,32,38,140,183,59,5,3,5,12,4,153,132,58
38319,38,22,94,105,28,1,0,3,9,2,74,61,26
89319,89,11,65,50,8,0,7,1,9,0,36,53,14
01319,01,10,50,53,11,0,6,0,0,1,28,54,16
10319,10,11,45,30,1,5,0,2,8,0,26,30,6
11319,11,1,8,12,2,4,0,0,0,2,0,8,8
28319,28,14,50,42,7,3,0,1,10,0,32,51,6
63319,63,26,89,133,32,9,3,5,13,8,103,80,34
22319,22,12,35,59,24,0,1,2,26,4,42,41,15
26319,26,14,75,54,17,5,1,0,11,2,49,52,17
35319,35,48,132,298,97,8,20,3,0,6,173,187,74
17319,17,2,20,15,1,5,5,0,0,6,7,15,1
72319,72,11,70,78,25,3,7,0,0,2,60,114,21
30319,30,6,71,44,7,0,1,0,16,5,56,46,16
79319,79,23,78,112,37,4,6,0,15,7,83,78,34
2B319,2B,17,91,72,17,0,2,6,21,4,51,89,14
07319,07,175,864,822,226,17,35,13,76,53,816,643,220
46319,46,0,11,29,8,0,2,0,0,1,24,16,11
40319,40,3,33,41,11,0,7,5,0,4,24,33,8
09319,09,1,7,5,0,1,0,0,28,0,7,5,0
34319,34,8,17,15,6,0,0,0,5,6,13,9,0
42319,42,24,70,78,15,0,4,0,0,0,57,55,21
47319,47,5,14,5,8,3,6,0,0,0,1,4,1
81319,81,12,61,57,16,0,3,2,8,3,60,55,18
03319,03,9,63,63,17,0,0,3,0,7,41,47,14
62320,62,6,52,28,7,0,0,2,1,0,25,21,6
80320,80,2,13,14,7,0,5,0,7,0,8,9,0
02320,02,9,49,29,3,0,0,2,0,5,9,23,11
76320,76,13,36,29,7,4,0,0,4,0,41,21,14
14320,14,5,30,34,7,6,5,0,11,0,35,28,6
57320,57,7,20,20,7,5,0,0,0,6,0,22,9
59320,59,33,212,163,42,9,12,5,0,4,159,134,36
60320,60,3,37,20,0,0,6,0,4,0,18,12,10
21320,21,17,84,91,25,0,9,0,6,8,66,76,19
27320,27,11,37,31,8,0,0,0,5,0,25,29,2
08320,08,20,87,41,13,7,0,5,0,0,34,44,16
25320,25,20,117,101,31,0,6,1,15,10,90,102,22
64320,64,30,108,171,46,0,7,1,63,9,147,130,58
51320,51,14,51,37,12,0,5,4,0,0,14,31,11
54320,54,8,42,37,9,5,0,1,0,5,9,24,9
70320,70,2,18,17,0,0,0,4,0,0,6,8,8
55320,55,5,16,3,2,2,0,1,0,0,4,4,6
31320,31,15,90,125,47,0,5,1,9,8,111,89,42
39320,39,11,38,29,3,5,0,0,11,5,29,29,13
52320,52,4,13,9,3,6,4,4,0,0,0,12,3
71320,71,10,46,41,11,5,0,0,0,0,20,34,5
65320,65,19,84,106,28,2,2,1,27,2,109,67,38
77320,77,156,588,598,138,14,22,3,2,27,529,433,148
88320,88,26,152,96,29,8,7,0,0,7,81,88,18
67320,67,20,85,84,24,5,7,0,4,4,58,71,13
78320,78,16,48,109,24,0,1,0,0,4,49,101,27
24320,24,25,93,105,27,0,9,0,22,6,96,77,27
33320,33,17,60,85,30,7,8,3,12,4,76,60,26
32320,32,8,12,13,6,4,3,1,5,1,17,13,2
38320,38,36,166,207,57,9,12,0,0,12,151,132,59
89320,89,0,10,5,7,4,5,0,1,0,1,5,1
01320,01,98,406,370,98,10,17,0,38,16,270,345,88
10320,10,11,32,18,7,0,1,0,10,0,14,22,6
11320,11,3,31,33,13,0,2,5,7,0,26,17,4
63320,63,7,24,31,11,0,6,5,4,0,24,21,10
17320,17,10,45,55,11,4,0,1,5,2,47,37,8
16320,16,15,79,101,31,5,1,0,8,1,88,67,26
26320,26,18,72,75,15,5,0,3,6,0,73,59,20
22320,22,2,9,28,11,0,4,3,0,0,14,11,13
72320,72,52,248,239,66,11,18,2,26,3,197,347,58
35320,35,14,32,77,25,4,5,4,0,4,23,42,23
30320,30,2,26,21,0,0,0,0,1,0,12,18,4
68320,68,61,195,157,43,5,9,0,0,17,82,179,44
79320,79,14,50,70,18,3,2,1,0,7,41,55,20
2B320,2B,5,47,30,9,1,0,4,14,0,18,45,10
45320,45,7,34,31,12,5,0,4,12,0,22,37,6
46320,46,7,31,50,15,0,0,4,0,0,41,32,7
40320,40,8,50,68,18,3,8,0,5,3,60,51,28
09320,09,0,0,7,5,0,1,1,0,4,0,7,0
34320,34,48,347,294,77,7,15,4,9,12,311,238,72
42320,42,10,72,68,14,0,6,3,7,1,46,59,14
73320,73,24,96,101,29,0,3,0,5,8,81,100,32
47320,47,12,54,42,15,5,0,0,0,4,36,40,7
81320,81,8,18,20,8,0,1,0,0,2,5,13,8
03320,03,14,73,76,23,6,5,0,2,3,59,62,15
62321,62,112,721,386,100,17,27,10,53,4,432,315,119
80321,80,0,20,21,8,4,2,0,0,2,10,7,8
02321,02,27,168,80,24,2,8,4,0,7,54,67,23
57321,57,14,77,60,10,8,8,0,4,8,56,43,21
59321,59,16,85,58,14,0,8,5,22,2,77,53,13
60321,60,22,101,69,11,5,0,4,18,8,63,57,16
21321,21,0,16,15,2,0,2,0,0,0,8,10,1
78321,78,121,345,741,162,18,25,6,21,30,376,678,182
27321,27,5,27,10,8,0,4,0,0,5,7,17,1
10321,10,100,505,348,64,6,14,2,57,18,226,394,78
42321,42,7,6,15,6,3,2,0,0,2,0,14,3
64321,64,1,20,28,10,3,1,4,0,4,22,21,12
50321,50,18,47,67,20,0,0,5,0,4,41,47,13
81321,81,2,9,15,0,0,0,3,5,4,16,5,2
76321,76,35,222,193,48,12,7,0,21,3,177,152,51
51321,51,5,8,10,0,2,0,0,0,0,0,10,7
54321,54,37,215,178,53,2,10,0,0,12,161,142,46
70321,70,39,208,131,27,5,8,3,9,7,104,121,25
55321,55,1,28,17,6,6,0,0,0,3,2,14,0
31321,31,3,17,16,3,0,3,0,4,0,17,14,7
39321,39,2,22,18,1,0,4,5,0,0,17,14,3
52321,52,10,36,18,3,0,5,1,0,0,8,19,9
65321,65,8,16,23,5,0,0,0,5,3,12,7,0
71321,71,10,17,21,7,4,3,0,0,0,13,18,5
77321,77,22,75,81,22,0,0,5,0,7,57,67,24
88321,88,199,858,615,151,23,40,17,73,9,494,525,144
08321,08,7,24,17,1,4,0,0,15,1,9,10,0
67321,67,16,49,46,6,4,2,0,0,0,22,47,8
61321,61,7,43,37,13,0,0,0,0,1,29,39,3
24321,24,19,80,92,23,5,3,1,2,1,89,70,22
33321,33,40,164,235,71,6,6,0,35,5,213,166,65
32321,32,4,20,31,5,0,0,0,7,6,20,17,11
38321,38,8,20,31,4,1,0,0,0,0,16,16,11
89321,89,17,96,67,10,6,7,0,0,7,35,65,19
01321,01,30,108,90,17,0,9,3,0,5,54,95,21
11321,11,3,16,20,10,0,0,0,0,4,7,14,2
28321,28,26,113,100,19,8,4,0,0,1,69,94,26
63321,63,21,96,141,40,8,7,2,0,2,99,83,32
17321,17,9,28,32,5,0,0,0,5,6,30,35,6
16321,16,1,2,4,4,4,4,0,0,0,0,5,0
26321,26,10,23,25,9,4,1,0,0,0,28,19,4
22321,22,26,118,203,63,0,18,6,8,6,149,137,59
49321,49,7,31,44,13,2,6,0,0,3,17,44,7
72321,72,12,44,42,12,6,0,4,8,2,40,68,19
35321,35,17,37,102,22,1,9,2,0,0,59,58,32
30321,30,98,603,398,115,9,22,7,64,23,460,352,105
68321,68,150,561,406,110,24,18,3,51,33,276,453,84
2B321,2B,0,9,6,0,0,3,0,0,0,0,9,0
45321,45,24,75,76,12,4,8,0,0,7,41,74,15
07321,07,9,23,29,3,0,0,0,19,0,27,19,4
46321,46,11,30,34,14,5,5,4,0,0,31,19,7
40321,40,10,21,35,10,2,0,5,0,6,18,19,13
09321,09,1,41,33,17,6,3,5,0,0,40,18,8
34321,34,38,254,207,64,3,14,4,6,6,245,174,60
47321,47,10,29,26,9,0,0,5,0,3,6,24,8
25321,25,108,515,487,124,16,17,7,19,23,379,454,130
03321,03,307,1359,1430,303,53,86,25,113,42,1176,1152,332
62322,62,6,14,12,6,0,6,0,0,3,0,10,8
80322,80,4,13,18,4,4,4,2,0,0,0,15,6
02322,02,15,62,39,3,0,4,5,8,3,31,25,6
14322,14,1,23,34,9,2,3,1,5,0,21,28,4
57322,57,15,68,58,9,0,0,0,10,2,44,51,12
59322,59,74,422,313,78,14,13,2,0,13,330,268,80
21322,21,11,33,37,9,0,0,0,13,0,24,26,5
60322,60,11,54,33,3,0,1,1,0,6,32,25,10
78322,78,153,408,906,218,18,23,19,34,46,485,841,217
27322,27,44,212,161,28,3,12,4,4,6,130,154,36
88322,88,22,79,54,14,0,8,0,0,0,30,42,7
42322,42,28,89,91,26,0,3,2,9,7,73,72,25
25322,25,8,46,54,16,0,2,0,11,4,34,50,8
64322,64,11,27,49,19,1,7,0,0,4,18,33,9
76322,76,553,2919,2544,710,85,141,37,82,81,2535,2059,672
33322,33,133,603,856,247,18,41,6,75,20,713,541,249
35322,35,15,62,135,32,0,6,4,0,4,75,76,43
79322,79,57,187,289,75,6,18,1,0,4,206,198,68
51322,51,8,19,10,2,1,2,0,0,0,6,8,7
54322,54,117,578,512,145,14,35,5,45,14,460,381,154
70322,70,13,51,28,4,0,5,4,0,5,24,22,7
55322,55,1,8,10,3,0,1,2,0,1,2,1,4
31322,31,0,4,14,4,0,4,5,0,0,3,3,6
39322,39,0,10,11,0,0,3,0,2,5,9,5,0
52322,52,10,23,15,0,0,0,3,0,4,2,21,3
65322,65,10,16,35,12,4,1,0,10,0,23,12,4
71322,71,7,14,3,0,0,1,0,0,0,2,6,5
77322,77,79,313,329,77,2,12,0,32,15,272,265,83
08322,08,8,59,41,9,7,2,0,0,2,29,40,14
67322,67,35,126,110,27,8,2,3,24,10,71,113,35
61322,61,5,9,8,0,1,0,0,6,0,8,17,3
32322,32,9,13,21,9,5,0,0,5,0,17,13,11
38322,38,4,15,14,0,4,4,0,4,0,13,13,1
24322,24,490,2300,2480,712,65,161,43,268,120,2526,1844,664
01322,01,140,608,510,117,15,16,12,52,22,374,500,124
11322,11,27,193,123,48,8,3,0,0,9,142,99,46
28322,28,7,59,43,12,4,0,4,5,5,31,45,12
63322,63,43,186,265,66,0,21,6,17,14,231,158,72
17322,17,7,53,50,18,0,6,0,0,7,36,39,19
26322,26,16,53,43,14,0,4,0,8,0,51,38,7
22322,22,11,26,50,10,1,1,0,2,5,35,39,14
72322,72,8,23,24,10,0,0,1,0,1,8,32,6
30322,30,7,36,23,3,5,2,1,0,3,25,28,11
68322,68,47,195,135,39,2,8,0,45,4,101,154,30
2A322,2A,7,34,26,7,1,0,1,12,3,16,34,0
45322,45,4,19,21,6,0,0,0,11,3,20,17,2
07322,07,34,125,125,36,5,12,2,20,6,115,99,31
46322,46,12,60,93,26,0,6,1,4,6,98,72,32
09322,09,4,45,38,15,5,7,0,4,4,61,26,19
40322,40,4,16,23,3,0,2,3,0,6,12,21,9
34322,34,19,107,79,28,0,0,2,0,7,94,68,22
73322,73,10,65,69,13,0,2,0,17,2,52,60,12
81322,81,5,34,26,13,5,1,5,0,0,19,21,6
62323,62,33,188,96,25,4,8,3,9,1,95,73,29
02323,02,0,14,10,2,0,0,0,11,0,12,7,0
76323,76,9,20,14,4,0,0,5,0,0,13,10,5
57323,57,199,963,733,176,19,38,16,89,23,538,588,170
21323,21,7,3,16,7,5,5,0,0,0,0,20,7
60323,60,22,95,57,11,0,7,5,0,8,42,58,16
59323,59,27,155,107,36,5,9,4,0,10,100,86,26
95323,95,311,1184,1743,465,30,64,24,108,78,1524,1288,470
27323,27,12,31,30,11,3,0,0,0,0,11,26,6
08323,08,3,22,17,4,1,5,5,0,0,0,20,7
25323,25,8,42,40,7,0,1,0,16,6,28,46,8
64323,64,6,3,12,9,5,0,3,0,5,0,8,3
61323,61,4,15,20,9,2,0,0,5,0,15,18,0
33323,33,22,76,123,27,0,5,4,1,9,105,68,31
51323,51,8,14,8,3,2,0,0,0,3,0,7,6
54323,54,251,1151,994,302,37,47,19,79,53,873,743,277
70323,70,8,36,20,1,0,0,4,0,2,12,22,3
55323,55,1,7,5,0,3,0,1,2,0,6,2,4
31323,31,11,35,57,21,0,0,0,0,2,37,27,15
39323,39,9,42,36,7,3,0,0,0,0,22,29,9
65323,65,3,13,14,3,0,0,2,0,0,6,5,0
71323,71,6,19,24,6,0,0,0,3,0,18,10,2
77323,77,32,106,121,26,0,1,3,14,10,107,83,32
24323,24,9,17,26,7,0,0,2,0,4,9,12,9
32323,32,3,8,11,7,1,0,0,0,3,5,12,9
38323,38,23,130,132,39,0,6,2,1,11,121,97,34
01323,01,26,112,93,24,0,5,3,25,0,65,92,23
89323,89,10,18,16,7,0,4,0,0,4,5,10,2
10323,10,342,1576,964,197,52,61,33,84,46,656,1186,225
11323,11,5,37,34,5,0,3,0,9,6,29,15,5
28323,28,5,31,39,13,6,2,0,7,1,19,28,7
63323,63,3,22,37,3,4,0,2,0,6,15,24,8
17323,17,52,184,217,51,10,9,2,0,9,150,169,51
16323,16,8,46,50,19,6,0,0,3,6,39,42,16
26323,26,45,216,197,49,8,9,1,30,8,180,156,58
22323,22,11,57,110,36,2,7,3,4,1,81,63,29
72323,72,14,47,47,15,0,7,2,0,2,4,61,16
30323,30,1,18,13,6,2,2,1,0,0,17,20,7
68323,68,30,109,92,16,0,8,0,0,7,58,99,24
2A323,2A,3,50,28,9,6,1,0,17,3,29,45,3
45323,45,5,23,20,2,0,4,2,9,4,19,21,1
07323,07,46,196,191,51,7,13,3,25,6,193,147,50
46323,46,6,13,9,5,3,4,5,0,0,1,5,6
34323,34,3,9,12,1,0,0,4,0,2,2,1,5
09323,09,0,6,6,6,0,1,0,11,0,12,1,7
42323,42,238,1055,959,226,34,40,10,54,44,785,761,240
49323,49,198,601,962,233,47,41,25,127,27,599,877,233
40323,40,7,18,34,16,0,0,3,0,5,22,29,10
73323,73,17,54,54,11,2,8,4,0,7,40,60,16
47323,47,493,2575,2127,610,52,129,33,359,112,1923,1933,589
81323,81,6,37,37,6,1,0,0,9,2,38,33,13
62324,62,19,98,51,19,6,1,2,6,2,67,41,16
80324,80,2,26,24,9,0,6,0,0,1,8,9,6
02324,02,11,52,19,0,1,3,4,0,0,21,23,0
76324,76,29,127,97,29,6,7,3,0,6,94,90,26
57324,57,20,88,57,19,0,7,0,10,0,59,52,10
27324,27,20,85,65,16,7,3,1,0,8,39,60,17
60324,60,19,113,66,15,0,9,3,20,8,67,57,11
59324,59,214,1204,880,253,30,47,0,33,30,844,703,239
21324,21,0,0,5,3,3,4,2,0,4,0,0,1
78324,78,4,29,59,8,0,0,2,20,0,28,58,12
88324,88,9,54,35,13,7,0,1,3,0,25,26,7
35324,35,13,42,87,27,0,3,0,0,1,42,56,18
25324,25,2,21,19,3,3,1,0,0,0,4,15,1
64324,64,36,113,227,66,2,16,5,83,3,160,155,63
50324,50,1,7,9,1,0,0,4,11,5,6,14,0
51324,51,1,13,17,0,3,0,0,3,0,13,15,4
54324,54,4,10,12,2,4,6,0,0,0,0,12,0
70324,70,22,98,59,12,2,6,0,0,8,46,63,20
31324,31,47,193,280,103,9,12,1,31,11,254,197,97
55324,55,10,75,48,17,0,6,0,18,5,35,44,10
71324,71,26,81,72,15,3,3,1,0,7,43,71,22
65324,65,7,23,32,7,0,4,0,3,0,26,19,10
39324,39,5,0,0,2,5,0,1,0,1,0,0,0
08324,08,3,17,9,1,0,0,2,8,0,12,14,0
67324,67,133,489,451,111,13,18,1,35,30,272,423,101
61324,61,35,114,109,17,2,9,3,13,3,80,124,30
24324,24,7,49,50,21,1,0,0,12,7,59,40,9
33324,33,79,346,519,146,12,34,15,0,9,398,329,142
32324,32,4,5,10,9,0,4,1,0,0,4,12,4
38324,38,13,87,94,27,0,1,0,13,8,77,55,21
89324,89,25,92,63,20,2,0,0,10,8,54,59,19
10324,10,7,16,18,7,0,2,4,0,5,0,18,2
11324,11,12,64,43,16,0,0,4,0,0,42,32,11
28324,28,19,94,80,25,6,4,3,13,2,69,93,19
63324,63,2,21,39,13,3,3,0,1,5,32,21,8
17324,17,9,9,17,4,0,6,0,4,0,7,12,2
26324,26,250,1058,1015,264,36,56,22,58,50,881,826,271
22324,22,28,104,194,55,2,12,0,18,3,147,119,64
72324,72,11,46,48,18,0,2,3,0,2,40,66,12
30324,30,16,122,78,27,0,2,1,29,1,89,75,24
68324,68,29,107,79,13,5,6,6,0,7,22,84,23
2A324,2A,6,65,42,6,0,3,3,25,1,32,65,7
45324,45,66,262,261,60,9,16,2,24,7,161,235,55
07324,07,239,1082,1018,300,43,58,25,66,39,985,815,278
46324,46,2,13,34,9,0,6,0,9,4,21,18,4
34324,34,99,666,532,135,1,23,6,29,24,602,447,155
09324,09,66,337,340,133,5,11,15,44,17,445,200,124
42324,42,27,117,116,28,0,10,4,29,1,100,91,31
40324,40,11,28,38,7,2,2,5,0,0,21,19,15
73324,73,2,26,34,7,3,5,0,0,3,19,32,9
47324,47,25,125,103,27,0,3,3,42,2,92,85,24
81324,81,11,25,22,11,0,5,0,0,0,18,27,7
62325,62,15,150,74,23,5,1,0,0,6,89,67,20
80325,80,6,1,6,0,2,1,0,0,0,0,8,2
76325,76,6,38,33,9,0,2,0,16,0,41,26,11
27325,27,6,15,9,6,6,0,0,0,6,0,19,9
14325,14,84,335,422,108,16,14,5,23,16,307,352,111
57325,57,22,117,89,25,3,1,0,0,7,61,63,17
60325,60,56,311,197,38,10,13,3,0,5,167,165,45
59325,59,18,128,79,26,5,1,3,0,2,84,77,28
21325,21,4,20,21,11,2,1,0,0,4,10,20,10
78325,78,11,32,82,26,5,0,4,0,4,47,70,22
71325,71,38,138,130,30,0,6,2,0,9,94,110,28
88325,88,8,22,24,6,0,3,3,0,4,0,21,8
35325,35,6,16,23,5,2,6,0,0,6,5,12,4
25325,25,9,29,29,12,5,1,4,0,1,2,23,9
64325,64,3,20,21,13,0,3,0,4,3,16,20,5
51325,51,6,18,16,0,3,0,2,0,0,1,12,7
54325,54,1,7,8,1,0,0,0,20,0,7,10,0
70325,70,6,56,32,13,0,7,0,0,0,20,30,11
31325,31,6,25,28,7,0,0,5,0,4,10,23,13
55325,55,3,0,10,2,2,1,5,0,0,0,2,0
39325,39,22,71,52,13,1,7,0,5,0,53,51,17
52325,52,8,17,14,0,0,0,0,4,0,11,7,1
65325,65,2,2,9,6,0,0,0,0,3,0,4,3
77325,77,9,38,35,14,5,7,0,7,2,38,26,9
67325,67,55,179,168,40,5,3,1,0,8,109,169,39
08325,08,2,0,4,4,0,0,0,0,0,0,2,2
24325,24,14,87,89,22,11,6,0,25,0,75,79,26
33325,33,21,69,99,26,0,11,2,12,6,92,78,29
32325,32,7,15,15,9,3,0,1,0,0,0,11,8
38325,38,13,54,66,17,1,4,5,3,0,51,37,12
01325,01,33,117,105,30,2,3,5,0,8,58,105,24
89325,89,2,14,7,3,4,3,0,0,5,2,9,0
10325,10,110,518,320,68,18,13,11,0,18,198,394,72
11325,11,2,47,30,7,0,0,3,19,6,39,25,9
28325,28,24,126,114,28,0,7,2,0,8,76,109,26
63325,63,6,32,55,20,0,6,0,7,0,35,25,16
17325,17,16,62,61,9,0,0,0,8,4,49,50,17
16325,16,0,14,8,1,2,5,0,2,0,13,15,0
22325,22,90,315,525,153,4,29,9,41,10,369,368,162
26325,26,145,630,541,158,22,39,1,62,29,503,494,149
72325,72,17,90,85,20,1,5,0,0,0,68,119,17
68325,68,23,99,64,16,4,6,4,0,8,54,86,15
30325,30,28,238,152,40,4,4,3,46,8,171,146,40
45325,45,8,28,28,9,0,0,0,5,1,13,26,8
07325,07,49,214,215,63,6,11,4,0,19,179,170,56
34325,34,32,234,170,47,4,13,1,0,11,185,162,47
09325,09,0,3,3,7,0,4,0,6,5,2,0,0
42325,42,9,41,36,11,1,0,0,2,1,28,22,10
40325,40,10,31,33,15,1,3,0,0,0,18,31,17
47325,47,7,54,40,7,1,6,0,15,5,46,42,12
81325,81,50,211,222,71,8,8,5,0,6,202,173,57
62326,62,11,40,21,4,0,6,3,0,0,21,21,4
80326,80,3,11,7,2,0,0,0,4,0,15,12,4
02326,02,7,88,41,13,0,1,0,19,3,36,32,9
14326,14,24,80,113,32,5,1,0,0,8,85,87,28
57326,57,7,46,37,7,0,0,4,11,0,22,21,8
27326,27,5,48,31,10,0,0,0,18,4,27,28,14
60326,60,13,112,61,19,3,3,6,0,0,51,63,19
21326,21,0,6,8,4,0,5,3,0,0,5,8,5
91326,91,445,967,1601,407,28,64,7,24,87,1305,1094,424
59326,59,23,142,113,24,6,2,0,18,8,108,87,33
70326,70,4,52,28,9,5,0,1,7,0,21,27,3
25326,25,19,54,52,11,0,0,2,17,2,37,46,17
64326,64,0,0,20,5,4,5,0,0,5,0,13,5
50326,50,8,24,33,11,0,0,4,0,0,13,29,5
51326,51,35,137,97,26,0,3,2,1,2,78,114,27
54326,54,4,32,27,9,0,0,0,6,0,30,15,12
31326,31,4,7,12,3,0,0,2,7,0,11,14,8
55326,55,3,13,16,0,0,4,5,0,4,10,5,0
39326,39,2,21,16,3,6,0,0,7,1,22,21,1
52326,52,0,9,3,2,0,4,0,0,4,0,0,0
71326,71,13,44,48,18,2,7,4,3,0,37,35,10
65326,65,0,4,9,8,0,0,0,4,4,8,12,1
77326,77,159,621,633,152,29,40,10,53,31,517,484,148
88326,88,16,46,37,8,0,4,1,4,6,32,29,7
67326,67,56,184,179,44,6,9,0,12,6,110,170,34
08326,08,0,24,13,3,2,0,0,4,0,17,8,0
61326,61,9,27,27,9,6,0,3,0,0,0,33,3
24326,24,7,19,27,4,0,0,0,7,6,20,16,8
33326,33,6,24,32,6,3,0,0,0,3,22,23,6
32326,32,9,15,24,10,5,3,0,0,0,4,15,6
38326,38,5,38,55,16,0,3,5,0,6,24,37,16
10326,10,8,29,19,3,4,0,0,0,0,10,20,6
89326,89,28,147,101,30,7,2,0,8,7,81,109,20
11326,11,6,20,7,1,3,0,0,0,0,12,2,0
28326,28,10,49,42,12,1,5,0,0,1,16,36,5
63326,63,8,48,66,22,7,2,0,0,6,55,51,21
17326,17,4,24,36,5,0,0,3,3,6,26,28,12
16326,16,4,15,16,7,5,0,0,1,6,20,10,7
26326,26,37,184,173,51,10,17,9,12,8,164,147,47
22326,22,11,45,72,25,1,0,2,0,0,34,45,18
81326,81,9,40,37,9,6,7,3,11,2,41,30,10
72326,72,1,16,15,10,0,0,1,6,0,18,35,10
49326,49,26,73,116,33,2,0,4,0,1,61,108,21
35326,35,51,152,315,99,2,10,2,27,4,192,220,93
68326,68,3,24,17,2,0,0,0,1,3,19,25,2
30326,30,39,292,184,46,2,16,0,31,2,217,181,52
79326,79,31,115,160,49,8,8,1,8,6,100,108,44
2A326,2A,6,26,23,3,0,6,0,3,2,18,22,1
45326,45,6,41,37,11,0,1,1,18,2,28,35,10
07326,07,6,10,10,2,1,0,2,0,0,17,14,6
40326,40,26,139,200,64,10,6,2,47,7,143,126,57
73326,73,57,221,218,58,5,8,4,39,4,190,208,55
47326,47,49,224,177,45,7,13,0,25,8,159,164,44
09326,09,4,17,22,3,0,0,0,2,4,29,8,9
34326,34,0,7,9,1,5,0,1,0,2,10,5,2
42326,42,24,106,97,29,6,0,4,0,6,57,79,29
62327,62,17,95,53,8,0,5,0,0,0,37,45,19
80327,80,4,33,20,5,1,0,2,4,1,15,9,3
02327,02,2,26,13,0,0,0,2,18,0,12,11,1
76327,76,11,50,43,8,2,5,0,0,1,14,36,13
27327,27,4,31,30,10,5,0,1,13,0,16,19,3
14327,14,380,1565,1923,540,52,120,29,137,67,1362,1608,527
60327,60,21,145,90,19,3,8,0,2,2,88,89,27
78327,78,65,235,527,117,8,16,5,0,20,297,473,118
50327,50,3,13,21,0,0,0,5,11,0,19,15,0
10327,10,4,23,10,0,5,4,0,0,0,2,19,5
59327,59,116,824,601,157,24,37,6,36,28,625,507,181
25327,25,1,10,3,2,1,2,1,9,0,4,3,2
64327,64,7,11,24,5,5,0,0,21,0,18,26,5
51327,51,9,22,12,0,6,3,0,0,3,6,22,5
54327,54,19,73,66,15,0,3,1,5,4,67,48,23
70327,70,1,26,11,7,4,3,1,0,4,16,10,7
31327,31,4,16,22,6,0,0,4,0,6,14,22,8
55327,55,8,43,22,8,5,1,3,0,6,0,24,9
39327,39,25,100,91,20,8,8,0,0,6,70,80,22
52327,52,10,77,48,10,5,3,0,0,3,30,52,6
71327,71,15,38,40,10,0,6,0,0,5,24,32,12
77327,77,205,735,773,196,16,34,9,42,34,666,574,179
65327,65,8,15,26,6,1,0,2,0,0,13,7,7
67327,67,27,102,83,15,0,0,6,17,7,50,78,16
88327,88,76,290,189,46,11,20,1,27,19,166,171,48
08327,08,68,381,224,59,15,13,3,1,6,203,197,55
61327,61,8,40,35,9,0,7,3,3,0,27,40,10
24327,24,0,17,11,5,0,1,0,15,0,9,7,4
33327,33,48,230,326,89,7,20,8,4,10,257,203,94
32327,32,2,9,6,0,0,4,0,9,0,4,8,2
11327,11,15,82,58,21,2,0,3,0,2,40,36,18
89327,89,14,58,35,14,0,1,3,0,3,19,32,8
28327,28,0,29,21,10,3,0,0,0,1,0,24,8
63327,63,46,183,283,79,7,14,1,15,5,231,184,66
17327,17,11,25,26,5,0,1,0,7,0,16,22,9
26327,26,9,29,19,5,5,0,2,0,1,13,23,4
22327,22,31,112,190,64,12,12,2,16,0,147,134,73
72327,72,5,31,29,5,0,4,0,0,5,25,45,10
35327,35,89,268,575,182,8,20,1,43,23,365,362,166
68327,68,18,50,36,10,0,7,4,0,3,22,39,7
30327,30,0,8,3,0,0,1,0,2,0,11,11,5
2B327,2B,0,32,21,10,3,0,5,3,0,18,39,10
45327,45,80,366,371,100,3,9,4,34,28,241,336,93
07327,07,14,41,35,7,0,0,2,2,7,47,36,10
21327,21,0,33,25,11,0,4,4,20,5,16,21,5
34327,34,133,863,690,208,14,19,12,96,35,771,582,187
09327,09,6,25,31,13,0,0,2,4,0,29,10,14
40327,40,0,26,35,15,2,5,0,0,6,15,16,8
73327,73,11,35,45,13,2,3,0,0,6,27,46,11
42327,42,24,76,81,15,2,0,0,14,1,72,58,24
47327,47,9,55,48,14,4,0,0,7,0,40,43,8
62328,62,15,132,75,24,7,8,5,0,7,74,61,18
80328,80,8,81,65,8,1,5,3,6,0,53,51,10
02328,02,17,100,52,12,0,0,0,0,7,39,47,12
76328,76,5,50,44,11,2,1,0,0,6,33,34,11
57328,57,6,10,12,4,2,0,0,0,0,3,2,0
14328,14,29,116,153,42,4,6,0,19,7,126,120,35
21328,21,6,2,4,5,0,0,2,0,0,0,8,0
60328,60,3,46,24,12,0,6,2,0,4,28,27,7
95328,95,19,47,76,19,2,4,3,0,9,60,58,15
59328,59,621,3659,2599,742,108,124,43,125,96,2716,2174,724
25328,25,13,81,69,22,3,0,6,7,6,55,77,15
61328,61,11,28,24,1,0,7,0,4,6,17,32,1
64328,64,17,63,122,40,2,12,0,51,3,98,90,41
51328,51,23,138,103,26,2,7,0,0,3,61,110,27
54328,54,156,818,716,192,38,48,17,32,21,636,517,215
70328,70,14,57,29,10,4,1,0,0,7,17,37,4
31328,31,6,31,47,20,5,0,0,0,4,40,27,15
55328,55,12,46,25,2,1,0,4,8,6,29,22,7
39328,39,9,49,34,12,4,1,0,5,3,33,31,14
50328,50,20,78,88,25,5,7,0,4,3,67,83,22
52328,52,0,3,2,0,0,2,0,4,0,0,7,6
77328,77,12,54,45,10,4,6,0,0,1,50,44,12
71328,71,13,71,73,24,1,8,0,0,8,53,64,17
65328,65,0,7,13,3,0,0,0,2,4,15,8,2
67328,67,30,119,105,25,2,0,1,12,4,63,93,18
88328,88,22,98,61,16,1,1,1,0,6,40,61,16
08328,08,135,861,504,131,29,24,9,8,24,460,458,145
24328,24,20,125,133,32,3,4,0,12,2,138,94,42
33328,33,15,46,81,22,6,6,1,12,1,58,47,20
32328,32,4,13,14,0,0,0,0,14,0,8,11,3
38328,38,30,109,129,39,8,9,0,0,10,102,79,34
01328,01,13,60,60,14,6,3,0,9,8,46,51,12
10328,10,16,54,35,12,2,0,1,0,6,10,48,9
11328,11,9,26,18,10,5,0,0,5,1,16,16,1
89328,89,16,55,41,7,6,4,4,0,4,35,43,5
17328,17,20,86,109,22,8,5,0,26,0,75,86,25
47328,47,15,61,55,19,2,1,3,11,1,59,47,17
26328,26,4,12,3,1,0,0,0,0,0,9,8,0
22328,22,7,25,55,9,6,0,0,2,5,38,31,15
63328,63,0,10,7,0,3,2,0,0,2,4,12,6
72328,72,83,437,423,116,18,13,0,24,19,383,625,106
49328,49,678,2029,3112,757,115,140,48,214,102,1939,2783,746
35328,35,51,151,303,105,13,13,2,19,2,203,199,89
68328,68,13,30,20,6,0,5,4,0,3,21,23,3
30328,30,24,165,115,29,0,1,0,3,6,134,98,25
2B328,2B,1,33,15,4,0,0,0,9,2,10,25,3
45328,45,14,42,36,5,1,0,5,0,5,10,34,13
07328,07,9,69,58,13,3,7,2,1,7,57,52,22
46328,46,8,31,43,15,2,7,2,0,0,30,34,14
34328,34,16,146,105,26,0,5,0,10,10,126,99,38
09328,09,9,29,25,5,0,4,4,14,1,29,12,11
42328,42,17,67,65,11,0,5,2,2,7,59,59,18
40328,40,44,175,252,78,8,14,4,57,8,208,179,88
73328,73,44,206,216,55,2,9,1,24,16,160,188,57
62329,62,43,326,156,46,7,6,11,7,2,180,135,46
80329,80,5,24,18,2,0,0,0,8,0,9,14,7
02329,02,11,80,44,12,0,0,0,0,5,25,42,10
76329,76,72,351,285,87,3,16,6,41,3,311,259,91
27329,27,27,102,67,25,5,4,0,13,8,61,68,14
14329,14,8,4,20,8,0,6,2,0,1,0,11,1
57329,57,9,48,32,9,0,4,0,11,0,37,36,11
21329,21,1,3,2,0,0,4,1,0,4,0,12,6
42329,42,6,46,45,11,0,3,0,10,4,32,31,13
60329,60,4,31,19,2,0,0,3,0,2,19,18,10
78329,78,17,57,114,30,3,3,0,5,1,79,120,28
59329,59,118,655,443,128,21,27,5,0,27,419,394,126
25329,25,6,0,5,5,0,0,0,0,0,0,0,3
61329,61,15,67,62,19,0,2,4,14,2,36,64,13
24329,24,25,134,141,34,5,4,5,21,0,135,96,31
40329,40,15,40,50,20,0,7,0,3,3,41,39,25
51329,51,41,200,157,30,3,9,0,1,9,114,145,29
54329,54,385,2063,1738,510,79,69,16,127,106,1581,1282,482
64329,64,26,103,170,53,4,8,0,32,8,141,133,57
70329,70,0,19,13,2,3,0,4,0,0,0,5,0
31329,31,0,16,27,3,0,0,0,15,0,16,17,2
39329,39,0,18,15,5,0,0,3,4,0,9,19,4
55329,55,3,37,29,6,0,0,0,13,0,16,24,1
77329,77,23,58,67,12,0,2,3,10,7,51,42,13
71329,71,12,43,40,14,6,0,0,2,0,36,45,14
67329,67,43,179,156,30,3,11,5,0,11,90,155,36
65329,65,3,20,34,12,6,2,0,5,0,33,14,7
08329,08,11,75,45,10,2,1,0,3,0,35,33,11
33329,33,0,17,35,9,0,0,3,7,1,31,16,7
32329,32,5,13,25,5,0,0,0,17,0,11,13,6
38329,38,0,8,8,3,4,1,0,15,0,5,7,0
01329,01,0,17,23,2,5,3,0,7,0,16,18,3
10329,10,14,81,54,11,7,0,0,0,0,28,65,12
89329,89,8,13,12,4,0,0,0,0,0,0,10,4
28329,28,10,23,18,6,0,1,0,0,6,11,16,1
17329,17,9,34,49,13,5,3,3,0,4,16,40,11
16329,16,12,77,98,20,7,3,0,13,3,67,65,17
26329,26,2,29,19,1,4,4,0,8,1,17,14,5
63329,63,3,15,18,2,4,5,1,0,1,21,10,7
49329,49,39,127,176,37,8,6,4,25,2,112,158,41
72329,72,99,453,438,119,4,26,13,41,19,358,633,120
35329,35,12,37,77,26,0,8,0,0,5,30,45,20
68329,68,62,202,151,34,3,13,1,26,5,103,179,39
30329,30,11,64,45,10,0,5,0,12,7,48,47,8
79329,79,309,1134,1697,426,55,113,17,109,52,1175,1203,434
2B329,2B,0,8,17,5,4,5,0,0,4,0,13,7
45329,45,33,145,147,37,7,11,0,8,3,95,130,32
07329,07,7,47,38,15,1,1,0,9,2,39,27,8
46329,46,6,32,37,6,6,0,5,4,0,35,26,14
34329,34,51,309,257,83,3,9,3,30,11,293,223,75
09329,09,15,70,71,21,0,0,0,4,7,97,40,32
73329,73,50,178,204,37,8,9,4,22,8,145,175,46
62330,62,36,233,129,39,4,8,6,9,0,138,94,37
80330,80,11,39,32,3,0,2,0,0,6,21,27,7
02330,02,9,94,43,6,0,0,0,35,0,40,41,10
76330,76,13,86,77,26,0,0,0,29,6,77,70,20
27330,27,4,19,9,0,0,0,3,3,3,12,16,2
57330,57,35,197,145,38,11,11,0,0,12,115,118,30
21330,21,14,36,36,7,5,7,0,0,0,20,40,12
60330,60,32,173,114,22,8,3,5,0,11,91,105,20
59330,59,61,364,253,85,15,4,9,4,9,279,220,71
91330,91,191,447,742,196,16,32,9,24,32,621,499,196
25330,25,2,13,19,10,3,0,4,0,3,12,17,3
54330,54,16,67,46,21,5,8,0,0,0,34,42,10
64330,64,1,15,46,10,0,0,4,17,0,27,32,12
70330,70,5,45,32,12,6,7,3,0,5,4,26,12
31330,31,13,33,51,18,0,1,0,8,3,42,38,17
39330,39,6,25,16,0,5,3,3,0,1,9,15,2
52330,52,5,0,8,7,0,5,2,0,1,0,12,2
55330,55,5,12,5,1,3,3,4,2,0,6,4,0
77330,77,147,599,592,135,26,19,7,55,23,568,470,147
71330,71,24,89,72,22,4,3,0,0,6,49,73,21
67330,67,28,107,100,21,2,7,3,0,4,56,90,16
88330,88,2,18,20,1,3,0,5,10,0,16,12,0
65330,65,0,23,30,4,0,0,0,0,6,12,18,12
08330,08,16,107,60,21,3,6,6,0,0,54,50,17
61330,61,9,21,17,4,0,4,2,4,2,17,21,7
24330,24,20,72,77,17,4,3,4,13,0,78,57,20
33330,33,72,300,390,121,0,18,4,57,5,344,262,122
32330,32,9,20,25,7,5,0,0,8,4,18,13,4
38330,38,0,11,6,0,2,0,1,12,0,5,5,6
10330,10,2,22,7,0,3,1,1,0,2,7,20,4
01330,01,2,27,19,3,6,0,0,0,0,15,25,6
11330,11,13,57,34,13,3,4,3,0,3,37,30,19
63330,63,5,37,42,10,0,0,3,15,1,45,28,7
16330,16,25,88,93,22,8,1,3,14,0,78,66,24
26330,26,58,240,240,61,3,11,0,10,7,208,185,54
22330,22,10,29,48,22,0,0,0,0,2,32,39,20
17330,17,27,120,122,30,1,6,0,27,6,98,117,26
72330,72,5,49,36,10,0,5,0,0,1,35,61,12
49330,49,23,71,114,32,3,1,4,11,0,79,115,27
68330,68,14,42,27,7,0,5,0,0,5,20,40,10
35330,35,24,56,121,37,3,10,4,12,3,81,86,33
30330,30,21,140,91,23,0,7,1,14,3,113,81,27
45330,45,7,28,22,4,3,1,1,1,0,11,25,5
2A330,2A,9,108,55,7,0,8,0,23,7,44,83,13
07330,07,62,277,262,78,0,6,3,24,21,260,206,65
46330,46,21,94,159,47,9,10,1,28,2,135,94,44
09330,09,3,1,1,0,1,0,3,10,1,5,0,1
42330,42,226,907,893,215,20,48,10,50,49,684,723,220
28330,28,43,144,126,37,7,7,0,20,7,96,132,27
40330,40,6,28,28,16,0,0,0,3,4,23,16,16
73330,73,77,266,296,67,11,12,0,16,13,235,258,83
62331,62,26,184,95,30,5,2,0,0,8,86,82,25
80331,80,7,42,31,7,7,4,0,11,0,30,20,10
02331,02,4,14,9,0,2,4,0,0,0,4,8,7
76331,76,8,62,55,22,2,7,6,0,7,60,53,18
27331,27,19,64,48,14,5,7,3,0,7,21,50,12
57331,57,16,59,53,11,1,0,6,7,0,36,47,13
52331,52,65,323,179,33,7,12,10,2,8,135,173,43
21331,21,10,38,45,5,6,7,3,0,1,6,38,14
60331,60,10,72,47,16,0,5,5,0,6,28,38,16
59331,59,85,445,302,76,13,15,0,43,15,318,268,93
95331,95,0,15,20,0,4,3,0,0,2,7,19,7
25331,25,10,27,31,1,0,3,0,0,0,17,28,2
61331,61,0,17,16,1,4,0,3,8,6,16,18,6
09331,09,11,82,77,28,5,7,2,0,8,83,46,26
64331,64,17,44,86,27,0,7,3,19,0,63,67,28
54331,54,5,37,32,10,1,2,0,0,6,26,18,11
70331,70,10,75,46,17,0,3,2,9,5,35,50,14
31331,31,7,28,50,11,5,0,4,0,6,31,29,10
39331,39,26,89,68,15,0,1,3,21,0,66,69,14
55331,55,5,6,12,7,0,0,2,0,0,0,10,2
77331,77,12,45,45,13,0,0,5,0,3,40,33,15
67331,67,40,165,158,37,1,6,0,12,3,99,156,42
71331,71,0,9,13,8,3,1,2,0,2,5,7,7
88331,88,0,6,11,6,2,0,0,0,2,0,3,0
08331,08,17,107,68,23,6,5,4,2,4,61,66,12
65331,65,75,295,434,114,18,9,11,71,20,373,224,120
24331,24,13,85,97,26,8,7,0,0,7,78,74,25
33331,33,7,47,68,22,0,8,0,0,0,41,43,22
32331,32,23,97,116,37,0,3,0,77,4,101,89,36
10331,10,17,76,46,13,1,0,0,0,0,30,55,10
38331,38,33,109,126,29,0,1,5,0,9,113,93,40
89331,89,13,58,42,8,0,1,4,2,2,35,32,4
01331,01,11,14,23,6,6,1,0,0,4,0,27,9
11331,11,7,12,14,0,4,0,0,0,0,1,7,1
63331,63,7,27,42,15,2,1,0,2,4,27,20,6
17331,17,34,114,140,29,8,9,5,0,1,99,119,30
16331,16,4,14,9,0,0,2,3,0,0,0,7,6
26331,26,10,62,57,8,5,0,0,6,0,43,39,19
22331,22,1,17,22,4,4,5,5,0,5,2,17,7
28331,28,31,126,113,24,1,5,3,15,4,76,107,18
72331,72,6,49,57,14,0,0,4,10,3,44,67,12
49331,49,474,1352,2105,502,72,126,35,89,57,1277,1905,493
68331,68,74,272,211,40,9,12,3,14,8,137,225,53
35331,35,54,172,376,108,10,12,0,16,11,252,225,118
79331,79,7,16,12,0,3,0,2,3,0,8,12,8
30331,30,45,310,193,55,5,4,6,12,2,194,166,49
2A331,2A,2,14,3,2,0,0,0,1,2,7,17,0
07331,07,108,455,402,109,16,28,9,30,19,424,346,127
45331,45,15,79,67,16,0,4,6,7,0,57,59,14
34331,34,3,11,12,9,0,6,0,0,5,0,15,8
42331,42,27,113,108,33,0,0,2,8,3,95,92,32
40331,40,47,189,254,84,4,11,4,53,16,204,179,89
62332,62,17,98,55,10,1,8,2,0,0,37,40,20
80332,80,12,53,37,7,7,1,5,0,3,26,31,9
02332,02,1,34,15,5,3,6,3,0,0,21,24,7
76332,76,15,52,48,14,0,4,4,0,0,39,32,15
27332,27,23,113,77,17,6,6,2,19,4,62,70,15
57332,57,152,745,532,144,21,30,8,32,35,456,443,144
14332,14,11,70,79,27,1,0,0,16,0,60,72,21
49332,49,122,365,571,135,13,14,11,16,20,335,512,147
21332,21,24,122,123,36,6,1,0,0,8,78,104,33
60332,60,14,66,41,6,0,4,0,10,5,37,36,8
59332,59,37,187,140,35,10,2,4,6,4,155,107,45
25332,25,15,62,56,13,0,4,0,0,8,44,60,18
50332,50,25,79,104,31,0,4,0,0,5,58,84,21
91332,91,48,102,163,41,3,11,0,0,10,125,113,47
64332,64,7,9,15,8,0,1,5,0,1,10,19,10
54332,54,45,183,168,43,11,8,4,5,5,154,116,50
70332,70,0,12,2,5,0,1,0,0,1,0,9,4
31332,31,8,19,27,5,0,1,0,10,0,30,15,10
55332,55,10,38,21,9,2,6,1,0,0,18,26,4
77332,77,12,23,24,11,0,0,0,0,6,25,17,4
88332,88,10,37,23,5,0,0,0,0,4,15,21,3
08332,08,0,3,0,5,0,3,0,0,1,0,9,5
65332,65,4,20,14,5,5,4,2,0,6,11,10,5
71332,71,16,54,56,9,0,8,0,0,0,25,50,19
61332,61,13,40,29,3,1,0,2,6,0,23,45,10
33332,33,15,83,114,30,0,10,1,0,7,89,70,30
32332,32,0,15,19,0,0,1,3,0,6,0,13,4
38332,38,69,306,341,83,0,10,3,30,11,289,243,78
10332,10,14,77,37,12,4,1,4,0,0,23,55,9
89332,89,24,111,81,23,8,5,6,0,0,41,82,19
01332,01,27,78,82,16,0,3,0,0,7,50,79,21
11332,11,29,189,145,48,7,9,3,0,5,134,103,48
63332,63,7,46,80,18,1,1,1,12,1,71,55,22
17332,17,10,47,42,9,1,0,0,11,0,33,33,12
22332,22,11,33,55,22,5,8,0,5,5,38,44,13
26332,26,40,172,162,44,11,6,0,0,8,147,145,48
28332,28,33,121,103,24,5,7,6,0,10,51,110,27
72332,72,15,60,52,18,6,0,2,0,5,28,70,20
68332,68,30,119,94,25,2,3,0,0,3,62,103,20
35332,35,18,65,135,32,2,1,0,25,0,81,75,38
79332,79,7,8,8,7,0,1,0,7,3,6,6,3
30332,30,2,12,18,7,3,4,0,0,4,0,17,9
2B332,2B,9,33,31,11,5,4,2,0,2,9,42,4
52332,52,58,258,154,45,16,22,16,37,25,94,172,47
07332,07,12,63,56,19,3,3,1,0,5,33,44,18
45332,45,35,155,159,46,3,10,1,16,4,121,146,45
09332,09,39,239,255,93,12,10,7,15,18,302,144,92
34332,34,104,705,570,155,11,22,4,83,27,604,471,139
46332,46,4,23,41,15,3,0,0,16,3,35,26,16
42332,42,134,579,559,139,23,29,11,15,19,451,431,123
40332,40,39,193,248,99,3,11,0,60,17,214,187,96
62333,62,13,58,26,13,0,7,0,0,4,14,25,13
80333,80,43,253,188,37,5,5,7,16,1,160,131,45
02333,02,8,28,16,1,3,0,5,0,0,1,9,3
76333,76,11,53,43,8,1,7,2,0,1,36,41,12
27333,27,11,81,55,16,6,6,3,0,7,46,59,17
57333,57,20,132,99,20,7,5,6,0,10,76,73,21
14333,14,168,703,855,232,27,39,5,55,37,632,697,232
21333,21,10,24,24,8,5,6,0,0,1,0,26,9
60333,60,29,192,135,31,8,10,5,0,9,103,115,32
59333,59,4,29,18,6,0,0,0,1,0,30,24,8
25333,25,11,39,36,9,2,2,0,0,7,33,36,11
33333,33,70,296,401,118,13,24,11,20,21,356,257,120
35333,35,32,101,215,69,3,7,0,25,0,142,138,56
91333,91,143,320,481,109,2,24,0,32,30,417,334,123
51333,51,21,102,87,21,4,3,0,0,4,53,95,19
54333,54,6,26,21,7,0,1,0,17,0,31,14,8
31333,31,5,7,11,8,0,0,2,0,0,0,6,1
39333,39,44,184,156,44,10,7,6,11,2,168,149,35
55333,55,7,0,3,5,1,0,5,0,0,0,3,6
77333,77,260,983,993,245,24,34,17,46,51,850,749,244
67333,67,13,29,30,7,2,0,1,5,1,25,30,8
88333,88,2,11,13,1,1,4,4,0,5,5,10,3
08333,08,4,24,31,4,4,3,5,3,0,16,20,2
65333,65,2,13,16,9,1,0,4,12,0,13,12,1
71333,71,37,148,125,31,5,10,4,8,5,108,122,39
61333,61,7,26,21,4,0,4,1,0,0,7,15,5
32333,32,0,15,28,9,0,0,0,11,2,16,15,4
38333,38,10,39,44,16,4,2,0,0,1,27,23,16
01333,01,100,399,374,98,5,22,6,17,24,248,344,90
89333,89,5,27,18,1,0,5,4,0,4,12,22,0
10333,10,344,1607,1017,232,43,51,17,65,43,705,1254,218
11333,11,3,9,11,1,1,0,4,0,3,3,4,4
63333,63,0,17,35,14,0,3,4,0,0,27,19,9
28333,28,8,16,8,2,0,0,1,7,3,11,13,1
17333,17,149,649,729,179,23,42,12,38,16,551,616,173
26333,26,77,325,271,90,10,17,0,11,11,257,240,87
22333,22,18,48,96,32,3,8,0,5,2,63,58,27
49333,49,82,223,355,85,17,12,1,17,10,251,331,84
72333,72,10,41,43,8,0,5,4,1,0,34,63,6
68333,68,14,50,36,2,0,1,1,0,1,20,33,10
30333,30,105,606,391,105,13,19,11,7,23,465,373,109
2B333,2B,0,18,13,0,0,0,0,11,6,17,27,0
07333,07,27,103,87,21,8,1,5,3,6,84,72,27
45333,45,43,200,208,57,0,8,1,2,11,132,180,56
34333,34,60,420,334,95,11,16,5,9,18,366,264,101
46333,46,9,11,28,11,5,3,0,0,0,17,12,8
42333,42,12,58,64,9,1,3,1,0,0,54,54,14
40333,40,29,126,161,61,4,8,6,23,9,146,107,52
62334,62,20,142,80,23,4,4,6,8,4,87,61,16
80334,80,2,15,19,3,0,1,0,2,0,6,9,5
02334,02,71,478,224,59,13,7,9,9,1,245,219,56
76334,76,13,65,59,21,4,0,4,0,0,38,37,19
27334,27,2,16,14,6,0,4,0,0,0,0,15,5
57334,57,10,47,39,7,4,0,0,7,5,29,29,6
14334,14,5,33,39,12,4,0,0,1,3,31,35,6
21334,21,14,70,68,19,5,5,4,2,1,45,54,14
60334,60,21,136,86,22,9,3,5,14,0,80,80,26
59334,59,44,244,180,52,8,3,2,0,3,185,141,41
89334,89,16,89,51,12,7,8,6,0,2,48,60,9
46334,46,38,143,212,56,11,11,3,18,8,185,131,69
25334,25,44,224,207,61,7,21,6,13,4,151,192,55
51334,51,19,75,57,14,7,4,1,0,0,4,60,13
64334,64,7,10,35,9,0,3,2,5,0,28,15,5
78334,78,34,111,233,52,6,9,0,37,7,132,234,60
54334,54,17,66,62,16,0,4,0,15,5,40,49,12
70334,70,36,233,146,31,11,15,3,0,3,108,117,28
31334,31,21,103,174,52,3,11,5,8,0,148,93,54
39334,39,1,19,9,5,0,0,0,0,6,9,10,4
50334,50,2,28,29,13,0,6,0,9,0,22,21,3
55334,55,10,26,23,8,3,4,0,0,6,0,14,1
67334,67,3,20,18,1,3,0,0,1,2,11,15,1
65334,65,7,29,31,7,1,3,0,4,0,28,20,6
08334,08,1,4,1,1,0,1,3,9,0,1,2,3
71334,71,15,46,49,7,2,7,0,0,6,21,32,15
88334,88,14,35,31,8,0,3,0,0,0,14,30,3
24334,24,5,18,19,3,2,1,0,5,0,21,11,11
33334,33,54,222,331,81,12,19,3,14,15,235,212,95
32334,32,35,152,171,63,4,6,0,51,4,139,140,56
38334,38,43,164,184,51,4,2,2,28,4,162,126,45
01334,01,19,76,75,16,0,0,5,0,5,35,67,12
10334,10,23,88,44,6,0,4,0,1,5,45,57,7
28334,28,64,260,218,49,8,10,15,5,5,174,205,52
63334,63,13,48,75,26,0,2,5,0,3,57,50,17
17334,17,6,25,32,10,0,1,1,0,3,9,21,10
22334,22,1,14,23,11,0,6,0,0,0,4,8,3
16334,16,5,12,24,4,0,6,0,0,0,9,7,9
11334,11,7,16,17,9,0,0,1,0,4,0,15,6
26334,26,2,10,14,0,5,4,0,1,0,12,7,4
49334,49,4,24,40,8,0,0,0,4,5,32,42,12
72334,72,38,191,188,48,12,18,6,3,7,155,260,48
68334,68,234,970,697,155,23,43,16,74,42,455,773,161
35334,35,188,552,1199,338,35,40,8,50,41,764,761,327
30334,30,174,1205,773,204,15,32,2,110,42,895,706,201
09334,09,9,72,74,22,0,2,0,28,0,98,38,33
79334,79,30,107,155,50,0,15,1,2,6,104,96,39
2B334,2B,1,19,20,2,0,3,0,19,1,12,18,0
07334,07,62,332,313,90,13,18,6,15,12,283,239,75
45334,45,18,70,58,14,1,3,0,0,1,40,59,21
34334,34,3,40,28,11,6,0,0,0,2,26,23,9
42334,42,38,143,149,31,7,9,0,13,0,106,116,30
40334,40,12,35,43,23,0,0,0,9,0,38,35,11
77335,77,62,243,220,55,7,9,3,20,12,208,174,56
62335,62,6,67,42,14,7,0,0,4,6,34,31,13
80335,80,8,35,28,0,5,2,1,0,4,19,19,3
02335,02,8,31,16,2,5,1,0,6,0,9,8,5
76335,76,1,17,11,0,0,5,0,0,0,6,7,5
27335,27,32,163,107,31,1,10,4,10,7,88,97,22
57335,57,4,33,21,8,5,0,0,8,0,18,24,4
14335,14,7,32,41,9,0,5,3,0,3,16,27,11
60335,60,0,16,17,2,1,0,0,7,0,12,17,4
21335,21,8,15,20,3,0,1,0,0,0,7,21,0
33335,33,12,49,69,18,6,9,0,0,0,36,49,23
59335,59,66,425,300,83,17,23,7,19,13,315,257,89
64335,64,145,645,1187,353,30,74,18,340,33,886,817,364
25335,25,6,16,17,8,0,0,2,0,0,17,17,1
78335,78,264,780,1692,410,33,30,11,73,65,952,1607,403
54335,54,8,48,34,12,0,5,4,4,0,36,30,15
70335,70,0,15,4,7,1,4,0,0,4,0,12,0
31335,31,4,0,2,5,2,5,0,0,1,0,0,3
39335,39,15,53,49,14,0,5,0,0,5,43,49,7
50335,50,13,57,55,13,5,8,3,0,0,33,51,20
52335,52,3,21,12,0,0,0,5,0,0,8,8,2
55335,55,8,42,24,3,0,0,0,9,6,23,23,1
67335,67,30,113,103,30,2,0,4,20,2,77,96,24
88335,88,7,25,12,0,1,0,0,7,0,17,12,3
08335,08,0,10,13,2,0,1,2,4,1,9,5,0
65335,65,16,52,73,23,0,8,0,0,1,50,33,20
71335,71,4,12,14,2,0,0,0,0,0,0,12,5
24335,24,41,235,250,65,2,23,2,32,10,246,199,69
32335,32,7,42,43,15,6,1,0,24,2,35,32,16
38335,38,33,112,120,37,5,8,3,3,4,109,87,34
01335,01,14,49,38,7,0,0,0,0,0,21,43,8
89335,89,12,69,52,8,7,0,5,0,7,22,52,12
10335,10,11,32,24,8,0,1,1,0,4,4,32,1
63335,63,7,54,71,25,0,3,4,9,2,56,38,22
28335,28,25,131,98,30,7,8,3,4,7,70,104,19
17335,17,4,29,28,6,0,0,0,22,0,24,28,4
16335,16,0,8,16,3,0,0,5,0,2,14,7,9
11335,11,6,0,8,4,1,0,2,0,2,0,2,2
26335,26,10,30,19,6,6,0,0,0,5,8,23,6
22335,22,1,13,31,14,0,4,0,7,1,15,13,10
72335,72,21,108,113,32,6,6,3,0,6,74,153,30
68335,68,23,74,52,11,0,1,1,0,0,40,61,15
35335,35,18,54,114,38,0,8,3,3,1,75,66,32
30335,30,5,16,10,6,4,2,0,0,1,1,15,6
79335,79,24,66,95,21,4,1,5,15,1,64,75,27
2B335,2B,7,56,39,5,0,0,0,8,0,24,51,7
07335,07,1,25,25,3,0,6,0,0,4,21,13,6
45335,45,54,200,217,50,9,13,5,11,8,134,193,49
34335,34,7,57,51,11,4,0,0,2,4,60,49,18
09335,09,1,3,3,0,5,3,2,0,0,0,7,3
46335,46,15,42,56,20,0,1,2,0,3,38,34,18
42335,42,12,42,46,14,2,0,0,0,7,41,42,7
62336,62,10,100,46,8,6,2,0,7,1,46,42,14
80336,80,5,14,5,4,5,0,0,0,0,0,9,4
02336,02,23,163,83,17,6,7,0,0,5,64,80,18
76336,76,15,48,45,9,0,0,5,0,6,27,38,17
14336,14,14,38,57,15,4,0,0,0,3,31,34,19
57336,57,156,727,512,135,28,40,14,19,36,422,422,130
27336,27,7,65,42,14,1,6,0,0,0,27,36,9
60336,60,4,33,18,8,0,4,3,5,0,17,19,9
21336,21,21,84,85,17,7,5,6,0,0,56,74,22
35336,35,3,9,34,8,3,4,0,0,1,7,23,11
64336,64,3,22,43,15,6,6,0,0,4,22,26,6
25336,25,18,62,61,8,0,0,0,19,0,39,47,13
59336,59,27,156,106,34,9,3,0,31,1,121,92,36
51336,51,1,10,4,0,1,0,0,4,0,3,4,7
54336,54,27,125,103,29,7,8,0,0,1,65,81,31
31336,31,7,54,92,28,1,1,6,12,8,72,50,33
55336,55,1,17,12,0,0,0,0,14,6,8,13,2
39336,39,5,12,13,0,0,5,0,0,5,13,12,4
50336,50,11,18,31,4,0,0,4,0,0,6,26,10
52336,52,10,24,16,4,0,0,1,0,0,8,13,8
70336,70,6,23,18,0,0,6,0,0,5,5,8,5
77336,77,29,92,107,21,1,1,3,14,4,86,77,24
67336,67,58,208,205,54,3,11,6,0,3,130,187,48
88336,88,2,13,4,5,0,0,3,1,0,4,11,0
65336,65,4,1,5,0,0,0,0,1,4,5,4,0
08336,08,6,36,27,10,1,1,3,0,1,5,22,6
71336,71,88,341,331,94,8,9,5,29,21,239,298,91
61336,61,0,17,13,1,3,6,3,0,0,1,19,0
24336,24,8,50,68,20,5,0,0,14,4,62,39,16
33336,33,24,95,125,36,1,5,1,22,1,102,79,32
32336,32,3,17,24,8,6,3,0,5,1,17,20,8
38336,38,40,208,222,57,7,12,4,13,0,168,138,60
01336,01,38,145,136,30,6,10,5,0,3,81,118,23
10336,10,16,66,48,10,0,6,0,0,0,10,57,11
89336,89,17,54,37,9,1,0,1,0,0,29,43,6
63336,63,2,19,39,9,0,2,4,1,6,29,21,13
28336,28,4,9,11,2,1,5,0,0,3,6,9,5
17336,17,60,280,327,74,10,21,6,27,13,257,260,71
16336,16,8,41,39,15,4,2,4,0,6,23,34,6
11336,11,3,63,47,9,0,3,0,14,1,46,31,16
26336,26,17,67,59,13,3,6,0,18,6,62,49,12
72336,72,31,134,114,39,10,2,3,0,2,99,180,32
49336,49,18,62,95,24,0,0,4,23,8,67,87,27
68336,68,19,79,54,17,5,8,6,0,1,24,53,11
30336,30,32,182,126,35,1,4,0,13,6,142,106,33
2A336,2A,5,75,46,9,0,2,0,14,3,37,74,12
79336,79,5,21,31,11,0,5,0,0,5,10,27,9
07336,07,11,31,27,3,0,6,3,0,0,18,16,7
45336,45,24,87,88,23,0,6,0,25,2,65,92,20
09336,09,18,124,103,46,1,8,4,13,5,134,64,47
34336,34,68,496,386,107,11,20,4,95,11,399,331,111
46336,46,3,23,37,11,4,3,0,1,2,42,32,10
42336,42,17,67,66,14,4,4,5,9,0,48,49,18
62337,62,7,28,21,10,6,4,5,0,5,0,20,6
80337,80,0,25,16,2,3,6,0,0,4,12,16,7
02337,02,4,29,14,0,0,0,3,0,0,21,18,7
27337,27,13,56,40,9,5,2,0,0,0,28,42,6
57337,57,15,85,62,21,2,7,2,23,6,54,56,20
14337,14,10,32,47,12,0,7,0,0,6,23,30,12
60337,60,19,116,65,11,6,5,1,13,8,64,68,12
21337,21,28,151,154,37,3,11,0,0,8,99,140,37
79337,79,23,85,121,26,1,8,5,15,7,97,90,24
59337,59,16,106,68,24,3,0,0,0,0,67,58,25
64337,64,6,16,18,9,2,6,0,1,0,13,12,2
78337,78,51,131,295,64,8,8,4,0,12,170,277,79
51337,51,2,30,20,1,0,5,0,11,2,14,31,6
54337,54,1,18,12,2,6,0,0,7,1,17,8,1
46337,46,10,17,38,6,4,6,0,0,4,8,24,14
70337,70,2,0,11,0,0,0,3,0,4,0,7,6
31337,31,8,17,27,4,0,6,0,0,5,19,10,8
39337,39,0,8,7,0,5,0,0,0,2,13,12,1
52337,52,0,13,11,0,0,4,0,0,0,1,3,1
77337,77,321,1252,1222,318,18,48,10,113,67,1113,958,313
67337,67,12,57,53,12,0,8,0,0,2,36,60,14
65337,65,1,11,11,4,4,5,0,3,2,16,5,5
71337,71,7,41,29,9,1,7,4,0,0,19,26,13
24337,24,0,16,18,0,0,6,0,0,5,14,13,8
33337,33,41,162,230,65,3,7,9,51,6,194,146,60
32337,32,4,6,8,0,5,2,2,0,2,2,1,7
38337,38,121,569,648,163,13,32,10,43,22,506,454,175
89337,89,28,122,88,30,6,5,6,20,12,66,98,27
01337,01,33,136,129,26,0,10,0,21,8,96,120,31
10337,10,2,0,2,0,0,2,1,5,0,5,1,0
11337,11,2,45,36,13,2,4,2,5,0,42,32,11
17337,17,105,466,515,131,20,26,10,92,16,422,450,121
28337,28,75,310,272,54,9,18,6,29,8,181,272,71
16337,16,19,97,110,27,0,11,0,0,0,89,80,23
63337,63,2,3,11,5,3,0,4,0,3,0,5,0
26337,26,37,194,194,49,3,13,3,16,2,143,167,56
72337,72,18,97,81,26,0,2,1,15,2,77,111,17
22337,22,22,88,138,40,1,5,1,18,9,112,90,45
35337,35,76,227,506,151,14,8,0,5,19,323,304,145
68337,68,21,84,54,12,0,7,3,7,0,36,57,19
30337,30,8,63,39,15,6,5,4,0,4,16,34,11
2B337,2B,2,36,20,3,0,4,0,10,0,20,27,6
07337,07,63,311,271,75,6,19,3,37,16,261,221,69
45337,45,10,38,30,9,1,1,0,6,0,26,25,3
34337,34,168,1206,955,293,18,65,18,69,44,1045,825,266
42337,42,4,34,34,7,5,0,4,0,0,20,19,3
46338,46,1,6,10,5,0,4,0,1,5,7,13,0
62338,62,70,512,272,79,25,23,7,11,5,284,214,70
80338,80,45,241,190,36,3,10,0,0,10,154,132,35
02338,02,5,43,20,7,0,5,0,0,0,3,20,7
01338,01,42,163,142,21,5,5,8,1,1,98,131,32
57338,57,14,87,56,20,0,1,0,0,5,47,45,19
14338,14,60,244,277,78,11,21,0,0,5,176,245,80
76338,76,6,13,23,10,0,6,3,0,2,0,15,9
38338,38,17,84,80,25,3,5,0,10,7,71,63,19
60338,60,132,704,473,123,20,14,5,25,22,402,419,108
21338,21,2,27,18,3,3,0,5,1,3,19,23,3
59338,59,16,89,56,22,5,0,6,0,2,57,49,11
27338,27,11,81,52,20,0,6,1,8,0,49,51,17
64338,64,6,13,24,3,0,3,3,6,0,14,15,7
91338,91,207,482,774,205,10,35,11,11,30,664,560,197
25338,25,1,12,10,6,0,2,0,2,6,7,7,0
51338,51,24,104,77,19,5,7,0,0,2,42,81,18
54338,54,27,105,101,33,0,2,2,8,3,84,71,31
70338,70,2,34,20,2,4,6,0,0,5,10,20,10
31338,31,9,54,90,27,3,0,2,10,6,72,48,21
55338,55,0,24,17,0,6,0,3,1,0,12,8,5
39338,39,15,62,58,8,2,0,0,0,0,41,52,11
50338,50,3,34,34,8,0,4,5,6,4,20,33,8
77338,77,16,57,66,16,0,6,0,9,0,50,46,12
67338,67,55,187,167,45,2,10,6,34,8,104,157,34
65338,65,1,27,38,6,1,5,0,18,3,29,18,5
88338,88,1,10,8,6,5,6,0,0,0,8,5,0
71338,71,13,35,34,10,1,0,0,0,2,8,27,3
08338,08,0,24,18,0,0,6,4,0,1,11,15,7
24338,24,6,50,49,10,0,6,0,10,8,45,33,12
32338,32,1,20,18,8,1,6,1,0,4,1,8,9
89338,89,83,357,248,57,16,17,2,26,14,202,257,56
11338,11,3,3,8,0,0,4,0,0,0,1,3,0
10338,10,8,21,10,4,6,0,2,0,6,0,19,5
17338,17,48,186,197,52,5,10,2,14,11,154,163,48
16338,16,11,36,31,6,4,7,5,0,4,11,25,7
63338,63,64,298,456,125,7,23,10,46,13,346,287,128
26338,26,57,226,199,63,9,6,5,15,7,192,180,52
72338,72,20,75,59,16,5,4,0,0,0,57,100,12
49338,49,32,108,190,47,2,13,0,0,9,119,158,41
22338,22,15,78,120,34,1,5,1,0,8,78,83,39
35338,35,27,79,170,53,0,11,0,0,3,99,103,56
68338,68,123,528,370,91,9,26,0,36,25,244,426,92
2B338,2B,4,9,7,7,0,3,3,0,0,3,11,7
30338,30,0,17,18,0,0,1,0,10,0,15,8,5
79338,79,2,19,24,8,0,5,4,0,0,18,20,10
07338,07,46,214,196,57,6,17,5,0,6,200,149,57
45338,45,174,702,693,166,11,25,12,53,29,482,642,170
09338,09,5,12,9,2,0,6,0,0,6,12,9,10
34338,34,7,2,12,6,0,5,5,0,0,0,6,0
42338,42,37,163,157,36,9,7,3,21,8,120,120,35
67339,67,123,392,381,104,19,29,6,33,34,214,374,93
39339,39,22,113,97,34,5,12,0,1,7,100,90,25
42339,42,10,32,38,7,6,4,5,0,4,18,20,4
62339,62,4,8,12,0,5,5,0,0,4,0,7,7
80339,80,5,26,19,7,6,3,0,0,0,0,14,4
02339,02,12,119,65,15,8,0,0,0,2,52,51,15
27339,27,27,119,86,25,4,1,0,1,5,81,84,18
57339,57,10,60,43,12,6,5,1,0,1,13,35,10
60339,60,14,59,29,11,2,1,2,0,6,8,34,10
21339,21,10,55,54,13,2,4,1,22,7,39,55,11
76339,76,10,25,21,3,4,3,0,6,0,24,22,6
59339,59,240,1473,1006,285,53,40,22,89,52,1030,904,284
64339,64,15,43,90,22,7,2,3,41,0,75,71,23
91339,91,198,465,735,193,8,25,13,11,29,589,516,196
25339,25,11,30,21,5,4,0,2,2,0,24,20,2
51339,51,24,93,67,21,4,4,3,0,3,45,63,10
54339,54,182,939,784,222,35,48,16,41,36,695,588,214
55339,55,5,17,5,1,0,6,1,0,1,5,7,0
70339,70,50,303,185,48,12,13,1,23,10,160,165,48
31339,31,12,37,62,17,0,1,0,0,4,46,38,14
77339,77,63,217,229,57,1,16,6,35,3,202,174,53
65339,65,10,31,36,11,3,0,4,0,0,34,22,12
71339,71,10,52,53,11,0,1,0,15,2,36,37,11
08339,08,9,42,28,3,0,2,0,5,0,22,29,8
24339,24,1,19,22,8,1,1,2,0,2,15,21,3
33339,33,23,101,150,48,2,13,5,17,1,133,109,48
61339,61,50,181,165,40,7,10,0,39,4,108,204,41
32339,32,11,27,23,10,1,0,0,15,5,21,17,6
38339,38,56,239,280,73,9,9,5,0,6,204,197,77
01339,01,56,210,197,39,5,13,5,23,9,131,180,37
11339,11,11,74,51,11,2,1,0,10,0,59,34,18
10339,10,6,49,29,6,0,0,2,0,0,8,38,5
17339,17,37,144,156,35,7,11,8,0,10,106,138,41
28339,28,11,40,44,10,0,2,4,0,3,22,41,5
46339,46,8,28,54,10,0,2,0,4,1,50,34,8
63339,63,8,15,20,7,3,6,4,0,0,0,17,1
89339,89,5,32,13,0,0,0,4,0,3,16,21,2
26339,26,39,167,149,40,8,13,3,15,7,119,122,41
49339,49,39,131,198,51,0,7,9,1,8,109,182,46
72339,72,17,70,75,22,4,6,0,0,5,37,107,22
22339,22,50,189,298,106,12,9,3,12,6,208,195,101
35339,35,8,40,77,20,3,0,5,0,0,47,50,24
30339,30,26,217,154,47,4,4,0,36,14,154,146,28
16339,16,15,81,106,21,0,2,0,28,0,89,65,21
2B339,2B,0,8,8,0,0,2,0,0,0,0,5,0
79339,79,36,135,208,50,10,11,0,13,10,133,139,51
07339,07,46,207,211,63,10,15,7,4,15,202,158,50
45339,45,9,49,58,8,3,0,2,8,0,41,44,14
09339,09,18,82,83,33,0,10,1,0,6,82,48,22
34339,34,5,25,25,9,0,1,5,0,2,4,15,6
62340,62,22,142,76,20,0,6,0,5,7,77,62,18
80340,80,0,24,24,6,0,3,4,0,5,11,12,9
02340,02,138,966,486,120,23,27,14,15,25,412,446,129
76340,76,15,73,48,21,5,4,0,0,4,47,46,12
27340,27,26,107,62,19,5,0,4,0,7,57,70,15
57340,57,38,206,141,47,12,0,4,1,6,138,112,49
60340,60,7,76,43,16,7,2,5,9,4,39,38,7
21340,21,10,19,30,5,1,2,2,0,0,13,28,2
59340,59,106,620,437,122,33,18,6,29,12,489,386,127
38340,38,47,171,210,48,0,9,3,0,12,157,145,49
64340,64,0,2,11,7,0,5,0,0,1,11,7,6
91340,91,254,576,888,205,9,43,21,16,31,693,629,222
25340,25,7,19,28,4,0,0,0,14,5,14,16,5
51340,51,18,65,52,14,5,0,0,0,3,28,54,13
54340,54,10,34,31,6,0,1,0,15,0,38,24,10
70340,70,1,38,20,2,6,4,5,0,4,14,15,2
31340,31,8,20,41,7,4,0,3,0,6,28,24,8
55340,55,15,71,45,8,3,0,0,0,7,17,38,4
50340,50,7,12,27,2,3,0,0,2,4,14,18,4
77340,77,13,79,78,13,6,0,2,0,0,66,60,17
67340,67,48,177,162,38,4,15,8,5,8,93,159,38
65340,65,50,179,263,70,11,8,0,58,2,221,164,74
88340,88,13,71,53,17,0,0,0,0,0,33,47,17
71340,71,37,177,160,35,1,10,0,0,7,122,141,38
08340,08,2,23,13,9,3,0,0,15,0,11,12,6
24340,24,91,452,468,117,15,35,4,64,14,467,368,132
32340,32,6,25,24,6,0,0,0,1,2,29,24,12
10340,10,68,349,219,48,9,11,10,0,8,157,243,41
16340,16,27,108,119,31,0,5,2,0,7,82,81,30
46340,46,3,26,49,9,0,2,3,6,0,40,34,8
17340,17,41,167,170,45,0,19,10,0,10,109,142,51
63340,63,0,20,45,19,4,3,4,4,6,19,21,11
11340,11,9,64,43,14,0,6,1,20,0,50,37,9
72340,72,29,129,124,33,8,8,0,0,9,83,182,39
26340,26,6,39,37,11,0,7,0,0,0,6,30,13
22340,22,30,98,177,48,10,12,2,0,6,124,113,48
35340,35,28,85,174,49,6,3,4,0,6,99,116,43
68340,68,7,42,32,2,0,0,2,12,7,21,36,4
30340,30,10,79,61,14,0,0,5,5,1,64,56,20
79340,79,9,31,43,13,0,0,4,0,0,32,28,10
2B340,2B,2,19,15,7,0,2,2,0,0,4,20,2
07340,07,37,203,179,51,1,7,7,2,13,190,143,43
45340,45,10,49,45,8,4,4,5,13,0,31,40,17
34340,34,23,210,174,45,8,6,2,0,10,175,144,44
09340,09,5,12,19,5,0,5,0,10,0,25,5,1
61341,61,36,206,178,39,3,11,7,13,15,123,193,41
62341,62,15,70,37,13,0,6,0,0,0,29,30,15
80341,80,7,58,48,14,0,6,0,0,6,25,33,10
02341,02,3,51,26,6,0,0,2,3,0,19,28,1
76341,76,154,823,699,186,31,32,13,64,25,731,573,205
57341,57,15,95,83,15,3,8,5,8,0,56,63,23
14341,14,255,948,1193,315,44,47,11,53,37,829,993,310
27341,27,0,17,12,8,0,0,3,0,0,8,10,0
60341,60,48,282,170,42,7,10,1,0,5,157,155,47
21341,21,4,19,7,8,4,3,0,0,1,6,7,0
59341,59,12,58,40,7,1,4,4,0,1,26,36,16
64341,64,0,14,18,0,0,0,1,4,0,14,15,1
95341,95,3,26,46,13,5,0,0,12,0,38,29,9
25341,25,6,20,18,7,2,0,0,25,0,13,16,1
51341,51,0,0,8,1,4,0,0,0,2,0,2,0
70341,70,11,51,22,8,2,4,0,0,3,12,26,11
31341,31,95,421,699,221,10,24,12,12,26,610,432,227
55341,55,5,23,11,2,0,0,2,0,4,16,9,7
50341,50,46,160,204,58,2,12,0,10,3,141,190,49
52341,52,7,19,8,0,0,0,0,7,0,13,10,4
77341,77,11,39,37,13,2,7,0,0,0,23,28,13
67341,67,11,50,43,14,0,0,0,0,0,34,42,6
65341,65,3,16,17,3,4,0,3,0,1,9,8,4
88341,88,18,64,56,11,0,6,0,0,1,36,49,17
71341,71,3,27,24,5,6,0,4,5,0,13,14,7
08341,08,25,122,62,18,0,5,2,13,6,60,67,13
24341,24,18,115,109,28,7,11,5,13,5,128,85,37
33341,33,38,164,255,70,11,12,4,5,10,204,165,71
38341,38,34,129,152,39,0,7,1,0,11,101,100,45
32341,32,2,19,26,10,0,0,1,6,0,25,19,14
89341,89,6,50,38,6,5,1,1,18,0,30,30,5
11341,11,0,20,16,5,1,3,0,0,3,2,6,6
63341,63,17,43,82,16,0,9,0,0,2,52,47,25
17341,17,5,17,25,5,5,0,1,6,5,14,16,1
10341,10,6,57,39,10,1,2,0,0,0,20,33,12
28341,28,9,29,22,9,0,0,2,0,0,6,30,11
16341,16,63,237,282,61,0,17,5,30,7,241,206,76
26341,26,17,73,67,25,7,0,0,0,0,56,63,18
72341,72,12,66,68,16,0,1,1,3,1,59,89,16
49341,49,20,45,78,24,5,3,0,3,5,46,80,14
22341,22,15,45,82,30,3,9,0,6,1,53,50,23
68341,68,35,133,108,29,4,10,0,0,4,79,118,18
79341,79,7,11,19,1,5,2,5,0,0,0,5,2
30341,30,233,1627,1074,294,57,71,15,63,57,1164,982,280
2B341,2B,10,116,74,11,0,4,5,26,0,59,111,23
07341,07,72,299,258,87,8,15,1,65,14,264,216,71
45341,45,3,26,23,5,0,2,1,7,1,13,21,2
34341,34,63,498,378,109,9,18,3,32,22,449,321,105
09341,09,2,17,17,8,0,1,0,0,5,8,4,6
62342,62,8,15,11,4,3,2,4,0,1,0,4,4
80342,80,13,67,49,10,0,0,0,0,0,35,31,12
02342,02,0,19,15,2,6,0,0,2,2,14,8,0
76342,76,11,80,65,18,5,5,0,10,0,68,54,20
27342,27,1,28,21,2,0,1,2,11,6,15,18,2
57342,57,0,4,13,7,4,5,3,0,0,0,5,3
14342,14,77,338,421,121,18,24,20,11,19,294,339,112
60342,60,103,614,392,86,14,16,8,40,16,359,343,94
21342,21,14,45,49,15,0,0,4,0,4,22,47,10
59342,59,1,21,16,7,6,0,0,18,0,16,14,3
64342,64,2,15,32,14,5,5,0,0,3,22,27,9
25342,25,0,4,11,0,1,0,4,7,0,3,8,0
51342,51,8,45,31,2,5,0,5,0,2,5,31,6
70342,70,0,23,9,0,1,0,0,6,0,16,16,3
31342,31,5,21,21,9,4,6,0,0,1,4,17,9
39342,39,0,20,20,3,4,4,0,0,5,8,14,0
50342,50,30,96,111,30,9,6,0,0,7,80,97,35
52342,52,0,7,0,0,5,0,1,0,2,2,4,0
67342,67,56,220,199,49,9,11,6,34,9,126,197,52
77342,77,8,14,16,6,0,0,2,0,0,0,10,1
65342,65,2,8,7,1,1,1,3,2,5,10,4,5
88342,88,10,24,21,4,0,0,0,0,0,14,16,0
71342,71,200,813,747,205,27,48,11,87,31,571,655,204
08342,08,12,40,27,10,0,6,0,0,3,7,22,9
33342,33,15,71,97,34,4,8,1,5,0,86,63,35
61342,61,46,163,153,37,11,11,6,0,4,97,156,30
32342,32,4,3,13,6,0,0,4,0,2,0,4,0
38342,38,10,37,33,10,0,1,5,0,2,29,20,10
89342,89,20,72,49,16,2,0,0,2,6,35,44,17
63342,63,5,30,33,7,0,2,1,0,4,31,16,15
11342,11,1,35,17,10,0,0,0,5,2,27,20,3
17342,17,7,41,44,15,4,7,0,0,5,22,34,11
28342,28,11,31,24,11,0,0,5,0,1,21,30,11
10342,10,17,62,38,13,3,2,1,0,6,15,42,10
16342,16,5,38,36,9,6,6,0,0,1,18,31,13
01342,01,13,63,60,17,0,3,5,8,4,41,57,10
09342,09,8,28,25,15,0,7,4,0,0,16,14,14
26342,26,4,39,39,16,3,0,4,0,3,35,34,10
72342,72,4,23,23,6,1,0,0,0,0,15,29,9
22342,22,11,32,42,20,0,1,2,0,5,21,35,19
35342,35,7,25,51,9,1,1,0,13,0,26,27,19
68342,68,61,232,161,37,9,6,6,25,8,124,183,34
2B342,2B,26,309,193,48,6,20,5,56,9,139,293,41
79342,79,20,43,71,16,2,7,5,9,0,46,41,15
45342,45,13,48,41,13,5,3,4,0,4,6,42,16
07342,07,33,123,125,27,1,9,0,16,3,119,85,33
34342,34,9,36,21,2,4,3,1,0,3,26,22,8
30342,30,33,197,128,40,0,2,0,21,5,148,126,28
62343,62,10,49,27,5,5,1,4,0,5,11,20,11
80343,80,5,27,17,7,3,5,4,0,3,0,19,2
02343,02,0,16,7,0,0,0,2,0,3,0,11,2
76343,76,6,30,24,8,5,0,0,0,0,10,22,5
27343,27,44,186,136,28,3,5,3,24,3,119,117,30
57343,57,68,292,224,51,16,0,0,14,18,177,176,66
49343,49,102,299,440,105,9,14,1,34,11,286,398,104
60343,60,9,87,53,13,0,0,6,24,0,52,42,9
21343,21,5,15,8,0,0,0,3,0,4,0,13,7
14343,14,5,5,5,0,5,5,0,0,2,2,8,0
78343,78,39,104,233,52,0,11,2,7,13,130,223,61
59343,59,164,1033,689,206,18,30,17,54,22,759,601,185
64343,64,6,30,72,23,2,5,1,16,3,46,46,21
25343,25,6,15,24,10,0,0,0,8,0,13,15,0
54343,54,4,23,17,7,6,6,1,0,3,15,13,7
51343,51,15,91,77,13,4,0,0,8,5,56,78,12
70343,70,6,58,30,8,0,0,0,11,0,20,29,10
31343,31,0,2,5,7,2,4,0,0,3,8,8,0
39343,39,5,2,4,0,0,0,0,3,0,4,1,0
55343,55,4,10,3,5,5,1,0,0,2,0,1,4
67343,67,134,539,465,118,7,21,4,35,28,275,494,120
77343,77,15,38,43,7,3,0,0,0,5,34,27,6
65343,65,4,15,25,12,0,3,5,1,2,27,12,10
88343,88,5,15,18,3,0,0,0,0,6,0,19,7
71343,71,5,32,24,6,2,0,0,13,5,18,29,4
08343,08,30,166,96,26,0,3,0,16,0,85,91,31
33343,33,16,60,96,28,3,4,2,26,2,76,60,24
32343,32,8,15,17,6,0,0,0,18,0,15,11,3
38343,38,41,171,193,53,2,11,0,0,5,156,139,49
01343,01,57,229,208,42,10,12,0,0,7,117,179,52
63343,63,9,21,38,11,5,1,0,7,6,32,23,12
11343,11,2,10,13,2,0,0,0,0,2,1,9,8
17343,17,3,19,16,5,5,0,0,0,0,4,20,4
10343,10,204,940,628,136,15,25,6,43,21,423,735,130
28343,28,18,62,61,11,0,4,0,10,0,33,51,10
16343,16,3,41,37,7,0,7,5,10,0,35,25,5
26343,26,8,0,16,5,5,2,4,0,0,0,9,2
72343,72,19,64,66,15,0,2,5,0,7,41,96,17
35343,35,18,78,165,42,5,5,0,0,0,99,109,54
22343,22,85,351,612,182,8,46,3,83,4,419,383,175
68343,68,82,312,210,45,7,7,2,46,21,150,246,46
2B343,2B,24,188,139,28,6,3,5,45,7,108,180,35
30343,30,8,83,55,13,1,1,0,15,3,71,55,21
79343,79,10,20,31,10,2,2,2,0,2,5,16,12
45343,45,2,27,19,11,0,0,2,4,0,13,22,4
07343,07,31,162,138,42,1,8,0,40,2,147,123,38
34343,34,19,168,129,38,6,6,0,0,10,134,106,41
62344,62,0,18,5,3,0,0,0,0,3,4,12,6
80344,80,10,27,27,3,0,5,2,0,0,15,16,7
76344,76,9,58,52,10,4,0,0,13,0,53,43,13
57344,57,18,100,81,12,8,8,0,1,0,64,60,13
14344,14,13,36,40,19,5,3,2,0,6,24,38,17
34344,34,199,1363,1050,316,30,52,9,84,44,1158,954,306
60344,60,10,79,44,12,1,0,0,5,0,39,42,16
21344,21,9,34,32,3,3,0,0,0,2,20,26,5
59344,59,53,333,223,68,5,11,0,7,11,259,194,64
64344,64,13,25,57,16,3,0,4,13,4,47,36,12
78344,78,8,40,90,22,3,7,4,0,5,43,85,23
25344,25,2,2,4,2,1,0,0,0,0,9,10,0
54344,54,6,29,17,9,2,1,2,0,0,11,22,8
51344,51,48,200,152,32,4,6,0,38,3,114,164,34
70344,70,8,51,33,11,3,0,0,19,3,22,27,7
31344,31,17,49,94,32,0,0,6,0,8,68,56,33
39344,39,5,42,30,5,1,0,0,16,2,29,31,13
55344,55,0,0,0,4,0,3,0,0,0,0,7,3
52344,52,3,0,7,1,2,5,0,0,1,0,0,0
67344,67,13,36,34,13,0,5,0,2,0,25,28,5
77344,77,64,223,248,65,4,13,2,9,12,214,183,52
65344,65,47,196,292,70,4,17,1,31,3,269,158,75
88344,88,2,21,20,5,0,0,1,13,0,14,11,10
71344,71,4,10,7,0,0,0,4,0,0,5,7,1
08344,08,4,23,13,0,0,6,0,0,3,9,14,1
33344,33,7,53,66,27,4,8,5,0,0,53,50,24
32344,32,27,155,185,64,9,2,5,19,7,154,131,71
38344,38,167,739,832,207,13,25,8,68,37,699,608,210
61344,61,31,120,108,27,5,6,2,6,0,83,132,33
01344,01,182,729,673,140,18,26,12,28,25,426,626,159
89344,89,50,199,133,35,8,11,0,0,8,93,145,43
63344,63,0,12,21,4,1,6,5,11,3,19,19,7
11344,11,18,92,75,28,2,1,1,0,0,77,55,26
17344,17,39,133,139,35,7,11,0,25,9,112,123,41
28344,28,3,29,23,6,0,0,0,20,6,18,35,2
10344,10,34,129,82,15,1,0,0,0,8,67,110,22
26344,26,13,59,42,11,4,0,0,20,0,37,36,10
72344,72,63,321,329,76,11,18,7,1,12,241,457,72
49344,49,28,89,148,34,0,6,3,17,2,83,121,31
22344,22,17,53,99,28,3,0,5,0,0,59,54,34
68344,68,21,59,53,6,0,7,2,8,0,38,48,12
2B344,2B,4,11,12,0,3,1,0,0,5,0,10,3
30344,30,113,755,472,135,10,23,8,95,10,534,437,138
45344,45,35,144,128,37,3,5,0,3,3,89,119,39
07344,07,6,44,51,8,1,5,5,6,0,43,40,13
49345,49,167,491,762,185,12,31,10,55,19,465,669,170
62345,62,0,11,8,6,0,0,3,0,3,8,6,6
80345,80,12,85,58,15,0,3,0,0,1,37,49,12
02345,02,0,0,2,1,3,0,0,0,2,0,4,6
76345,76,2,38,27,8,0,1,0,9,0,28,21,8
57345,57,8,71,46,9,0,5,2,7,2,34,41,14
14345,14,5,25,32,8,0,0,0,13,0,26,22,14
27345,27,7,37,18,3,0,6,0,0,1,14,22,9
88345,88,0,10,11,0,5,0,0,0,4,3,3,6
32345,32,13,57,61,17,6,0,0,0,3,51,47,20
30345,30,12,55,40,11,0,0,0,0,0,41,38,12
60345,60,3,24,18,6,0,0,4,0,6,4,21,8
33345,33,13,40,54,14,1,0,0,0,7,35,29,15
59345,59,49,331,230,63,5,17,4,25,7,252,188,65
64345,64,9,16,29,7,5,3,0,0,6,12,20,7
25345,25,23,72,71,15,4,0,2,10,0,55,62,24
91345,91,539,1313,2037,520,44,102,25,105,85,1641,1389,550
21345,21,7,20,18,10,3,4,0,5,0,22,15,1
54345,54,8,45,36,7,2,3,1,0,5,28,30,11
51345,51,9,39,28,5,4,0,2,1,0,15,25,7
31345,31,38,201,324,100,7,4,5,22,1,288,218,114
39345,39,12,55,41,6,0,0,0,19,3,40,40,8
55345,55,2,12,5,6,3,3,0,2,1,8,11,3
50345,50,20,83,98,25,7,6,0,0,0,40,89,30
67345,67,111,426,399,89,29,20,4,7,29,232,404,96
77345,77,21,74,75,21,0,0,2,0,5,40,59,12
65345,65,0,7,4,0,0,4,3,0,3,0,0,7
71345,71,23,76,84,19,6,0,0,0,5,54,68,25
24345,24,7,60,66,24,5,9,0,0,0,58,52,16
38345,38,18,71,82,16,0,4,0,3,1,66,58,26
61345,61,64,228,215,53,11,16,0,9,18,142,251,47
01345,01,59,274,259,52,2,8,3,8,14,176,224,63
89345,89,119,486,320,85,16,19,9,13,23,252,345,91
63345,63,55,332,476,135,24,28,20,41,23,384,278,120
17345,17,9,42,39,5,0,5,0,0,5,22,40,11
11345,11,6,40,23,7,0,0,2,9,0,35,21,7
10345,10,10,61,41,11,6,5,0,0,0,11,52,4
16345,16,5,26,32,7,4,4,0,0,3,10,24,2
72345,72,8,23,32,12,0,0,1,0,0,27,35,7
26345,26,41,234,215,54,6,14,4,18,19,202,192,73
22345,22,14,63,104,27,7,2,4,0,5,72,62,28
35345,35,15,60,128,37,0,1,3,0,8,70,68,38
68345,68,24,104,69,18,2,0,4,14,8,51,75,15
2A345,2A,11,74,52,8,2,5,1,7,0,38,63,8
79345,79,19,84,129,36,3,2,6,0,0,85,80,34
45345,45,31,118,122,32,7,6,0,15,1,80,100,27
07345,07,27,120,108,32,0,7,0,3,8,101,81,27
62346,62,2,29,16,4,0,1,0,10,0,19,17,1
80346,80,3,29,15,4,2,3,0,0,0,3,14,6
02346,02,14,124,59,12,6,5,6,0,1,47,62,14
76346,76,8,40,28,9,4,4,0,0,6,19,21,4
27346,27,2,30,21,9,5,4,0,13,1,21,17,3
57346,57,11,73,63,16,0,1,0,17,6,50,53,10
14346,14,14,57,86,24,7,1,0,8,0,59,61,18
88346,88,24,105,67,18,3,7,0,14,7,62,67,17
72346,72,89,464,452,123,8,21,8,70,26,396,651,111
60346,60,274,1513,1012,219,30,39,18,75,45,887,875,229
61346,61,7,27,30,9,0,1,3,0,0,0,33,5
79346,79,0,11,19,5,1,0,1,0,0,14,19,3
21346,21,3,25,39,7,2,0,3,1,3,31,26,7
59346,59,68,423,318,98,6,10,8,17,8,339,270,93
64346,64,2,11,28,5,4,7,0,0,0,17,25,12
25346,25,9,26,23,1,2,0,2,0,1,3,13,9
78346,78,31,103,225,53,0,10,1,0,8,115,200,47
54346,54,7,24,20,5,0,4,5,4,2,20,19,3
51346,51,24,134,119,30,5,6,3,6,13,72,123,29
31346,31,24,81,142,35,1,0,0,12,0,130,79,46
39346,39,4,18,12,0,5,0,5,0,5,0,12,0
55346,55,8,50,22,8,1,0,0,2,1,15,29,9
52346,52,14,52,38,2,4,0,0,1,0,32,35,6
67346,67,18,55,58,10,0,7,6,5,1,44,49,16
65346,65,8,11,17,11,0,3,3,0,0,23,15,5
71346,71,41,171,157,37,6,4,0,0,10,110,127,41
08346,08,44,267,138,41,2,12,7,0,7,128,137,40
33346,33,7,31,44,8,2,2,0,2,0,48,38,18
24346,24,5,40,36,6,4,0,0,15,2,39,28,11
32346,32,7,18,33,11,2,1,0,4,0,17,23,8
38346,38,15,47,49,9,3,0,0,0,0,35,28,15
01346,01,28,103,98,20,7,0,6,0,8,45,81,20
63346,63,4,30,42,16,1,3,2,0,4,20,30,8
89346,89,119,451,314,62,9,15,8,44,17,246,305,69
17346,17,43,137,174,35,4,10,0,17,3,131,137,41
11346,11,6,18,16,9,4,0,0,0,0,2,9,0
28346,28,6,5,6,1,0,2,0,10,0,3,6,0
10346,10,0,10,11,0,0,5,1,2,0,6,5,0
16346,16,3,30,36,5,0,4,0,0,5,8,27,12
26346,26,13,32,31,7,0,1,0,9,0,31,23,8
35346,35,3,8,34,4,4,3,3,8,0,15,13,9
22346,22,19,66,119,31,5,4,4,6,0,88,72,37
30346,30,35,265,175,42,6,6,6,7,12,182,160,37
2B346,2B,46,384,275,61,7,7,1,71,13,189,369,51
45346,45,52,211,241,59,3,13,0,22,2,155,203,49
07346,07,88,408,368,91,14,24,0,12,14,379,285,103
14347,14,16,86,112,22,3,9,4,13,12,76,87,38
62347,62,1,23,10,5,0,0,2,10,2,11,7,0
80347,80,9,20,17,8,1,0,0,0,0,7,14,1
02347,02,16,97,46,14,1,0,5,0,0,27,40,12
76347,76,13,45,31,6,0,0,0,10,5,44,24,6
27347,27,18,106,71,23,0,3,4,0,4,47,71,12
57347,57,1,29,22,6,2,2,5,0,0,17,21,7
25347,25,12,75,86,21,0,4,5,15,3,56,70,20
60347,60,3,38,29,1,5,5,0,0,6,17,18,10
55347,55,9,56,33,6,0,5,1,28,4,28,32,5
77347,77,28,96,92,21,1,6,0,0,9,86,74,22
21347,21,9,40,38,7,0,3,0,0,4,20,40,14
59347,59,8,73,42,13,0,0,3,8,3,46,43,18
91347,91,213,462,741,192,15,35,11,62,45,592,512,198
64347,64,2,15,18,5,0,0,0,19,1,12,14,12
70347,70,9,64,40,11,7,7,0,0,0,20,33,12
31347,31,0,18,14,1,0,6,0,18,0,15,9,1
50347,50,11,24,36,4,3,4,0,0,1,13,32,10
52347,52,7,39,23,7,0,5,5,0,0,14,22,8
67347,67,61,228,216,50,1,10,0,25,15,139,205,45
65347,65,3,4,6,7,3,0,0,0,1,0,0,7
71347,71,21,64,57,18,1,1,2,0,0,16,54,21
88347,88,0,12,12,3,0,1,0,0,0,10,10,8
08347,08,10,29,20,3,0,0,0,2,1,23,17,9
33347,33,8,29,41,17,2,0,2,13,4,41,30,8
24347,24,3,17,11,0,0,0,2,5,4,13,12,10
32347,32,6,20,28,9,0,3,0,21,2,21,26,7
38347,38,28,110,128,32,1,1,0,14,5,110,93,28
61347,61,4,21,19,4,0,1,3,3,5,20,19,3
01347,01,67,265,233,51,1,6,5,29,13,157,213,42
63347,63,13,48,59,23,7,4,0,0,6,31,43,22
89347,89,13,55,37,12,2,0,5,0,6,24,42,15
17347,17,179,703,808,204,27,39,12,63,29,652,709,206
11347,11,0,15,19,0,3,0,0,7,4,11,15,3
10347,10,3,44,23,5,0,2,0,11,0,12,27,5
28347,28,30,112,102,28,4,5,0,0,4,62,96,25
16347,16,7,50,57,20,3,3,6,6,0,45,36,8
26347,26,135,597,550,154,17,27,10,51,29,471,454,147
72347,72,2,32,28,2,0,5,0,0,0,24,35,12
49347,49,127,358,567,145,17,25,3,83,16,368,512,143
22347,22,18,93,160,40,2,4,6,7,7,108,110,40
35347,35,61,152,347,94,8,12,1,23,12,201,210,96
30347,30,32,201,140,40,4,8,3,0,8,144,118,38
2B347,2B,1,53,40,10,0,1,0,20,5,33,58,10
79347,79,21,89,140,29,5,13,0,0,0,97,96,39
68347,68,16,83,69,17,7,8,0,0,5,43,69,12
07347,07,18,60,63,16,5,7,2,3,4,56,47,17
45347,45,18,94,83,24,5,3,3,20,0,58,74,27
62348,62,4,30,18,5,5,0,0,0,2,2,13,0
80348,80,1,26,12,6,3,0,0,6,0,8,16,1
76348,76,13,83,62,20,4,8,0,12,5,67,56,19
27348,27,44,259,170,41,7,10,0,0,9,140,146,47
57348,57,27,115,87,21,0,8,0,0,6,73,67,24
14348,14,0,10,7,8,3,4,1,0,0,0,13,3
60348,60,8,65,50,16,4,2,0,12,1,43,37,6
21348,21,0,13,9,0,0,3,0,3,0,4,12,7
59348,59,34,210,138,44,6,6,0,5,5,151,130,34
25348,25,7,48,44,10,4,3,5,7,0,30,38,17
95348,95,16,44,64,17,0,2,6,10,9,60,57,16
64348,64,207,763,1526,468,52,97,15,401,35,1169,1033,469
54348,54,11,34,29,2,0,4,0,0,3,25,17,2
51348,51,7,10,21,5,4,0,2,0,0,0,17,8
70348,70,23,113,70,23,2,3,0,4,0,67,71,19
31348,31,2,0,4,5,0,4,5,0,0,0,6,5
39348,39,10,57,49,14,6,4,1,0,0,49,46,13
55348,55,8,64,30,9,0,4,0,8,4,25,30,5
52348,52,18,96,48,10,5,4,0,9,2,50,52,10
67348,67,398,1484,1278,293,51,52,11,79,68,843,1288,303
77348,77,7,29,35,7,0,0,1,4,0,28,18,2
65348,65,2,0,12,3,4,0,1,0,5,0,0,5
71348,71,0,17,12,6,6,3,0,0,0,12,15,6
88348,88,0,21,22,2,6,6,3,0,0,8,10,4
08348,08,8,16,8,1,0,3,3,0,0,0,10,1
33348,33,25,126,170,56,3,15,6,12,8,150,116,56
24348,24,6,22,34,8,0,1,0,0,2,30,26,5
32348,32,10,63,71,21,3,2,0,0,6,48,57,26
38348,38,127,519,566,153,28,21,6,37,27,426,385,149
61348,61,16,50,43,8,7,2,1,0,2,9,48,12
01348,01,80,351,317,79,1,12,3,36,9,212,285,70
63348,63,8,20,29,4,3,0,0,7,3,21,21,7
17348,17,18,63,64,16,6,9,0,4,3,47,53,20
11348,11,6,7,2,0,2,0,0,0,2,6,3,3
89348,89,70,299,225,44,12,9,11,0,13,172,208,58
28348,28,119,427,404,97,14,19,1,21,26,284,396,99
10348,10,9,21,10,4,0,4,5,0,0,11,22,4
16348,16,37,157,180,50,9,9,2,0,3,139,130,41
72348,72,3,7,12,0,4,0,3,1,5,9,20,2
26348,26,40,183,169,51,14,13,0,14,1,143,142,46
22348,22,13,44,68,25,7,5,4,0,2,33,42,14
2A348,2A,18,160,103,19,6,9,3,35,6,58,147,30
68348,68,97,362,252,61,11,19,6,0,11,171,311,68
79348,79,8,14,26,7,1,7,0,5,1,18,16,13
07348,07,16,104,101,24,0,4,4,5,0,96,78,32
30348,30,36,270,180,44,5,11,6,15,2,179,154,35
45348,45,18,88,84,25,3,2,0,19,0,70,79,14
62349,62,31,257,139,37,11,13,5,27,4,162,110,34
80349,80,7,22,20,6,1,0,0,1,0,10,9,0
02349,02,0,5,5,4,1,5,0,2,0,3,4,0
76349,76,46,268,224,55,8,13,1,0,16,215,177,70
27349,27,28,128,82,15,0,3,4,13,7,72,74,21
57349,57,1,25,15,0,3,0,0,6,0,16,9,4
71349,71,4,4,2,5,5,0,4,0,0,0,6,0
14349,14,34,169,214,47,10,13,6,35,11,155,165,60
21349,21,7,55,53,14,5,2,0,0,0,47,54,17
59349,59,49,248,165,57,6,13,6,0,9,181,139,38
78349,78,11,32,69,19,1,5,1,0,5,27,57,12
25349,25,17,56,59,10,2,0,0,11,7,42,48,14
64349,64,6,40,67,22,6,7,4,0,3,47,38,23
54349,54,3,21,24,0,2,0,4,0,6,12,11,6
51349,51,1,21,12,7,0,0,0,12,6,9,25,0
70349,70,7,30,20,10,0,1,0,0,4,2,23,6
31349,31,10,70,100,37,4,9,0,0,8,91,64,38
39349,39,13,60,49,9,0,0,2,9,0,51,48,8
55349,55,10,20,15,0,6,0,0,0,0,2,15,8
50349,50,37,147,190,46,3,14,3,11,8,131,167,52
52349,52,17,60,30,8,0,1,2,10,4,26,35,5
67349,67,21,55,53,17,2,0,3,1,0,28,51,8
77349,77,182,685,682,154,17,14,9,51,31,643,541,167
65349,65,2,4,0,0,1,0,0,0,5,0,0,0
88349,88,45,210,148,25,4,15,1,12,12,117,128,30
08349,08,10,84,55,7,7,7,2,0,0,42,50,8
33349,33,48,199,275,80,4,14,5,0,12,227,176,76
24349,24,14,43,47,11,2,4,1,0,0,40,32,13
61349,61,5,16,23,7,2,0,0,0,2,7,25,0
32349,32,7,16,10,9,2,3,0,0,0,3,8,5
38349,38,44,200,222,58,2,5,6,50,4,190,161,60
01349,01,18,77,69,15,0,4,4,0,0,38,57,10
63349,63,36,174,273,75,7,15,6,16,8,216,151,69
17349,17,63,238,268,64,11,10,5,37,13,217,232,69
28349,28,14,34,38,8,2,0,0,5,0,28,32,5
10349,10,86,447,277,52,5,15,5,24,14,189,330,48
89349,89,10,58,44,5,1,0,0,8,3,36,48,8
16349,16,9,62,60,16,0,8,6,8,0,46,44,18
72349,72,8,52,43,11,0,0,0,0,3,40,69,13
26349,26,9,36,32,14,0,2,1,0,0,33,33,4
22349,22,26,137,206,65,8,10,3,8,5,150,138,70
30349,30,10,74,43,11,6,2,0,11,4,47,40,12
2A349,2A,18,112,74,12,6,5,0,16,8,56,106,19
68349,68,121,499,359,78,7,14,6,71,23,250,417,79
79349,79,1,6,21,5,0,2,3,5,0,7,17,1
07349,07,105,486,449,123,17,30,5,41,17,434,354,139
62350,62,20,182,105,32,2,6,0,10,2,104,68,22
80350,80,19,83,64,14,6,0,0,1,1,51,44,14
02350,02,0,17,13,0,0,0,2,13,0,12,5,2
76350,76,8,50,41,15,6,0,0,0,4,42,30,6
27350,27,23,133,101,19,7,3,3,6,8,82,91,22
57350,57,42,200,140,36,4,14,2,8,5,127,128,41
61350,61,9,11,12,6,6,0,0,0,0,7,19,0
60350,60,26,192,126,32,3,4,0,0,10,90,101,28
30350,30,84,567,365,95,7,19,1,48,23,367,329,97
21350,21,0,9,5,0,4,3,0,0,0,0,2,6
59350,59,3843,22071,15646,4450,599,766,234,824,744,16041,13258,4441
25350,25,20,93,83,15,2,6,5,19,0,57,69,15
64350,64,20,63,110,26,0,4,5,32,0,89,75,28
78350,78,140,400,902,210,12,30,7,31,36,482,866,228
54350,54,17,90,76,22,0,8,4,13,5,69,64,18
51350,51,0,21,12,2,2,6,0,0,0,1,11,7
70350,70,6,5,13,0,0,5,0,0,0,0,7,7
31350,31,4,12,7,9,3,0,1,5,0,5,2,0
39350,39,13,41,37,9,0,0,0,0,3,15,26,13
55350,55,5,9,6,0,0,0,3,7,5,1,6,0
50350,50,19,48,64,10,0,1,0,5,0,40,59,17
52350,52,7,15,8,0,0,0,0,0,5,0,6,0
67350,67,88,327,283,66,4,13,0,7,15,168,277,70
65350,65,34,131,187,50,3,12,1,23,7,176,97,49
77350,77,534,2012,2082,520,34,96,27,71,93,1789,1584,481
71350,71,20,111,98,22,7,0,0,0,6,73,84,23
88350,88,4,10,15,2,0,0,0,0,0,5,10,5
08350,08,6,40,21,8,3,0,5,0,0,11,12,5
33350,33,26,109,144,44,5,12,6,7,0,117,92,47
24350,24,48,229,253,75,10,12,6,35,9,254,193,70
32350,32,0,0,9,6,3,2,0,0,4,0,0,6
01350,01,67,319,281,60,13,14,5,0,19,163,268,58
63350,63,28,110,163,51,7,7,0,17,7,135,96,44
17350,17,25,103,99,24,6,4,4,4,0,89,88,23
11350,11,0,6,0,4,0,0,0,3,0,6,8,2
89350,89,6,37,32,8,6,0,0,1,5,17,25,4
28350,28,27,121,94,31,9,9,3,0,7,60,103,29
10350,10,16,97,57,16,0,0,1,2,8,40,77,17
16350,16,18,81,87,16,8,8,3,0,2,64,64,27
38350,38,18,69,69,22,3,0,3,5,5,66,48,19
72350,72,70,334,311,96,9,19,0,14,12,268,457,85
26350,26,6,5,13,0,3,0,0,0,0,12,4,0
22350,22,7,15,31,9,4,7,5,0,1,15,28,11
35350,35,14,57,120,31,2,3,3,6,8,86,70,38
2B350,2B,10,44,37,12,0,5,0,0,4,19,39,8
79350,79,9,9,25,9,3,1,0,0,0,4,7,7
68350,68,22,78,56,16,3,3,0,0,2,24,67,12
62351,62,146,973,518,151,22,24,8,43,22,507,395,148
80351,80,10,42,33,8,3,5,4,0,2,6,18,4
02351,02,0,26,6,4,0,4,1,0,0,7,7,8
27351,27,47,213,138,33,9,7,6,0,9,99,137,39
57351,57,36,147,123,30,8,6,0,9,11,94,95,25
60351,60,7,10,12,2,3,3,3,0,0,0,14,4
76351,76,3144,16109,13612,3929,511,778,234,842,477,13724,11096,3900
25351,25,5,24,17,4,6,3,1,12,0,12,19,4
35351,35,34,94,185,59,5,8,0,0,9,124,116,62
26351,26,0,4,2,4,0,1,0,2,1,5,0,0
59351,59,14,81,49,22,2,3,4,0,3,62,45,13
21351,21,31,113,125,35,0,0,0,13,4,104,118,32
64351,64,4,15,14,11,5,1,5,0,3,4,17,2
95351,95,170,681,1034,296,13,31,10,22,65,935,741,275
54351,54,37,175,148,44,6,10,5,0,2,128,104,48
51351,51,6,13,5,4,3,4,1,0,0,0,10,5
70351,70,7,32,19,1,0,3,0,7,0,23,16,10
31351,31,87,360,575,183,13,33,8,22,18,503,350,171
39351,39,8,19,10,0,0,3,2,0,3,6,19,6
55351,55,51,215,137,26,7,13,5,14,2,106,126,35
50351,50,0,12,7,8,0,4,4,0,0,1,9,3
65351,65,6,5,3,0,0,0,3,0,5,0,0,1
71351,71,45,202,184,49,4,10,3,38,3,155,158,50
88351,88,56,239,144,39,16,8,4,15,17,129,148,41
08351,08,2,8,8,3,0,0,4,0,2,0,2,6
33351,33,36,131,206,58,4,11,0,17,11,161,123,57
24351,24,5,32,29,7,0,7,0,0,0,33,30,14
61351,61,4,16,16,5,3,0,4,0,0,3,21,0
32351,32,2,11,16,4,2,5,5,0,4,0,10,0
38351,38,26,106,125,29,6,5,0,3,4,102,89,33
01351,01,47,163,145,31,5,2,6,17,3,108,158,37
63351,63,4,9,19,6,0,0,5,0,0,0,4,5
17351,17,54,228,252,62,7,19,0,26,5,188,205,60
11351,11,20,99,77,18,7,5,0,3,0,73,51,22
28351,28,12,56,47,14,0,0,0,14,0,30,41,11
10351,10,5,54,30,8,6,0,0,0,0,13,41,12
89351,89,21,63,47,11,0,0,0,3,3,48,42,17
67351,67,59,227,203,47,12,13,0,15,9,131,189,54
72351,72,27,109,105,29,1,0,5,0,0,92,141,21
22351,22,11,51,68,28,0,1,1,3,0,56,47,23
2A351,2A,5,59,46,5,0,0,1,8,3,34,66,11
30351,30,271,1856,1206,303,56,53,15,135,61,1392,1102,337
79351,79,49,124,194,40,6,3,5,33,4,129,140,50
68351,68,16,75,51,8,1,6,0,0,7,37,52,8
62352,62,7,16,5,0,0,0,2,2,4,13,2,0
80352,80,0,31,13,7,0,6,0,0,0,8,16,8
02352,02,9,92,51,6,4,0,0,0,7,38,41,11
57352,57,16,86,59,8,2,0,0,0,3,41,54,19
76352,76,10,41,37,11,2,1,0,0,0,39,22,6
70352,70,0,5,2,0,4,1,0,0,0,0,9,0
33352,33,77,328,455,138,10,36,7,0,12,393,304,132
26352,26,10,32,36,12,6,5,0,0,2,23,29,5
14352,14,24,82,101,28,6,10,0,5,0,81,91,33
60352,60,6,31,19,6,0,2,1,0,4,1,9,6
71352,71,0,8,9,4,0,3,1,0,4,10,7,0
59352,59,193,1173,826,236,27,34,19,48,40,857,675,242
21352,21,37,130,146,35,7,6,5,0,2,85,124,35
64352,64,4,20,46,13,6,3,0,16,0,28,25,12
95352,95,110,381,546,150,13,25,16,26,34,510,394,151
51352,51,21,104,76,19,3,3,1,0,3,55,86,21
54352,54,27,125,92,34,3,8,1,0,7,92,69,23
31352,31,3,19,30,8,1,6,2,1,3,24,13,10
39352,39,7,16,17,0,1,0,5,12,0,9,8,0
55352,55,4,30,22,7,0,5,2,0,1,1,18,7
50352,50,6,33,33,14,5,2,0,1,0,23,29,7
52352,52,2,16,5,0,0,0,0,11,0,6,4,0
67352,67,17,55,48,8,7,7,3,0,5,10,48,11
65352,65,5,24,29,6,0,0,0,2,0,26,10,13
77352,77,55,174,182,48,10,8,5,0,9,177,139,50
88352,88,9,27,19,1,6,6,0,0,4,16,18,7
08352,08,7,45,17,6,1,0,5,5,0,23,21,2
24352,24,79,382,411,120,19,23,10,4,18,387,308,108
32352,32,6,6,14,7,0,0,3,8,0,6,5,6
61352,61,7,22,14,6,0,3,1,0,2,0,22,9
38352,38,56,211,239,72,10,14,4,0,11,214,165,71
01352,01,13,69,61,19,0,1,3,0,0,43,64,13
63352,63,34,163,253,59,11,16,2,22,12,193,150,73
11352,11,5,2,12,5,0,1,0,0,1,0,3,6
28352,28,51,174,168,45,6,6,0,0,11,117,155,41
89352,89,4,46,28,4,6,0,0,0,6,18,28,10
16352,16,7,25,32,11,0,0,0,0,0,17,24,2
10352,10,53,239,155,41,8,11,5,10,3,105,185,31
973352,973,5,16,21,9,5,3,0,0,5,0,13,9
72352,72,6,10,19,0,3,0,0,0,1,10,25,9
49352,49,30,110,155,43,10,13,1,9,3,105,143,44
22352,22,9,29,36,7,0,0,1,0,0,32,24,16
35352,35,156,546,1175,332,33,49,4,82,39,757,724,353
2B352,2B,7,30,31,3,0,0,3,0,3,22,32,7
30352,30,30,264,163,37,2,6,7,82,0,197,147,35
79352,79,7,14,31,4,0,2,0,0,4,8,18,12
68352,68,72,275,205,41,9,17,1,0,15,140,214,49
80353,80,0,19,11,4,0,4,0,5,1,8,5,5
62353,62,4,45,18,2,0,0,5,7,3,19,22,1
02353,02,8,51,21,1,0,0,0,10,0,24,24,11
76353,76,2,16,12,1,0,5,2,0,0,7,13,0
27353,27,17,59,38,12,4,0,0,1,6,30,39,11
57353,57,0,13,10,4,5,3,0,0,1,2,3,0
24353,24,10,32,37,7,2,0,0,2,4,36,25,14
14353,14,11,33,50,9,0,0,4,0,2,33,44,16
60353,60,6,26,19,1,0,2,0,16,5,20,12,1
50353,50,0,12,13,4,2,2,0,12,0,6,13,0
26353,26,17,101,95,29,8,6,2,0,9,46,80,29
59353,59,13,50,34,4,2,4,2,0,2,28,22,8
21353,21,34,133,131,39,9,5,0,19,1,103,118,33
64353,64,29,66,155,34,2,3,2,60,5,107,90,37
95353,95,28,119,187,52,0,4,0,40,13,171,132,54
973353,973,28,372,271,83,23,79,8,10,26,317,204,84
54353,54,25,97,79,26,5,2,1,8,0,88,68,20
51353,51,1,3,9,1,0,0,2,0,0,0,9,1
70353,70,11,57,47,12,1,3,0,12,1,28,38,7
39353,39,2,18,22,3,1,5,2,0,2,17,18,5
55353,55,1,19,11,0,0,0,3,0,0,1,8,0
31353,31,0,2,8,6,5,3,5,0,5,5,2,6
52353,52,87,555,306,69,24,37,13,34,21,224,320,68
67353,67,2,23,21,5,0,0,1,12,0,16,29,8
65353,65,7,28,35,6,3,2,0,0,6,5,23,13
77353,77,18,61,60,19,1,0,0,0,0,34,45,11
71353,71,13,66,60,13,3,2,1,0,7,38,55,19
88353,88,2,10,11,2,0,4,0,0,3,0,14,6
08353,08,20,111,60,18,7,6,3,0,7,38,50,22
33353,33,0,13,31,5,1,7,3,0,3,18,18,7
32353,32,0,18,14,7,0,5,4,0,0,13,13,9
38353,38,22,107,119,36,0,7,5,0,8,72,81,24
63353,63,9,38,56,13,3,0,0,21,2,48,39,22
17353,17,68,237,267,69,17,14,4,33,4,188,216,63
11353,11,31,245,180,52,1,11,0,44,3,192,130,51
89353,89,13,47,32,13,5,0,2,2,0,31,43,9
28353,28,8,49,48,15,6,0,0,0,0,18,45,14
10353,10,29,137,77,16,1,9,0,0,3,60,107,21
16353,16,20,87,113,30,5,5,0,2,0,87,69,21
01353,01,47,175,149,40,0,8,4,0,8,114,159,42
72353,72,4,21,17,5,5,0,0,9,4,17,26,4
22353,22,57,247,406,142,6,26,7,24,8,304,284,144
49353,49,368,1062,1685,396,41,80,13,106,53,1061,1516,420
35353,35,81,295,579,182,20,18,14,2,23,394,386,183
2B353,2B,47,364,256,51,2,14,5,81,11,178,356,60
30353,30,5,16,3,2,2,0,0,0,5,9,3,0
68353,68,15,71,52,7,2,6,0,5,7,29,49,14
62354,62,14,125,73,25,6,3,0,20,0,67,61,17
80354,80,2,24,21,0,0,0,0,5,2,18,13,1
02354,02,2,9,8,0,4,0,0,0,1,0,10,4
76354,76,31,162,133,39,1,13,3,23,3,158,107,43
27354,27,17,74,47,13,4,8,0,0,0,43,53,13
57354,57,4,13,11,3,0,0,0,0,6,11,14,8
24354,24,55,272,286,84,5,8,3,59,16,301,236,84
14354,14,52,206,246,66,13,16,5,37,5,195,201,64
60354,60,3,2,4,4,0,0,3,0,1,0,0,6
59354,59,21,103,68,18,3,0,0,18,8,82,59,25
21354,21,0,3,12,3,3,2,0,0,3,0,10,6
64354,64,0,11,17,3,6,0,0,6,9,7,9,11
25354,25,0,20,20,8,0,5,5,0,5,0,15,4
78354,78,101,303,741,179,8,37,0,67,26,429,655,162
51354,51,8,42,23,12,4,0,0,6,0,20,27,5
54354,54,6,0,6,3,3,0,3,0,0,0,0,1
31354,31,6,4,3,0,0,1,5,4,3,5,0,0
30354,30,3,26,14,2,0,5,0,10,0,24,14,4
39354,39,13,40,36,6,0,4,0,0,5,20,27,9
52354,52,5,14,5,4,1,6,0,0,0,0,9,3
67354,67,13,57,52,14,1,1,5,3,6,45,64,16
65354,65,1,4,9,1,0,0,0,5,3,6,3,8
77354,77,31,92,106,22,4,0,3,0,2,95,70,27
71354,71,20,74,64,13,4,5,4,0,1,48,63,22
88354,88,3,17,20,2,0,0,3,0,6,1,19,5
08354,08,17,126,64,24,3,5,5,0,8,52,71,21
33354,33,3,11,16,3,3,2,0,9,0,23,12,8
32354,32,0,14,11,3,3,0,0,7,0,8,12,9
38354,38,14,44,51,17,0,0,3,0,4,23,29,19
01354,01,202,782,706,181,13,24,8,43,36,451,655,141
63354,63,20,91,150,40,4,6,0,27,1,132,94,43
17354,17,15,78,78,25,0,0,3,0,8,62,67,17
11354,11,0,0,4,0,4,2,0,0,0,0,0,6
89354,89,41,222,134,28,10,16,5,15,13,118,142,32
28354,28,13,47,42,10,0,2,1,3,3,28,42,12
10354,10,9,18,8,6,1,3,0,0,1,4,12,0
16354,16,7,14,9,6,0,0,0,2,0,12,5,1
72354,72,6,17,13,4,6,0,0,0,3,8,22,4
22354,22,23,81,138,42,0,12,5,0,3,87,86,45
35354,35,11,16,38,15,0,0,0,0,6,10,29,17
2B354,2B,2,58,32,9,0,3,3,3,0,24,52,8
79354,79,10,28,45,17,5,4,4,0,0,29,32,8
68354,68,46,166,112,25,0,12,0,0,9,68,133,25
62355,62,10,92,56,16,6,5,0,0,0,45,38,9
80355,80,0,21,7,2,0,0,5,0,0,6,14,8
02355,02,30,183,89,22,7,3,6,0,5,50,86,24
76355,76,17,79,77,16,3,0,6,20,0,72,53,17
27355,27,56,276,198,39,13,18,2,29,7,184,192,52
57355,57,25,124,101,28,6,4,4,0,0,75,85,23
24355,24,6,52,50,19,7,3,5,9,0,52,40,15
60355,60,26,173,119,20,2,9,1,10,5,93,108,24
21355,21,169,764,793,198,25,39,16,30,35,561,709,205
64355,64,5,4,22,4,0,5,4,0,0,10,8,8
25355,25,2,2,2,6,0,0,3,1,0,9,0,1
95355,95,104,412,598,158,7,18,17,23,29,530,421,161
54355,54,4,10,9,0,0,0,5,0,0,8,5,8
51355,51,0,3,6,5,4,0,2,0,1,3,5,0
31355,31,33,143,236,70,0,15,0,56,9,221,149,77
70355,70,12,39,25,10,1,7,1,0,0,11,31,6
39355,39,8,33,33,13,6,0,0,3,0,32,32,6
55355,55,1,28,21,0,5,5,5,0,0,0,11,9
52355,52,9,28,22,5,1,4,3,0,0,0,24,7
67355,67,36,142,110,24,7,1,0,12,3,82,122,24
77355,77,6,22,16,4,0,0,0,0,5,15,13,8
65355,65,7,2,13,0,3,5,0,0,0,0,10,0
14355,14,33,128,143,44,6,3,7,18,4,96,131,48
71355,71,5,33,39,13,4,0,2,2,0,28,25,4
88355,88,39,147,104,27,10,14,1,8,5,78,94,20
08355,08,5,46,24,3,6,0,3,2,3,27,20,7
33355,33,26,127,184,50,5,9,3,41,6,161,125,61
32355,32,6,7,6,0,3,0,0,3,0,4,10,0
38355,38,8,13,17,5,0,0,0,4,5,11,18,1
01355,01,11,57,47,15,0,1,0,0,2,39,55,10
63355,63,10,22,32,4,3,7,0,1,0,22,14,14
11355,11,8,46,45,14,0,3,0,0,1,39,29,16
89355,89,7,23,8,0,4,0,0,2,3,13,15,2
10355,10,2,10,12,4,0,0,2,0,4,5,7,0
28355,28,11,44,29,5,3,0,1,0,0,25,41,11
30355,30,23,143,91,25,3,2,2,42,0,101,80,21
16355,16,31,131,170,34,5,4,5,0,7,135,117,37
17355,17,18,54,55,9,0,6,0,0,7,43,54,16
72355,72,7,0,10,4,3,2,0,0,0,0,16,8
26355,26,11,71,63,12,2,4,0,23,1,61,59,12
49355,49,80,238,368,87,19,14,6,42,17,243,347,87
35355,35,29,73,178,46,6,4,0,2,0,109,110,51
2B355,2B,2,56,45,6,2,4,3,0,10,22,66,12
79355,79,90,298,440,121,4,23,4,37,16,324,310,121
68355,68,44,190,136,28,5,7,6,21,7,109,147,32
973356,973,12,173,126,42,15,34,2,26,17,171,96,31
62356,62,19,153,83,17,0,6,2,5,3,84,65,19
80356,80,6,19,16,0,1,0,0,0,0,0,14,0
02356,02,8,30,16,2,0,2,0,3,4,11,11,0
76356,76,3,14,13,3,0,2,0,0,1,0,14,6
57356,57,39,182,120,27,6,12,0,12,2,105,106,29
33356,33,3,26,40,10,0,6,3,12,0,34,33,10
60356,60,9,70,42,13,6,1,0,11,1,45,47,6
88356,88,8,37,29,9,0,2,1,0,5,3,29,9
59356,59,47,328,241,63,14,9,0,15,12,222,190,64
21356,21,39,160,165,36,4,8,0,6,8,131,164,49
64356,64,0,7,13,0,5,0,0,16,0,6,10,0
78356,78,184,545,1297,311,18,32,11,9,47,665,1217,319
51356,51,0,17,21,9,0,1,0,0,5,1,19,6
54356,54,4,10,7,1,0,3,2,0,5,1,3,0
25356,25,86,383,368,99,12,17,11,12,11,281,355,96
31356,31,29,148,203,65,4,9,6,31,14,185,141,72
70356,70,12,35,27,1,0,0,5,0,0,24,25,3
39356,39,5,18,19,3,5,2,0,4,0,20,12,7
50356,50,21,75,87,22,0,9,0,3,8,60,89,25
55356,55,5,24,7,0,0,4,0,0,2,5,8,4
52356,52,7,17,6,0,0,5,4,0,0,5,12,7
67356,67,84,304,276,61,11,9,0,0,19,173,257,67
77356,77,6,0,11,7,0,3,0,0,0,0,1,5
71356,71,28,134,123,30,9,8,0,0,5,77,103,34
65356,65,0,5,10,0,3,4,0,0,3,1,3,6
08356,08,0,21,14,0,1,4,3,1,3,15,8,3
30356,30,49,374,260,63,1,17,2,70,4,274,229,64
24356,24,33,182,173,55,1,8,4,24,14,179,143,56
32356,32,0,6,8,0,0,0,0,20,2,7,12,4
38356,38,9,45,37,17,1,4,1,0,0,37,27,8
01356,01,5,23,24,10,3,0,5,0,0,16,23,2
63356,63,4,26,42,8,0,5,1,24,0,39,29,9
17356,17,10,32,41,5,0,0,0,14,2,28,28,4
11356,11,16,148,103,34,0,6,0,26,4,115,86,29
10356,10,14,45,24,1,0,0,0,0,1,13,35,8
16356,16,0,0,9,1,1,0,1,0,3,0,7,1
72356,72,11,38,42,12,6,2,0,0,4,33,65,10
26356,26,0,13,10,5,0,0,0,0,0,12,13,4
22356,22,21,64,125,38,0,6,6,0,0,78,71,42
35356,35,36,121,270,74,4,7,0,16,13,148,160,81
68356,68,27,115,90,26,0,2,2,21,4,60,97,22
2B356,2B,2,37,29,6,0,0,0,8,0,18,25,2
62357,62,5,5,3,1,2,5,2,0,3,0,9,0
80357,80,3,37,28,1,5,6,4,0,4,12,20,5
973357,973,14,194,154,45,22,45,3,12,14,182,105,44
02357,02,3,10,3,0,0,0,3,0,3,0,9,5
76357,76,11,41,40,17,0,7,4,0,4,29,38,15
57357,57,13,61,34,12,6,3,0,0,6,31,33,5
59357,59,47,270,187,62,7,9,3,0,11,188,160,51
21357,21,3,17,7,1,0,5,2,4,4,6,6,0
64357,64,5,0,13,8,1,0,0,0,0,0,6,3
60357,60,10,75,40,7,4,5,0,8,0,43,44,8
25357,25,18,91,77,23,0,5,0,14,0,71,79,15
51357,51,20,99,76,10,0,0,0,10,0,60,78,13
54357,54,133,705,632,176,17,44,10,56,21,579,479,176
31357,31,1,27,41,15,1,5,2,7,3,30,25,16
70357,70,13,68,51,9,4,0,0,2,2,38,36,13
55357,55,1,26,19,2,5,0,1,0,0,0,11,4
50357,50,1,8,10,2,0,0,4,1,0,5,13,0
52357,52,8,30,14,6,6,1,0,0,1,0,21,8
65357,65,2,20,19,8,0,5,3,0,0,10,18,11
71357,71,9,22,23,8,1,2,5,0,0,18,24,2
88357,88,24,101,65,22,3,7,4,7,8,61,64,18
77357,77,24,85,90,17,1,1,0,12,10,91,76,19
08357,08,14,117,69,20,0,5,0,25,3,64,68,14
33357,33,30,127,193,58,8,7,5,31,1,160,124,54
24357,24,12,34,42,9,5,3,0,0,6,28,23,6
61357,61,6,11,18,6,0,6,3,0,6,0,11,4
38357,38,59,275,312,81,5,9,5,51,12,256,220,85
01357,01,10,32,35,3,4,0,1,2,0,25,39,12
63357,63,5,4,19,7,5,0,0,0,0,0,15,9
17357,17,22,60,63,12,0,4,3,16,0,51,63,21
11357,11,5,39,24,5,4,5,0,0,0,17,23,2
10357,10,86,404,234,58,7,6,5,39,7,178,315,61
28357,28,37,146,122,32,4,8,0,0,9,84,116,29
16357,16,6,12,16,2,6,5,0,3,0,9,12,7
32357,32,0,13,11,8,0,4,0,21,0,7,8,0
14357,14,20,84,95,24,0,4,0,30,4,78,86,34
72357,72,8,73,72,18,6,5,0,0,2,43,92,19
26357,26,45,200,196,48,11,11,5,22,8,168,150,53
35357,35,7,22,38,9,0,0,0,11,2,23,24,12
68357,68,23,76,43,7,3,0,2,13,1,37,51,8
79357,79,3,18,33,13,0,5,0,3,0,20,26,5
2A357,2A,0,7,5,6,5,4,0,0,0,0,11,1
55358,55,4,37,23,5,0,3,1,16,1,16,16,1
80358,80,2,15,12,0,0,0,0,17,3,10,8,1
62358,62,6,49,17,7,4,0,0,0,0,21,23,1
02358,02,15,69,29,12,0,0,4,0,3,24,28,12
27358,27,22,81,52,19,7,0,3,0,8,41,58,17
57358,57,29,160,120,32,6,4,5,0,8,83,88,32
35358,35,25,69,151,46,2,1,6,0,0,108,109,54
76358,76,7,36,27,3,6,0,0,0,5,16,26,7
59358,59,30,173,117,31,4,5,0,2,1,141,113,40
21358,21,0,20,15,8,5,6,0,0,5,11,18,6
64358,64,4,13,33,16,4,0,3,10,0,26,30,13
14358,14,4,4,8,6,5,6,0,0,0,0,16,7
60358,60,22,147,98,20,0,1,4,4,7,73,72,21
78358,78,454,1300,2988,709,46,73,24,155,93,1655,2836,730
51358,51,15,77,49,14,4,4,0,3,2,40,61,11
54358,54,4,34,28,6,4,5,0,0,1,22,27,9
31358,31,66,272,431,150,4,15,0,102,10,407,280,134
70358,70,12,44,22,1,0,0,0,1,4,24,31,3
52358,52,4,17,9,0,0,0,0,0,0,0,9,3
67358,67,27,121,99,24,1,6,0,0,10,65,107,21
77358,77,29,102,108,33,8,8,6,7,7,91,77,27
65358,65,1,0,11,7,0,5,4,0,0,0,5,8
88358,88,68,272,193,40,10,8,0,25,13,161,162,38
71358,71,2,9,6,1,0,6,1,0,4,10,9,6
08358,08,7,40,22,4,4,3,1,3,2,23,23,1
33358,33,3,29,47,12,4,7,1,6,1,47,32,19
61358,61,3,29,30,3,0,0,4,10,3,13,24,8
32358,32,7,16,16,7,5,0,0,1,3,12,18,3
973358,973,5,0,6,7,5,6,2,0,2,0,0,0
01358,01,7,57,50,14,3,0,3,0,7,15,47,7
63358,63,10,30,56,10,0,4,5,2,4,48,29,9
17358,17,8,26,39,3,0,1,0,0,2,31,23,11
11358,11,6,3,3,1,0,0,3,0,1,0,0,2
10358,10,28,154,106,17,7,8,2,0,9,62,121,25
28358,28,67,280,226,58,3,18,3,14,7,169,233,65
16358,16,180,713,847,202,15,49,15,99,26,646,564,218
38358,38,16,78,80,23,3,0,5,7,4,72,50,16
72358,72,35,163,152,43,10,14,2,6,6,131,239,42
22358,22,10,37,63,25,0,0,3,15,1,45,41,15
49358,49,14,44,71,19,2,4,0,12,0,37,57,10
26358,26,46,185,181,53,2,6,0,6,7,145,143,43
68358,68,18,71,54,6,0,7,5,0,0,21,60,13
2A358,2A,4,10,9,7,4,0,0,0,3,0,14,5
80359,80,9,48,29,7,0,3,4,0,3,10,24,11
62359,62,10,94,48,13,0,8,2,17,4,53,42,11
02359,02,25,191,92,19,5,2,4,24,6,99,83,18
76359,76,8,25,21,1,2,2,1,0,1,0,20,10
27359,27,4,31,28,2,3,0,0,4,0,17,23,6
57359,57,3,22,23,2,0,6,0,1,4,15,19,3
49359,49,15,51,79,21,6,5,0,0,4,31,69,15
60359,60,0,23,17,8,0,0,0,7,6,15,13,9
59359,59,143,862,620,161,20,33,14,16,24,604,538,184
21359,21,6,7,6,7,0,0,0,0,5,0,5,0
64359,64,23,68,127,34,0,3,5,25,3,103,86,33
91359,91,68,177,297,89,11,11,3,13,13,222,211,82
25359,25,3,23,19,6,0,0,0,7,0,10,19,8
31359,31,0,3,5,0,1,2,0,10,0,8,2,5
70359,70,0,14,4,0,4,5,0,0,0,2,5,7
39359,39,4,0,2,0,5,3,0,0,0,0,0,1
55359,55,7,34,21,3,0,4,0,0,5,4,22,8
50359,50,74,310,347,90,20,29,5,0,4,227,305,81
51359,51,11,18,26,9,4,0,0,0,3,0,23,7
54359,54,3,26,25,9,0,0,0,20,0,26,17,5
52359,52,3,32,15,2,4,0,0,0,0,7,15,5
67359,67,49,157,147,31,9,2,0,16,12,110,144,41
77359,77,54,214,220,52,14,13,2,20,10,189,168,60
65359,65,1,0,1,3,0,0,0,2,0,0,4,4
88359,88,8,21,5,5,0,0,0,0,2,7,6,0
71359,71,20,59,63,18,4,0,1,0,2,38,50,20
33359,33,8,22,27,8,0,7,4,0,0,30,14,6
24359,24,5,10,15,0,4,1,0,0,0,1,4,7
38359,38,30,123,146,31,5,9,3,7,11,114,98,36
32359,32,2,22,20,4,0,1,0,7,0,16,18,2
01359,01,4,39,29,5,0,6,1,0,0,13,28,12
63359,63,5,8,11,4,0,5,3,2,3,11,5,6
17359,17,34,124,138,26,5,10,0,0,9,69,121,37
89359,89,12,49,34,10,3,7,0,7,0,27,44,10
11359,11,11,66,54,16,3,2,0,0,4,61,39,14
10359,10,17,77,48,8,0,6,5,0,7,5,52,11
28359,28,78,356,337,86,8,7,8,49,16,226,336,83
16359,16,29,95,119,34,3,6,1,0,9,88,85,36
72359,72,32,131,122,35,4,10,0,14,8,105,179,40
22359,22,10,30,50,17,5,2,0,0,0,45,35,14
26359,26,6,0,2,3,0,4,0,0,0,0,6,0
35359,35,19,51,115,34,5,5,5,0,7,73,68,31
68359,68,67,252,192,47,7,6,8,1,15,126,199,51
2A359,2A,10,50,30,10,0,4,4,2,6,19,38,8
973360,973,26,328,258,91,22,76,7,35,30,317,194,74
80360,80,53,339,232,55,11,12,0,5,11,192,191,38
62360,62,31,235,134,31,4,7,2,1,6,124,106,32
76360,76,13,62,54,16,7,0,2,3,3,55,51,10
27360,27,7,48,33,3,1,0,0,0,6,22,27,4
57360,57,34,137,111,20,6,5,1,12,7,86,81,28
33360,33,1,28,35,8,1,2,0,13,2,31,28,10
51360,51,14,43,30,5,4,4,0,0,2,18,33,7
14360,14,5,17,14,6,0,0,0,5,0,14,13,5
60360,60,119,722,436,105,29,25,9,28,17,372,381,102
59360,59,389,2320,1631,490,61,78,16,216,62,1710,1386,481
64360,64,3,22,25,13,0,2,0,0,6,20,25,8
21360,21,1,16,15,9,3,6,0,0,4,0,16,0
25360,25,6,15,17,2,0,2,0,3,0,15,16,6
31360,31,3,26,54,16,0,6,0,22,6,41,26,10
70360,70,4,3,8,6,4,0,3,0,2,0,10,1
39360,39,5,23,19,8,2,3,0,0,0,4,24,10
50360,50,7,20,28,9,0,0,5,8,1,23,20,7
55360,55,1,10,16,3,3,0,2,0,4,0,12,6
54360,54,11,56,47,7,1,0,2,0,5,35,26,14
52360,52,2,23,11,4,1,3,4,0,6,11,22,0
67360,67,36,147,137,29,2,6,0,0,5,75,137,35
65360,65,2,28,38,8,5,0,3,0,6,26,19,4
71360,71,51,214,209,49,8,15,1,0,5,162,162,59
88360,88,4,25,20,3,0,6,1,0,0,8,11,9
77360,77,17,50,40,7,2,6,0,2,6,34,33,10
08360,08,8,40,22,1,0,2,5,0,1,18,16,1
24360,24,6,30,38,16,2,0,0,13,4,40,26,7
61360,61,0,16,8,4,5,4,0,0,3,0,8,6
38360,38,8,45,43,15,0,0,3,15,0,34,40,9
32360,32,4,15,9,6,1,2,0,0,0,6,17,10
63360,63,1,18,20,9,3,0,0,1,4,17,17,11
01360,01,41,160,152,38,0,2,3,2,4,96,136,39
89360,89,6,49,33,8,4,2,2,10,7,29,30,6
11360,11,38,297,210,69,14,16,1,4,5,217,153,73
10360,10,25,129,74,10,4,7,0,2,2,52,94,14
28360,28,37,125,103,27,14,4,0,3,4,62,100,31
17360,17,113,412,462,114,24,15,12,32,6,386,437,132
16360,16,6,47,58,17,3,8,0,0,2,37,43,16
72360,72,30,163,159,40,11,8,5,0,2,119,220,43
22360,22,145,637,1039,324,14,64,3,58,23,734,682,334
26360,26,11,70,67,24,4,3,0,17,6,62,57,17
02360,02,57,451,225,62,10,14,3,21,11,205,208,43
35360,35,388,1191,2540,767,70,99,31,119,50,1632,1603,706
68360,68,22,82,54,13,5,9,0,6,9,41,61,11
2A360,2A,0,27,20,1,4,3,0,0,4,14,31,0
973361,973,7,103,76,20,11,24,3,5,8,110,70,28
80361,80,0,9,8,2,0,0,2,11,0,5,5,0
62361,62,67,497,247,67,8,11,7,33,8,273,192,78
02361,02,108,771,403,95,24,13,7,6,21,319,354,86
76361,76,16,78,76,24,1,9,2,0,0,62,56,17
57361,57,23,80,64,17,2,0,5,1,0,45,53,11
27361,27,8,47,36,12,1,0,4,9,0,26,26,7
50361,50,3,27,26,8,4,0,0,0,0,11,26,9
51361,51,0,16,10,2,2,0,4,7,0,9,13,2
35361,35,30,73,159,52,4,11,0,0,0,103,95,55
60361,60,18,88,54,15,5,3,1,0,3,45,57,15
59361,59,72,423,283,72,19,16,4,7,10,300,237,81
64361,64,8,16,20,5,2,4,4,0,0,9,10,10
21361,21,11,58,59,9,4,3,0,11,0,37,59,8
25361,25,21,85,83,24,0,6,0,0,1,44,68,21
78361,78,605,1807,3935,982,56,108,33,287,149,2225,3755,963
31361,31,13,48,73,19,0,8,4,0,7,49,44,21
70361,70,4,32,17,0,0,3,0,4,1,19,23,10
39361,39,3,29,26,1,6,0,0,0,0,15,22,1
55361,55,6,24,11,0,0,0,0,0,5,5,13,5
67361,67,12,61,60,8,0,7,1,13,6,36,52,16
65361,65,5,5,14,5,0,0,0,10,1,9,3,0
77361,77,7,38,53,7,0,0,0,30,0,35,32,8
71361,71,0,11,9,5,1,0,0,6,0,5,3,0
88361,88,39,182,126,42,3,9,8,4,8,112,115,34
08361,08,45,280,142,44,2,10,1,5,2,153,132,44
33361,33,9,42,64,12,0,3,5,17,2,57,35,14
24361,24,16,45,47,15,1,4,0,10,0,58,32,15
61361,61,8,20,24,7,0,0,5,0,2,0,19,7
38361,38,0,0,16,8,4,0,4,0,5,0,7,3
32361,32,6,10,18,2,0,6,0,2,4,17,10,7
01361,01,49,175,164,43,4,6,5,20,11,109,159,41
17361,17,1,15,17,2,0,0,0,10,0,8,16,0
89361,89,12,35,22,3,0,0,0,11,1,23,20,1
11361,11,12,112,73,20,2,0,5,0,3,79,61,29
10361,10,6,32,25,5,5,0,0,0,0,8,28,0
16361,16,11,28,41,10,3,0,0,0,1,31,25,15
72361,72,13,45,38,9,2,3,0,10,0,34,69,12
22361,22,11,49,89,25,0,8,2,13,7,70,53,28
26361,26,4,22,23,8,0,0,0,0,5,2,18,4
49361,49,41,130,222,49,3,8,1,24,8,135,202,50
68361,68,19,51,31,10,4,3,0,6,0,25,38,9
2B361,2B,4,44,25,8,0,1,5,3,3,18,42,10
80362,80,4,49,40,9,4,7,0,0,0,22,29,2
62362,62,3,45,19,1,0,0,1,4,0,22,23,10
02362,02,9,38,18,4,5,5,0,0,0,18,17,10
76362,76,6,41,29,10,6,7,0,0,1,21,33,11
57362,57,9,25,20,4,0,0,5,0,1,10,17,3
88362,88,9,15,17,0,6,4,0,0,0,0,9,8
72362,72,0,12,15,6,4,6,0,0,6,0,26,9
35362,35,19,52,133,38,0,8,0,0,6,73,86,35
14362,14,1,24,29,11,0,0,5,0,3,0,18,9
60362,60,1,31,16,10,0,1,0,1,3,26,24,5
64362,64,5,22,46,11,0,0,4,10,0,26,25,16
21362,21,0,7,20,6,3,6,1,0,4,0,16,5
25362,25,2,27,33,4,5,5,4,0,0,24,22,8
78362,78,305,912,2096,486,38,41,17,132,80,1165,1987,509
54362,54,27,153,139,41,1,2,3,30,2,118,97,32
51362,51,20,77,57,20,7,1,0,0,5,39,72,18
31362,31,8,14,34,8,0,5,0,0,3,25,12,5
70362,70,8,23,16,1,6,6,4,0,3,11,13,0
39362,39,68,303,272,66,9,16,1,21,15,260,237,61
50362,50,13,28,40,5,0,3,3,9,0,22,28,15
55362,55,6,25,22,6,1,0,0,0,5,5,15,7
52362,52,10,22,20,8,6,1,0,0,1,0,18,0
67362,67,19,85,72,20,0,7,0,0,0,47,76,13
973362,973,5,155,109,25,3,32,6,0,5,151,99,34
65362,65,28,99,151,45,2,2,0,24,3,130,88,36
71362,71,11,44,38,14,3,0,0,0,0,17,28,15
08362,08,154,980,541,144,28,36,7,90,22,516,517,146
33362,33,23,118,183,57,8,14,4,8,1,144,122,48
61362,61,11,72,58,9,7,5,0,0,0,44,77,20
32362,32,6,14,22,3,4,0,0,0,4,12,11,5
38362,38,28,130,138,36,0,7,0,0,11,112,94,43
63362,63,19,79,110,36,2,11,2,8,4,85,66,31
01362,01,19,88,82,24,6,0,6,4,7,59,77,15
17362,17,10,28,33,6,0,4,0,7,0,31,27,3
89362,89,2,26,15,7,3,0,0,8,0,19,13,9
11362,11,4,30,25,2,0,0,2,0,6,14,21,3
28362,28,16,65,60,13,0,2,5,0,0,33,61,19
10362,10,301,1421,878,190,29,46,17,71,48,628,1088,189
16362,16,14,33,52,7,1,4,0,2,6,32,29,10
22362,22,43,170,258,76,7,10,6,4,2,193,170,76
24362,24,36,135,170,42,4,13,5,25,2,153,119,43
26362,26,1304,5891,5357,1462,225,279,85,342,270,4783,4569,1470
49362,49,34,100,147,34,4,7,0,5,5,106,144,31
68362,68,28,80,57,9,2,9,0,7,5,48,71,17
2A362,2A,50,416,266,39,18,11,0,51,9,199,387,53
62363,62,8,59,35,15,2,1,1,1,0,40,22,15
02363,02,14,55,35,10,1,0,0,0,4,24,33,7
76363,76,21,54,44,21,6,8,3,0,7,32,42,15
27363,27,4,31,21,10,0,0,2,0,4,12,23,11
77363,77,31,141,145,37,5,0,5,35,7,132,119,35
71363,71,2,19,14,0,3,0,0,0,2,7,10,3
60363,60,10,31,26,2,5,0,3,0,0,21,16,8
59363,59,18,119,78,27,8,7,6,6,2,87,71,29
64363,64,8,22,42,15,1,2,0,10,0,31,27,16
21363,21,8,44,46,10,6,0,4,0,7,8,46,15
91363,91,269,597,978,249,25,32,12,76,46,790,680,240
54363,54,6,41,27,13,0,0,4,0,0,17,25,9
51363,51,9,40,23,6,0,0,0,11,0,13,30,3
31363,31,5,16,33,11,0,0,0,0,3,20,19,12
70363,70,20,96,57,17,0,1,0,25,2,51,59,9
39363,39,1,15,7,6,4,0,0,9,0,10,6,2
55363,55,3,8,5,0,1,0,5,12,0,4,4,4
50363,50,35,128,171,43,2,6,2,22,2,114,139,42
52363,52,7,16,11,0,0,0,0,0,1,8,14,1
67363,67,31,113,94,26,7,1,5,0,1,43,100,25
65363,65,7,42,63,20,3,7,2,13,1,62,33,14
35363,35,95,265,618,201,10,22,7,52,11,366,376,183
88363,88,0,21,16,0,3,2,0,14,0,14,9,7
08363,08,141,943,532,153,24,30,12,77,24,531,507,141
33363,33,77,407,567,166,9,29,3,61,17,441,361,170
61363,61,1,16,10,2,0,2,0,0,1,1,17,4
38363,38,23,94,109,26,2,0,4,4,2,96,77,30
63363,63,9,26,48,14,2,0,2,0,4,36,24,14
01363,01,47,217,201,43,0,2,6,21,8,135,189,41
17363,17,10,43,58,16,2,0,2,0,5,43,43,10
11363,11,6,35,24,6,0,3,2,0,5,16,11,2
10363,10,14,84,47,16,4,4,4,0,1,29,64,14
32363,32,5,4,8,0,3,5,0,11,0,11,4,0
89363,89,7,8,10,1,3,0,4,0,0,0,13,1
28363,28,30,115,109,19,0,7,0,5,2,68,106,22
16363,16,7,55,61,8,7,1,6,0,0,44,39,13
22363,22,24,107,184,61,3,13,0,0,4,119,125,54
72363,72,29,149,152,39,0,13,0,39,4,101,211,40
26363,26,0,1,6,2,3,3,0,0,4,0,0,3
68363,68,23,80,62,17,0,8,3,1,0,39,67,11
2A363,2A,0,20,8,0,0,0,0,5,4,4,8,4
24364,24,11,72,75,25,1,4,1,5,5,62,53,22
80364,80,24,122,88,20,6,1,1,0,2,46,71,23
62364,62,44,332,169,41,11,13,0,0,7,170,132,48
02364,02,5,50,19,7,1,0,3,0,1,15,18,6
76364,76,7,27,26,5,0,4,1,12,0,27,25,5
57364,57,5,37,32,12,4,3,2,3,3,21,17,5
71364,71,10,17,24,5,0,0,2,0,0,2,17,7
27364,27,5,28,17,2,1,5,5,0,6,10,13,0
77364,77,8,30,23,8,5,4,5,0,0,1,19,8
60364,60,18,104,62,17,3,0,2,0,4,56,58,17
14364,14,7,49,57,21,0,4,1,0,5,30,42,12
59364,59,14,98,81,24,2,4,6,0,0,84,67,16
64364,64,6,45,81,17,4,0,5,24,0,64,48,23
21364,21,3,15,8,0,3,0,0,0,2,1,9,5
25364,25,37,190,172,45,1,10,5,30,4,156,164,43
78364,78,14,52,105,20,5,0,5,0,9,40,100,19
31364,31,54,226,375,108,2,14,5,115,5,338,243,130
70364,70,4,15,15,1,2,5,4,0,0,6,10,3
39364,39,10,58,56,12,1,0,2,0,0,45,43,13
55364,55,23,104,58,11,2,2,0,31,0,44,63,18
50364,50,22,58,84,15,5,0,0,9,0,56,72,19
51364,51,6,6,13,1,0,0,3,0,0,0,6,3
54364,54,35,167,140,46,10,4,3,35,4,128,117,35
52364,52,9,22,15,6,4,1,0,0,0,0,14,4
67364,67,29,120,116,26,3,10,4,0,1,67,117,22
65364,65,2,0,0,2,5,0,0,0,2,0,0,5
88364,88,5,31,17,5,4,3,0,0,0,9,15,4
08364,08,0,24,7,7,5,0,0,0,0,0,7,7
33364,33,2,26,46,7,0,8,1,20,5,39,23,8
32364,32,0,4,5,0,0,3,1,18,0,10,4,2
38364,38,13,51,51,11,5,0,0,0,10,40,37,16
63364,63,9,43,71,14,0,8,1,0,0,60,39,17
01364,01,21,87,81,15,7,0,0,0,0,52,78,12
17364,17,9,53,47,16,4,7,1,0,0,36,50,8
11364,11,3,28,22,2,4,2,4,0,1,2,14,4
89364,89,15,51,41,4,0,5,0,0,4,28,34,6
10364,10,7,3,9,2,0,5,5,0,0,0,8,6
28364,28,25,94,81,14,2,5,1,4,1,54,74,20
16364,16,0,4,6,1,0,0,0,14,0,3,7,0
22364,22,67,224,365,116,8,9,10,24,4,276,243,123
72364,72,28,157,147,49,8,2,2,11,6,132,199,36
26364,26,4,35,38,12,3,3,2,0,7,28,31,15
49364,49,27,83,145,33,2,9,2,0,0,81,129,36
68364,68,34,138,87,20,8,4,2,0,9,62,111,27
2B364,2B,3,5,5,0,0,4,2,4,0,6,8,3
80365,80,9,30,22,0,0,0,5,0,0,1,16,4
62365,62,0,27,11,6,4,0,3,0,2,12,16,1
76365,76,0,18,13,0,0,0,0,14,4,17,9,10
57365,57,8,71,49,13,2,4,3,4,5,36,39,10
77365,77,13,50,56,11,5,0,3,9,3,51,48,8
51365,51,23,132,96,27,1,8,1,10,7,74,114,21
60365,60,16,62,45,6,0,6,1,1,0,41,43,7
14365,14,81,290,360,95,12,28,9,1,9,233,296,98
59365,59,129,635,458,136,14,14,13,27,27,467,379,131
27365,27,55,263,168,51,11,6,0,6,13,158,160,42
21365,21,6,7,10,4,0,2,0,0,0,2,9,0
64365,64,5,24,55,16,0,7,1,27,0,36,38,20
25365,25,4,28,38,10,0,2,0,9,2,24,29,9
95365,95,15,43,76,23,0,7,0,2,9,61,52,20
54365,54,7,57,47,16,0,3,2,0,2,33,33,19
39365,39,36,140,128,29,7,12,1,0,9,109,111,24
31365,31,6,34,57,11,4,4,0,0,6,38,36,23
50365,50,15,49,59,10,2,1,4,0,7,27,45,11
55365,55,3,25,20,0,2,0,0,0,0,12,16,1
52365,52,14,64,28,7,5,6,0,0,0,26,30,8
67365,67,339,1319,1144,259,32,61,24,95,55,726,1110,267
88365,88,8,23,11,9,6,4,0,0,0,0,17,4
71365,71,13,65,56,18,1,0,1,0,0,45,49,12
08365,08,25,182,104,23,8,12,0,25,2,102,107,29
33365,33,8,23,32,8,0,4,4,0,3,3,17,8
24365,24,9,23,27,13,4,3,0,0,2,22,21,7
61365,61,13,54,49,9,1,0,5,0,0,21,60,13
38365,38,14,82,106,21,0,0,0,34,2,77,69,22
32365,32,2,18,23,11,4,2,0,22,0,19,16,13
63365,63,6,39,57,16,7,1,0,1,0,55,41,19
01365,01,37,134,117,31,1,7,0,0,8,68,111,21
17365,17,15,46,59,15,0,1,0,4,0,50,46,17
89365,89,12,84,52,10,7,5,4,0,0,37,58,11
11365,11,2,0,10,6,0,4,1,0,1,0,0,1
10365,10,1,15,9,3,0,3,0,18,0,10,10,0
2B365,2B,6,53,35,9,0,3,1,0,3,9,47,9
28365,28,9,48,32,7,4,1,0,2,7,26,36,13
16365,16,3,10,13,2,1,0,3,0,1,4,10,0
22365,22,1,24,34,15,1,0,0,0,1,11,19,14
26365,26,13,79,73,26,8,3,1,13,1,60,59,15
68365,68,72,275,186,48,9,9,5,0,12,146,213,39
2B366,2B,1,31,16,8,3,0,0,8,3,10,35,6
80366,80,12,79,58,14,1,0,0,0,0,26,40,13
62366,62,7,55,28,12,5,5,0,12,0,38,24,5
02366,02,4,60,21,7,0,3,4,0,6,26,22,3
57366,57,1,21,12,5,1,0,5,0,2,13,7,0
76366,76,97,464,414,111,13,30,6,18,14,375,338,108
77366,77,11,29,23,8,0,4,5,0,0,24,19,8
27366,27,3,30,29,1,0,6,5,13,0,15,16,7
14366,14,448,1692,2045,568,57,104,20,72,69,1468,1659,589
60366,60,14,53,28,11,6,6,0,0,0,23,32,8
59366,59,21,110,82,18,2,1,0,13,6,86,73,26
21366,21,3,28,23,10,1,0,2,0,0,10,25,11
25366,25,9,24,30,9,1,2,1,0,1,11,18,7
78366,78,7,20,58,8,4,0,0,3,4,38,59,14
64366,64,0,11,21,5,5,0,0,0,0,17,8,7
54366,54,44,225,199,57,5,20,5,0,9,139,142,58
39366,39,1,22,26,6,0,2,0,6,0,27,19,0
31366,31,13,60,95,22,1,0,0,21,0,74,53,23
52366,52,3,16,5,0,0,0,0,0,0,6,10,4
67366,67,24,109,109,28,5,8,5,9,4,65,92,22
65366,65,20,93,129,32,1,9,2,12,8,107,67,35
88366,88,11,47,28,12,3,6,0,0,2,24,27,4
71366,71,14,46,46,9,5,0,0,1,2,32,33,12
08366,08,24,92,60,11,6,10,0,8,14,45,45,14
24366,24,13,79,84,21,5,6,0,30,6,91,73,24
33366,33,194,855,1223,363,32,64,12,147,41,1040,793,363
61366,61,0,23,17,9,0,2,5,0,0,0,15,2
38366,38,13,40,35,14,0,6,1,0,7,16,35,14
32366,32,0,7,12,4,5,0,0,3,4,5,4,3
63366,63,7,27,50,7,0,6,0,0,1,42,33,17
17366,17,12,51,58,15,6,3,3,0,7,23,39,15
01366,01,20,107,100,18,5,5,0,0,1,67,99,18
11366,11,9,71,55,18,1,3,1,0,0,62,38,22
28366,28,6,35,36,7,1,0,0,5,5,17,29,4
10366,10,0,0,11,6,3,4,2,0,0,0,7,6
16366,16,45,203,247,53,16,19,3,53,7,191,176,63
22366,22,12,30,58,14,3,0,4,1,4,46,46,13
55366,55,37,156,89,21,3,13,1,1,10,65,87,21
72366,72,8,40,27,11,4,0,3,0,5,25,44,8
70366,70,6,14,16,0,3,1,4,4,4,5,6,1
68366,68,30,115,82,24,0,0,1,0,10,52,85,20
49367,49,144,436,680,158,25,27,14,69,19,399,590,152
80367,80,4,27,16,0,4,0,3,12,6,12,12,7
62367,62,14,115,67,18,5,7,1,0,0,67,56,16
02367,02,4,21,15,2,3,0,1,0,3,12,17,2
76367,76,64,334,305,89,16,19,3,60,0,296,229,80
57367,57,7,28,23,10,6,0,2,0,2,15,20,2
10367,10,25,93,63,13,2,8,5,0,1,23,72,13
51367,51,34,134,102,21,4,8,2,4,7,82,111,22
77367,77,8,20,32,8,0,1,0,0,0,23,25,3
27367,27,47,216,162,36,1,13,2,0,6,122,153,45
14367,14,11,46,54,8,0,0,0,11,0,34,42,18
60367,60,13,38,28,3,1,0,0,11,3,18,19,9
59367,59,266,1544,1084,304,44,59,18,90,56,1131,930,316
21367,21,7,27,30,11,0,6,3,0,3,3,20,4
25367,25,111,508,467,114,5,29,9,11,18,376,425,116
78367,78,57,221,471,110,5,11,8,16,16,267,425,121
64367,64,12,59,117,32,3,10,2,34,4,89,84,34
54367,54,53,271,244,56,7,19,4,18,8,197,159,70
70367,70,2,27,11,0,2,6,1,0,6,19,17,2
31367,31,0,10,12,1,0,1,2,17,0,8,6,2
39367,39,63,270,225,50,9,10,5,46,20,218,210,57
55367,55,0,14,10,4,2,4,5,0,0,3,5,5
52367,52,6,0,0,0,0,5,1,0,4,0,0,0
67367,67,48,151,146,35,2,5,4,17,9,99,139,34
65367,65,7,20,13,6,4,2,3,0,0,4,16,5
88367,88,137,611,420,93,16,34,11,40,29,360,383,108
71367,71,9,44,37,13,0,5,0,13,2,27,34,13
08367,08,48,337,179,55,11,4,1,42,2,172,190,60
24367,24,2,25,24,6,1,1,0,0,6,14,10,11
33367,33,10,29,44,19,0,2,0,1,4,48,34,15
61367,61,2,19,22,2,4,1,1,0,5,5,23,0
32367,32,5,12,6,5,4,0,1,0,1,2,5,0
63367,63,4,13,20,8,3,0,2,0,0,0,8,9
01367,01,12,72,64,11,6,1,0,2,2,48,61,9
17367,17,6,17,18,4,0,0,0,0,3,0,19,3
89367,89,25,81,62,8,0,5,6,2,0,56,53,12
11367,11,19,117,82,25,4,10,0,0,7,100,61,31
28367,28,8,39,37,14,2,0,0,2,0,25,43,7
72367,72,8,72,60,19,4,0,0,17,0,48,88,11
26367,26,25,94,77,24,5,5,0,7,6,72,70,23
68367,68,35,157,106,25,4,6,2,31,4,82,129,25
80368,80,99,684,476,89,24,24,3,56,26,366,371,94
62368,62,6,27,18,8,5,3,0,9,3,12,8,0
39368,39,102,397,342,65,16,25,4,29,1,312,314,75
02368,02,17,105,47,10,7,6,0,2,0,44,40,16
76368,76,9,40,26,7,2,0,0,4,0,27,30,13
57368,57,80,389,287,67,13,6,5,11,13,232,213,81
59368,59,454,2661,1923,537,79,105,28,121,73,1962,1585,522
28368,28,11,30,26,2,3,0,0,0,1,6,23,0
27368,27,12,50,34,10,6,2,1,0,3,26,33,13
14368,14,4,27,32,10,6,1,0,11,0,35,25,12
60368,60,65,340,212,54,17,4,1,19,18,183,210,53
21368,21,7,28,25,3,0,6,0,8,0,21,30,9
25368,25,28,150,144,29,3,5,0,34,4,108,129,26
78368,78,33,108,252,59,0,1,6,0,11,119,238,60
64368,64,8,13,34,7,1,0,2,3,0,27,24,15
54368,54,9,21,20,10,4,0,0,0,0,0,10,5
51368,51,6,5,4,7,1,5,3,0,0,0,7,1
31368,31,3,21,31,13,5,5,0,0,1,14,12,14
70368,70,1,25,12,5,0,0,4,0,2,1,13,7
55368,55,3,22,16,9,4,0,0,18,0,8,10,0
50368,50,3,3,3,4,0,0,1,0,4,3,10,2
67368,67,55,222,197,42,2,5,0,6,12,123,193,51
77368,77,8,59,55,17,0,0,0,0,8,43,38,16
65368,65,2,6,7,3,0,0,0,1,0,2,0,0
88368,88,10,24,18,2,0,0,0,7,1,16,13,7
71368,71,9,50,41,10,1,4,4,0,0,20,36,14
08368,08,10,35,20,2,0,2,1,1,3,23,26,5
38368,38,22,106,123,33,7,5,6,0,7,79,87,35
63368,63,30,106,169,46,3,5,2,16,0,133,110,51
01368,01,25,87,80,16,3,0,0,0,6,61,84,20
89368,89,29,122,75,17,0,2,4,4,2,68,92,25
32368,32,17,55,61,19,4,0,0,16,8,50,56,18
11368,11,2,17,11,2,2,4,2,0,6,8,14,0
10368,10,29,142,96,19,3,0,2,29,8,62,103,15
16368,16,22,95,107,24,5,6,0,12,0,85,72,21
22368,22,10,63,107,31,4,10,0,0,4,59,68,27
72368,72,5,29,27,4,0,0,0,29,0,21,42,4
26368,26,14,48,45,12,0,4,1,0,0,7,38,15
49368,49,47,139,212,51,5,9,4,0,8,107,180,49
68368,68,46,188,134,34,3,12,6,10,13,93,142,27
80369,80,6,38,24,3,3,5,4,0,4,11,23,2
62369,62,15,125,62,24,2,9,3,13,3,64,51,17
02369,02,7,44,25,7,0,0,3,3,0,20,19,0
76369,76,9,67,53,13,0,0,0,16,0,63,44,22
08369,08,0,17,14,3,5,0,0,5,0,11,10,8
27369,27,0,17,12,0,0,1,0,0,0,7,13,8
14369,14,11,24,29,12,5,0,0,0,0,21,26,14
60369,60,43,264,159,35,3,10,0,6,8,144,153,41
21369,21,9,35,33,10,4,4,4,0,4,18,39,4
59369,59,106,550,380,122,8,22,7,13,16,410,327,110
95369,95,44,216,308,94,3,2,6,25,16,313,221,82
25369,25,5,12,11,0,4,0,0,8,5,11,17,4
64369,64,7,18,34,14,0,0,0,6,6,35,26,15
54369,54,10,79,68,22,3,2,1,0,7,57,47,21
51369,51,5,44,39,5,0,0,1,0,6,23,38,10
70369,70,2,1,3,5,0,0,5,0,3,0,6,4
31369,31,0,0,4,0,4,0,0,5,5,8,0,0
55369,55,29,124,72,20,7,2,4,6,7,51,74,25
50369,50,17,73,98,21,0,6,0,15,5,66,75,31
52369,52,6,11,13,0,0,3,0,0,1,0,10,5
67369,67,7,30,35,10,5,5,1,0,3,9,36,5
77369,77,21,72,79,12,7,0,0,0,5,72,55,16
65369,65,15,65,89,26,4,2,5,0,6,76,53,21
88369,88,52,271,183,49,7,9,6,13,9,157,169,40
71369,71,14,44,47,11,0,0,5,15,2,34,34,12
33369,33,15,61,85,21,0,8,1,18,8,65,57,20
61369,61,33,106,101,30,2,4,0,13,5,70,126,24
63369,63,3,19,18,4,0,1,0,0,0,16,14,2
01369,01,33,124,116,22,2,9,5,0,6,81,99,20
17369,17,44,198,236,49,8,9,5,23,10,158,204,63
89369,89,15,70,46,11,0,7,4,0,6,17,53,15
38369,38,30,113,125,37,7,1,2,0,0,79,86,33
32369,32,10,37,36,10,0,6,3,0,2,33,33,18
11369,11,54,372,266,81,11,20,5,48,1,287,210,78
28369,28,21,81,64,22,5,0,0,0,1,40,71,18
10369,10,2,21,15,4,0,0,0,12,6,8,20,1
16369,16,32,119,136,27,9,9,3,0,2,86,95,29
22369,22,20,71,104,33,2,11,1,0,0,76,64,38
26369,26,3,11,7,0,0,0,0,0,2,6,12,3
72369,72,14,53,50,16,0,0,0,2,0,49,71,20
49369,49,40,101,177,33,9,7,0,0,10,90,154,42
62370,62,4,21,15,3,0,6,0,0,0,0,8,6
02370,02,14,82,38,7,4,0,0,18,5,36,33,6
76370,76,15,49,39,15,1,0,2,3,0,41,36,19
57370,57,67,294,234,54,12,6,5,37,11,177,177,58
14370,14,60,280,315,98,10,20,6,20,16,233,269,81
27370,27,12,48,36,14,2,0,0,0,5,20,35,11
60370,60,30,194,127,26,9,7,0,0,7,109,101,22
21370,21,21,96,115,25,3,0,0,25,0,89,92,28
59370,59,15,83,65,23,7,1,0,6,2,68,61,14
95370,95,72,248,394,105,9,8,2,39,20,346,285,100
25370,25,61,269,264,62,14,22,9,7,22,185,247,63
64370,64,6,34,67,17,0,4,1,36,0,57,44,23
54370,54,4,34,26,10,4,3,0,0,2,11,15,9
51370,51,8,36,25,9,1,0,4,0,0,17,27,7
31370,31,7,11,20,5,4,5,1,0,6,8,10,10
39370,39,25,88,78,26,7,7,5,0,8,69,84,26
55370,55,5,29,18,7,0,4,0,1,5,19,14,10
50370,50,12,51,74,24,6,7,6,0,6,22,66,20
52370,52,13,44,23,4,0,0,0,12,5,17,29,3
67370,67,27,79,85,17,2,7,4,0,0,45,83,24
77370,77,21,91,92,26,6,7,0,0,0,70,64,22
65370,65,24,113,167,42,0,2,0,40,9,138,92,38
88370,88,2,12,4,1,4,6,0,0,0,0,9,2
71370,71,22,77,58,13,7,1,5,0,0,52,51,24
08370,08,15,87,47,13,0,7,0,0,7,40,48,11
33370,33,7,42,58,19,2,7,3,0,7,46,41,20
24370,24,29,163,183,52,7,21,4,28,5,192,136,51
38370,38,23,83,79,17,2,2,0,10,5,67,62,19
61370,61,1,21,23,7,0,3,5,0,1,1,20,0
32370,32,18,86,107,33,7,2,0,41,9,100,80,31
63370,63,9,29,51,15,6,5,5,0,2,39,27,17
01370,01,32,167,141,30,4,10,0,0,12,95,144,29
89370,89,49,201,121,27,0,11,0,5,3,108,134,30
11370,11,72,465,310,101,6,11,6,36,12,357,230,87
28370,28,8,60,48,9,3,4,0,0,0,33,49,9
16370,16,26,122,146,33,7,7,0,22,0,119,96,30
10370,10,9,30,25,2,0,4,2,0,0,11,29,0
22370,22,10,33,50,17,2,1,0,0,0,27,34,19
26370,26,3,18,17,0,4,0,0,0,0,10,7,5
72370,72,9,28,18,1,0,3,0,16,0,16,32,1
49370,49,14,46,68,12,7,8,0,0,0,32,59,11
68370,68,10,20,15,8,0,0,2,10,4,8,16,0
80371,80,0,13,11,0,0,0,4,9,0,5,9,0
62371,62,52,373,203,58,14,3,9,9,2,194,160,51
02371,02,34,264,127,30,2,10,0,0,10,126,125,36
57371,57,18,84,63,9,5,9,5,0,8,28,54,15
67371,67,19,67,52,9,0,1,4,1,1,42,56,14
71371,71,47,191,188,55,3,7,0,18,5,144,167,48
59371,59,21,95,74,25,3,2,4,6,0,67,60,14
50371,50,8,43,46,14,0,4,0,7,2,30,40,12
76371,76,0,8,4,2,3,5,4,0,0,0,10,0
21371,21,23,92,104,20,4,6,5,0,2,71,94,25
14371,14,139,605,728,206,29,37,11,39,26,525,621,214
27371,27,3,25,12,0,6,4,3,0,6,0,19,2
60371,60,0,28,16,6,6,2,0,0,0,6,12,8
95371,95,126,425,630,166,9,15,3,71,35,572,442,177
64371,64,53,178,364,97,10,19,2,108,16,264,231,111
25371,25,3,23,18,8,4,5,5,0,6,15,15,4
54371,54,26,149,131,27,4,8,0,0,5,105,86,35
51371,51,0,0,8,3,0,0,3,0,0,0,8,6
70371,70,12,41,21,5,0,7,0,0,0,7,20,5
31371,31,9,47,67,20,0,1,3,0,3,40,44,24
55371,55,0,11,3,4,2,0,0,1,0,5,7,4
52371,52,8,12,10,6,0,3,1,0,6,0,15,7
77371,77,62,283,270,67,7,9,2,39,15,249,222,60
65371,65,2,24,25,7,3,4,0,17,0,21,12,9
88371,88,41,167,121,36,1,6,0,26,1,93,108,29
24371,24,11,51,53,20,0,2,0,0,0,48,35,11
61371,61,7,10,14,6,0,0,3,0,3,0,21,7
32371,32,3,0,15,2,3,4,1,0,0,0,12,7
63371,63,9,22,27,13,0,0,3,0,0,18,23,10
01371,01,37,140,140,26,0,7,0,19,8,102,131,26
89371,89,4,10,14,6,4,0,0,0,0,3,6,0
11371,11,18,90,64,24,0,0,0,24,4,78,47,24
28371,28,29,109,92,29,0,1,2,2,8,78,105,22
10371,10,6,47,33,7,0,0,0,6,2,15,35,5
22371,22,25,81,132,39,4,4,0,14,1,105,101,39
49371,49,44,127,203,57,9,12,0,0,8,124,193,52
26371,26,2,5,4,2,0,0,1,2,4,4,0,0
68371,68,17,48,31,12,0,0,3,0,0,19,47,10
80372,80,2,15,11,3,0,3,0,1,3,7,15,7
62372,62,9,30,19,2,0,5,0,0,2,2,11,7
02372,02,7,55,28,8,0,0,3,0,6,22,21,9
76372,76,11,45,36,10,0,3,0,1,6,40,26,10
57372,57,32,175,144,36,11,12,0,20,12,109,104,36
27372,27,18,76,49,8,0,5,5,10,6,43,57,16
60372,60,20,85,59,19,4,0,3,0,3,44,51,13
21372,21,0,5,11,8,5,5,0,0,0,0,13,0
59372,59,19,74,58,9,0,0,5,12,6,50,38,9
78372,78,318,980,2164,515,33,19,18,93,91,1234,2070,508
64372,64,6,5,17,6,0,0,2,4,0,11,5,4
54372,54,9,72,62,15,0,0,4,0,6,52,41,16
51372,51,14,84,61,17,2,5,5,0,7,24,55,10
31372,31,12,40,59,15,0,1,0,14,0,48,36,16
70372,70,0,26,16,0,0,2,0,17,0,12,12,1
39372,39,1,18,13,0,0,0,5,0,4,1,12,1
25372,25,7,30,22,8,2,1,0,0,0,21,32,5
55372,55,9,60,40,13,2,8,0,0,0,19,40,11
50372,50,7,18,19,1,1,0,2,0,5,6,19,7
52372,52,1,24,11,4,1,0,1,2,2,4,6,0
77372,77,103,364,378,84,1,18,6,14,18,335,275,80
65372,65,11,65,75,23,0,5,5,8,7,64,47,27
88372,88,196,829,544,148,23,28,21,121,16,457,490,139
71372,71,58,227,196,59,6,7,2,2,9,166,165,51
08372,08,0,10,11,5,0,0,0,0,0,0,10,0
33372,33,0,10,5,0,0,0,5,5,0,8,4,0
24372,24,121,528,597,169,7,39,10,44,17,589,475,165
38372,38,18,62,80,22,0,5,4,0,0,58,59,15
32372,32,6,20,36,13,2,1,3,5,0,20,26,10
61372,61,8,21,22,1,0,5,0,0,2,11,15,2
63372,63,7,50,63,18,7,0,5,23,4,53,36,16
01372,01,7,53,41,7,0,2,0,1,7,37,50,15
17372,17,0,12,6,0,3,6,2,1,1,2,8,0
11372,11,6,60,40,8,0,6,0,3,3,42,31,13
28372,28,20,87,67,15,0,9,6,0,0,37,76,16
16372,16,0,14,16,4,6,2,5,0,0,15,10,9
10372,10,13,67,38,9,6,4,0,0,0,23,39,6
22372,22,26,146,269,75,0,12,5,17,13,159,181,74
67372,67,134,562,483,117,9,24,7,84,13,335,487,122
26372,26,6,0,1,5,0,3,0,0,0,0,4,6
72372,72,0,7,4,0,4,0,0,2,0,5,12,6
68372,68,71,235,172,45,6,7,3,2,12,131,204,39
80373,80,49,329,234,40,10,22,10,22,8,201,180,46
62373,62,24,175,103,24,9,8,3,7,9,107,69,28
02373,02,7,41,22,6,0,1,0,0,0,13,24,9
76373,76,11,30,36,12,0,6,0,0,1,19,30,6
70373,70,10,38,31,0,5,3,4,11,3,18,27,13
57373,57,26,111,87,23,5,1,0,0,8,65,75,16
25373,25,6,0,6,0,3,0,0,0,0,0,1,5
27373,27,8,25,8,0,6,0,1,0,0,10,11,2
49373,49,189,565,924,240,33,35,20,64,29,590,827,221
60373,60,18,123,77,20,1,0,4,0,5,61,70,11
64373,64,42,130,260,78,3,20,0,24,8,198,161,81
54373,54,12,73,62,16,0,0,0,0,7,44,43,21
51373,51,7,7,5,0,0,0,2,0,0,6,15,7
31373,31,1,15,17,2,0,6,0,8,0,15,17,7
39373,39,4,20,26,2,0,3,5,0,2,11,24,0
21373,21,23,94,101,28,8,7,2,0,6,68,85,22
55373,55,0,12,7,6,0,1,0,0,1,2,6,5
50373,50,0,12,14,0,0,0,5,0,3,7,7,2
52373,52,3,5,1,3,0,0,5,0,0,0,5,3
67373,67,10,46,34,13,5,0,1,0,1,12,35,14
77373,77,830,3119,3218,758,104,127,41,169,188,2686,2418,802
65373,65,1,18,18,3,0,5,0,5,0,24,19,5
88373,88,1,27,21,0,0,0,0,5,0,8,14,4
71373,71,58,220,203,47,11,6,0,0,10,142,164,56
08373,08,11,53,32,2,1,0,0,12,0,23,20,4
33373,33,13,46,75,24,6,9,0,0,6,41,42,21
24373,24,10,27,38,12,0,3,3,9,2,31,21,8
38373,38,25,133,152,41,3,2,3,11,5,115,98,41
63373,63,8,23,29,11,0,0,0,0,5,14,12,13
01373,01,33,110,93,24,7,2,6,0,5,60,98,26
17373,17,45,212,223,50,6,11,6,21,11,195,182,53
61373,61,7,37,27,11,6,0,0,0,0,5,33,12
32373,32,9,17,27,8,3,2,5,0,4,12,25,12
89373,89,16,90,68,12,2,9,3,0,0,52,70,17
11373,11,3,9,3,2,3,4,0,4,0,6,9,1
28373,28,90,359,315,63,19,7,8,22,25,212,307,79
10373,10,14,56,33,4,0,0,3,10,0,33,44,7
16373,16,1,23,26,8,0,5,3,0,1,16,24,11
22373,22,0,9,11,0,0,3,0,11,0,14,4,3
26373,26,3,37,26,10,0,2,0,10,0,23,24,7
72373,72,48,261,249,63,16,13,0,0,14,196,371,65
68373,68,10,40,27,13,5,6,0,0,0,28,34,10
80374,80,8,42,38,8,1,0,0,6,0,27,26,6
62374,62,8,21,12,5,6,3,0,0,0,0,15,7
76374,76,26,156,139,41,7,5,6,0,8,147,113,40
08374,08,1,11,13,0,5,0,1,0,0,0,13,2
57374,57,1,25,28,7,0,0,0,2,6,24,21,1
52374,52,9,48,21,2,5,7,0,3,0,15,31,6
02374,02,15,120,61,12,6,0,0,25,0,52,55,15
14374,14,8,16,23,5,0,2,0,0,3,0,9,9
27374,27,22,77,64,13,1,2,0,0,2,45,56,18
60374,60,65,354,230,58,12,7,7,30,4,195,190,55
21374,21,0,25,18,3,4,3,2,13,4,18,17,1
59374,59,15,69,47,9,1,0,4,1,2,45,46,8
91374,91,9,19,34,11,1,0,0,0,5,0,25,9
64374,64,18,70,153,48,6,11,1,40,0,114,101,40
25374,25,9,59,60,13,0,2,0,33,6,48,54,10
54374,54,16,72,60,11,1,4,2,0,7,36,38,17
51374,51,0,0,8,0,5,5,0,0,2,0,0,4
31374,31,19,88,123,48,6,8,0,0,5,120,79,43
70374,70,6,13,12,6,0,1,0,0,6,0,17,7
55374,55,1,6,13,3,1,2,5,0,0,0,9,5
50374,50,0,4,0,0,0,0,2,0,3,4,0,1
77374,77,54,204,202,48,12,10,11,0,19,167,157,53
65374,65,3,17,21,7,0,0,3,18,0,29,12,7
88374,88,1,0,0,0,0,5,0,0,5,0,0,0
71374,71,6,26,20,9,4,6,0,0,0,16,22,1
33374,33,20,72,97,24,4,10,0,0,1,72,63,21
24374,24,7,23,34,8,0,0,0,11,0,35,23,9
38374,38,79,375,402,111,17,13,0,48,17,329,285,113
61374,61,4,9,7,0,0,6,0,0,4,0,13,1
32374,32,0,21,20,10,3,1,0,3,0,19,10,11
63374,63,10,29,44,11,4,0,4,0,0,38,21,15
01374,01,57,234,201,53,3,12,4,0,11,114,196,49
17374,17,3,23,33,5,0,4,0,1,0,19,31,7
11374,11,3,0,8,0,2,0,3,0,4,0,0,0
89374,89,7,10,8,0,0,1,2,1,0,6,4,3
28374,28,19,58,50,11,0,2,0,0,2,37,54,8
16374,16,178,750,886,237,30,45,24,98,38,736,614,256
10374,10,6,22,15,7,3,1,0,0,3,11,13,7
72374,72,8,14,10,2,0,0,1,0,4,11,24,0
49374,49,35,118,211,46,6,14,4,16,9,119,173,44
26374,26,4,1,1,5,0,0,0,0,1,5,1,1
68374,68,267,996,732,146,25,42,14,90,35,523,828,173
61375,61,26,110,108,25,7,2,5,22,14,84,129,39
80375,80,8,56,33,4,4,0,0,13,0,33,27,8
62375,62,3,12,10,3,1,1,1,9,0,7,3,6
02375,02,0,30,11,1,1,1,3,0,2,14,6,3
76375,76,7,42,30,14,0,5,0,2,2,37,35,6
57375,57,7,30,21,5,3,0,3,0,0,11,17,5
14375,14,8,15,18,9,4,6,4,0,1,1,14,10
25375,25,11,60,58,17,0,7,1,10,8,43,60,14
27375,27,427,2228,1520,393,74,97,21,136,63,1257,1413,376
60375,60,9,61,32,5,0,1,0,11,0,34,39,9
21375,21,8,22,31,6,0,0,2,0,2,14,27,8
59375,59,108,644,481,136,16,17,1,6,31,477,386,119
54375,54,25,140,122,37,0,9,0,0,2,104,82,28
51375,51,7,43,37,12,0,3,5,0,0,14,33,12
31375,31,51,253,388,125,6,23,3,18,16,354,241,121
39375,39,2,13,7,0,0,1,0,14,0,13,5,3
64375,64,3,23,36,9,0,1,0,3,0,31,20,7
55375,55,7,0,10,0,0,1,0,0,5,0,12,5
52375,52,2,10,2,0,0,0,3,5,0,1,7,0
67375,67,42,190,160,33,9,10,0,0,13,110,149,43
65375,65,34,121,168,46,5,11,0,1,2,161,103,48
88375,88,20,80,58,18,3,0,4,0,7,19,51,12
08375,08,4,24,15,2,3,0,0,13,1,7,8,0
33375,33,9,40,55,19,2,2,0,0,7,14,37,21
24375,24,0,16,18,0,0,0,4,8,0,9,9,1
38375,38,6,20,26,6,0,3,0,0,0,0,19,6
32375,32,1,7,10,3,0,5,0,9,0,11,6,0
63375,63,6,18,20,3,0,6,4,0,0,9,13,7
01375,01,29,104,89,16,0,0,5,0,9,62,76,23
17375,17,32,115,139,26,1,7,1,20,9,107,106,28
89375,89,5,3,7,6,0,4,0,0,5,0,13,6
11375,11,0,11,2,0,0,0,2,0,0,3,0,4
28375,28,13,36,37,6,3,0,0,8,0,19,29,7
16375,16,10,38,36,11,0,1,1,0,4,25,33,15
10375,10,14,44,27,12,0,0,2,2,2,22,39,9
22375,22,17,56,105,27,5,1,0,0,0,66,62,33
72375,72,7,57,60,18,2,3,4,0,2,39,78,19
26375,26,0,0,6,0,0,0,4,0,0,0,2,0
68375,68,388,1516,1122,272,55,74,27,124,68,759,1253,265
80376,80,12,94,56,9,4,6,0,11,6,51,41,17
62376,62,46,437,232,59,5,20,9,5,10,227,168,68
02376,02,5,30,11,0,0,0,0,3,6,14,10,6
11376,11,0,8,4,1,0,0,3,10,3,4,2,2
57376,57,18,74,53,8,0,5,4,14,0,40,46,12
27376,27,8,37,22,8,5,0,0,0,0,14,23,7
60376,60,1,18,13,7,0,0,0,5,4,15,17,2
21376,21,5,6,11,5,4,0,1,0,0,0,11,5
91376,91,196,421,641,176,15,23,5,23,37,517,443,164
64376,64,18,59,98,36,0,9,0,28,0,86,75,31
54376,54,8,51,38,9,0,6,0,5,5,45,35,12
31376,31,4,12,9,2,0,4,4,0,0,7,12,0
51376,51,5,21,14,3,0,3,1,0,0,8,16,0
39376,39,4,9,5,0,1,0,0,0,0,5,8,6
25376,25,7,8,18,8,4,5,5,0,0,0,14,4
70376,70,21,81,60,13,8,1,0,0,6,36,52,12
55376,55,3,12,13,1,5,2,0,0,1,0,13,2
50376,50,15,44,49,17,7,8,2,0,2,19,46,18
52376,52,0,14,12,3,0,2,1,0,1,1,5,1
77376,77,20,84,73,24,0,1,1,7,4,65,64,16
88376,88,4,43,25,2,5,5,3,0,4,21,32,5
65376,65,0,24,30,10,0,0,3,2,0,22,10,2
71376,71,8,34,33,8,0,5,0,7,0,25,37,15
08376,08,8,35,26,6,1,0,0,0,3,14,15,10
24376,24,36,144,173,39,7,19,0,33,4,155,124,46
33376,33,142,686,991,285,28,54,13,49,50,801,612,295
38376,38,24,91,107,26,0,5,0,2,7,75,63,29
61376,61,20,108,86,26,7,1,4,0,0,69,97,20
63376,63,1,13,19,7,4,2,2,0,1,18,18,8
01376,01,87,368,348,75,8,10,2,43,22,228,308,72
17376,17,43,165,197,45,5,4,5,16,6,161,174,49
32376,32,5,9,11,1,4,5,3,10,0,20,7,4
89376,89,4,25,14,6,4,0,3,4,1,14,16,6
10376,10,5,22,11,8,3,5,1,0,3,0,14,4
22376,22,32,120,195,58,10,13,0,14,1,156,137,65
72376,72,20,72,70,16,8,4,4,0,3,55,89,21
26376,26,5,11,16,0,0,0,0,0,6,1,15,8
68376,68,442,1775,1283,288,64,74,13,133,104,898,1449,313
62377,62,31,170,84,30,10,5,3,0,8,81,74,31
80377,80,5,68,40,11,0,0,2,3,5,33,37,4
02377,02,7,28,13,3,4,0,0,0,5,12,7,2
76377,76,99,447,359,106,16,32,8,12,14,372,302,96
16377,16,8,9,13,5,0,1,3,0,5,9,5,1
57377,57,11,39,26,9,5,4,3,0,0,4,18,11
14377,14,11,71,79,17,0,2,0,20,0,54,74,20
27377,27,22,111,80,24,4,10,0,0,8,57,78,20
60377,60,12,55,32,4,3,1,1,0,1,13,31,12
21377,21,0,0,1,3,2,4,0,0,0,0,7,6
59377,59,38,260,189,54,2,5,6,8,9,206,147,53
91377,91,1311,2928,4707,1238,102,170,73,189,170,3793,3239,1217
64377,64,20,62,102,26,0,4,5,15,7,80,78,34
31377,31,8,51,97,26,5,0,4,16,2,80,61,23
54377,54,1,26,12,8,6,6,0,0,5,5,17,0
51377,51,0,0,5,0,2,0,0,0,5,0,5,6
39377,39,2,18,17,3,6,2,0,0,1,12,16,6
25377,25,1,24,25,7,0,4,1,0,0,15,14,7
55377,55,3,6,6,0,5,0,0,5,0,3,6,3
52377,52,14,31,25,8,6,0,3,0,6,9,38,15
67377,67,40,123,114,27,8,5,6,0,6,73,118,26
77377,77,69,213,214,61,0,7,2,5,9,190,157,60
88377,88,3,12,16,0,6,5,4,0,5,0,12,3
49377,49,145,467,748,193,24,39,1,75,26,459,669,178
71377,71,7,19,21,10,0,0,3,0,0,0,20,9
65377,65,8,12,18,4,5,0,0,10,1,21,17,3
08377,08,1,23,9,1,5,5,1,0,0,1,10,8
33377,33,3,11,6,0,0,0,2,0,0,7,11,0
24377,24,4,20,18,1,4,0,0,4,1,21,9,3
38377,38,78,342,395,108,5,10,0,15,24,337,257,95
32377,32,2,19,29,3,6,3,0,0,1,16,21,4
63377,63,14,38,54,13,3,0,1,0,3,33,33,17
17377,17,1,13,12,4,0,0,2,0,5,0,16,3
89377,89,1,8,6,5,5,0,1,0,5,0,8,2
11377,11,0,6,2,3,4,3,0,11,0,1,0,0
28377,28,54,225,186,42,9,8,2,40,3,151,179,46
10377,10,5,22,17,0,1,2,0,0,2,6,18,0
22377,22,18,85,146,42,6,9,5,0,6,99,87,43
72377,72,22,104,100,30,1,5,4,0,0,69,137,25
26377,26,29,141,121,31,6,12,5,31,6,113,109,31
68377,68,29,106,76,15,0,5,0,16,4,63,94,21
80378,80,6,7,9,3,0,0,0,0,4,3,2,1
62378,62,3,35,15,10,0,3,3,0,2,8,16,10
76378,76,49,236,202,52,11,13,2,0,9,212,176,58
39378,39,17,89,94,17,2,5,5,14,6,86,68,18
02378,02,4,23,8,3,1,2,5,10,6,7,9,4
27378,27,31,184,108,28,4,9,0,14,6,96,111,30
14378,14,4,35,30,6,0,1,5,4,1,30,25,10
21378,21,2,10,9,2,1,4,1,0,0,8,14,4
59378,59,872,5109,3683,1013,158,171,66,242,167,3792,3088,1058
60378,60,7,58,34,4,7,0,0,0,6,22,34,10
91378,91,13,18,42,8,0,3,5,0,7,14,31,11
64378,64,7,18,26,7,0,5,0,3,6,26,14,4
25378,25,10,36,32,12,0,0,0,0,3,21,35,12
31378,31,0,11,4,6,0,0,1,2,0,5,9,0
51378,51,8,42,36,13,0,0,0,11,5,27,36,3
54378,54,10,58,48,18,0,6,0,14,1,55,35,15
70378,70,42,229,148,29,3,12,3,32,6,116,126,39
55378,55,7,39,23,5,6,3,5,0,2,14,28,2
50378,50,18,59,57,13,2,0,6,2,7,39,56,16
52378,52,7,7,3,1,0,0,0,0,0,0,9,0
67378,67,145,536,475,112,24,19,3,10,30,278,445,117
77378,77,88,313,312,82,4,14,9,4,18,266,244,93
88378,88,7,11,8,2,0,0,0,1,0,4,13,2
65378,65,0,2,16,3,3,4,3,0,0,0,11,4
71378,71,47,197,189,46,4,5,3,17,8,145,150,48
24378,24,7,17,11,1,0,3,0,0,6,7,13,0
33378,33,29,126,174,55,11,6,1,10,7,149,112,55
38378,38,100,419,473,112,11,19,14,14,18,381,326,120
08378,08,1,14,9,2,5,5,5,0,1,0,6,0
32378,32,7,48,51,17,0,2,0,13,0,36,42,15
63378,63,22,76,126,26,0,1,4,29,8,93,69,27
01378,01,83,329,313,75,9,18,5,35,8,200,291,72
17378,17,13,45,56,11,0,6,0,6,0,40,40,10
89378,89,16,101,67,13,0,5,0,14,7,59,60,15
11378,11,0,27,18,4,6,0,0,10,4,27,14,12
28378,28,11,70,53,12,0,0,5,8,0,43,56,13
16378,16,14,61,70,21,6,0,0,11,0,62,44,15
10378,10,0,12,5,4,4,3,2,0,5,0,9,0
22378,22,4,23,23,14,0,0,0,0,4,10,23,10
72378,72,35,136,139,33,0,7,0,46,0,119,192,32
49378,49,53,188,291,76,8,13,4,1,9,195,265,78
26378,26,5,9,9,0,0,2,0,0,0,1,7,1
68378,68,14,49,34,14,0,2,0,6,6,21,44,4
80379,80,21,104,69,12,2,8,0,9,0,71,55,20
62379,62,5,63,36,7,0,4,1,0,4,29,21,13
26379,26,28,104,102,27,4,0,0,15,5,84,77,29
76379,76,4,24,14,8,0,1,0,0,0,19,15,5
57379,57,11,34,23,2,1,1,5,1,0,26,25,5
02379,02,3,35,21,5,4,6,3,0,4,13,15,6
55379,55,4,0,11,0,4,0,0,0,0,0,11,7
14379,14,10,43,53,9,6,0,0,5,3,29,35,7
27379,27,12,60,38,10,3,5,1,0,0,26,33,7
21379,21,0,21,25,4,1,4,0,0,3,0,23,7
59379,59,13,87,58,13,4,5,5,2,0,60,54,14
60379,60,20,112,75,12,0,6,5,0,8,47,58,17
95379,95,2,17,27,7,2,0,0,0,2,21,21,10
64379,64,6,15,28,9,0,0,5,0,0,2,16,11
25379,25,6,6,12,1,2,4,0,0,3,0,8,2
54379,54,0,7,9,7,3,0,0,0,0,3,12,4
31379,31,6,8,15,7,3,0,4,0,0,8,17,11
51379,51,18,70,59,8,0,0,3,4,3,39,52,17
39379,39,10,66,54,13,0,2,1,15,0,49,44,18
50379,50,3,15,21,0,0,3,0,7,0,7,14,7
67379,67,33,115,100,22,1,0,2,22,0,76,106,23
77379,77,253,937,974,231,19,36,21,37,52,839,721,243
88379,88,14,55,40,4,0,5,5,0,0,21,39,13
65379,65,0,0,3,0,4,0,0,0,4,0,0,0
71379,71,31,142,132,33,10,7,4,42,0,103,118,42
24379,24,6,48,51,14,6,2,2,10,1,47,35,16
33379,33,8,23,39,13,2,0,1,0,4,10,21,14
38379,38,10,25,34,9,0,0,0,6,0,26,17,8
61379,61,7,25,27,5,2,0,0,7,1,23,26,6
08379,08,9,37,23,11,0,0,1,0,0,13,24,7
32379,32,4,20,26,5,0,2,0,6,0,19,11,5
01379,01,24,94,79,18,7,0,4,0,4,41,74,19
63379,63,11,51,62,19,0,0,4,0,2,54,47,24
17379,17,10,20,28,2,0,0,2,0,2,5,26,6
89379,89,0,25,12,5,0,6,0,0,5,13,10,6
11379,11,94,837,590,199,7,35,17,110,20,611,438,185
28379,28,14,56,44,12,0,0,0,11,5,36,47,15
16379,16,32,144,166,51,6,8,9,15,8,144,113,38
10379,10,8,71,47,13,0,2,0,0,5,29,45,13
22379,22,34,124,213,65,11,7,3,6,4,162,137,67
72379,72,1,25,16,11,0,6,0,0,0,19,29,9
68379,68,41,146,110,27,5,1,0,13,3,71,117,31
26380,26,14,63,58,16,2,1,1,0,3,41,51,11
80380,80,3,47,26,9,0,6,1,1,3,24,20,6
62380,62,9,61,34,5,2,0,1,9,0,31,27,4
02380,02,0,6,0,0,0,0,0,6,0,6,3,0
76380,76,13,45,37,16,4,1,3,0,0,29,30,10
57380,57,6,14,16,5,0,6,5,0,0,0,5,4
16380,16,8,49,46,7,0,4,5,10,0,37,30,13
14380,14,1,13,19,8,0,0,3,3,1,11,20,4
27380,27,10,32,23,5,5,2,0,0,5,10,22,3
21380,21,6,4,9,0,0,1,4,0,1,1,10,0
60380,60,41,200,117,36,2,3,2,0,8,113,109,31
78380,78,104,318,748,190,7,12,10,5,19,408,702,180
54380,54,14,53,49,17,0,6,0,0,4,27,26,9
31380,31,7,42,61,26,4,3,2,0,3,62,47,15
51380,51,103,463,348,60,16,7,4,20,23,203,351,77
64380,64,0,13,28,3,2,0,3,9,0,24,25,8
25380,25,32,128,133,38,2,9,1,6,9,112,117,27
39380,39,6,2,8,0,3,0,1,0,0,3,7,0
70380,70,5,33,16,3,5,0,0,0,0,14,12,5
55380,55,2,1,11,1,0,1,5,0,3,0,7,7
52380,52,11,50,30,3,2,7,3,0,5,21,27,9
67380,67,9,36,32,3,3,0,3,0,0,18,22,2
77380,77,8,38,37,13,2,6,1,0,5,18,21,13
88380,88,10,29,26,10,4,0,3,0,2,0,20,3
65380,65,8,14,16,9,5,4,0,0,0,18,10,4
71380,71,29,84,86,26,8,6,4,0,3,58,71,21
24380,24,8,45,57,8,0,8,1,0,5,50,39,13
38380,38,6,33,39,9,0,6,1,0,0,36,27,7
08380,08,0,25,21,6,6,0,1,0,2,9,9,7
32380,32,0,12,18,9,2,1,0,9,0,15,8,5
63380,63,17,77,121,32,3,4,5,0,6,79,64,35
01380,01,13,78,70,13,4,0,0,38,0,46,62,12
17380,17,132,530,559,141,19,41,7,25,20,474,487,158
89380,89,15,65,49,6,0,1,3,0,1,21,49,13
11380,11,5,26,13,1,0,0,5,2,0,14,7,4
28380,28,47,213,192,51,16,15,0,21,18,139,195,55
10380,10,0,8,13,6,0,4,5,0,0,0,8,3
22380,22,15,54,97,34,7,10,0,0,2,64,69,33
33380,33,28,156,231,59,2,5,4,47,8,195,146,64
72380,72,18,83,81,18,6,1,0,0,2,77,117,28
68380,68,22,62,36,6,0,5,0,1,5,26,53,14
80381,80,0,7,9,0,0,2,0,7,0,0,3,0
62381,62,2,22,15,5,0,2,0,0,0,11,14,1
02381,02,189,1426,722,158,48,38,5,78,45,651,626,149
26381,26,21,103,97,29,0,8,0,3,9,80,79,31
76381,76,4,8,11,7,3,0,0,2,3,8,15,0
57381,57,8,41,27,6,4,0,0,8,0,28,32,6
14381,14,5,2,13,0,0,0,0,0,4,0,10,5
27381,27,1,25,13,3,1,6,1,2,0,11,7,5
21381,21,8,8,7,7,4,1,0,0,0,0,12,4
59381,59,23,142,88,22,1,9,1,27,1,94,76,21
60381,60,8,41,29,10,4,0,1,0,0,9,23,4
78381,78,16,58,119,27,0,0,0,24,2,74,107,23
25381,25,59,249,238,64,10,9,3,18,15,188,225,60
31381,31,56,198,316,98,8,17,5,17,10,268,204,99
51381,51,18,67,57,10,7,0,0,19,1,38,55,7
54381,54,6,14,7,5,2,0,0,0,3,1,1,0
64381,64,2,19,41,6,4,2,1,11,0,34,24,15
39381,39,6,7,17,3,0,0,0,4,3,7,11,0
70381,70,2,31,20,0,0,7,0,18,0,12,14,9
55381,55,7,24,11,3,0,0,4,0,2,16,13,7
67381,67,13,43,36,4,0,1,0,0,6,18,36,13
77381,77,16,78,68,23,6,6,1,0,4,57,61,15
88381,88,7,34,19,2,3,2,0,6,6,17,21,1
65381,65,1,0,1,1,0,4,2,0,0,0,6,4
71381,71,5,1,10,6,4,4,0,0,0,0,13,0
24381,24,9,22,28,5,0,0,0,17,5,29,19,7
33381,33,60,275,395,117,17,21,0,27,7,316,266,117
61381,61,4,12,13,0,0,5,2,0,0,0,13,2
38381,38,55,225,238,65,11,7,12,26,6,208,177,74
08381,08,22,105,52,17,0,8,1,0,6,51,61,16
32381,32,13,41,56,11,1,0,3,8,4,44,36,17
01381,01,25,108,94,25,6,5,6,0,2,45,84,26
63381,63,35,151,217,65,1,13,0,10,11,185,122,55
17381,17,2,24,26,7,0,0,3,4,4,16,30,9
11381,11,5,12,6,6,1,1,0,0,0,8,9,0
16381,16,0,15,24,6,0,4,0,12,0,15,10,3
10381,10,37,161,93,27,0,0,0,4,9,81,121,24
22381,22,10,24,41,18,0,5,0,12,0,28,23,9
72381,72,32,125,125,27,0,6,4,0,9,112,164,33
68381,68,27,114,86,13,7,7,6,0,7,44,95,25
49381,49,46,162,225,61,7,11,0,18,4,149,211,60
62382,62,19,107,66,12,5,3,0,0,1,57,52,15
02382,02,29,223,118,28,6,5,6,15,10,111,104,29
57382,57,14,90,57,15,2,3,0,11,0,61,47,18
76382,76,23,141,127,39,7,2,0,0,0,111,105,33
27382,27,13,49,34,8,5,6,3,0,6,13,34,12
21382,21,6,18,26,4,0,0,3,15,0,20,17,2
59382,59,26,163,124,37,7,3,4,0,5,112,109,37
60382,60,177,957,604,124,31,41,9,25,38,527,558,148
78382,78,89,242,536,122,0,10,4,20,17,281,499,122
64382,64,6,21,44,9,0,4,4,8,6,40,33,7
25382,25,15,52,48,9,2,4,0,8,7,42,49,20
54382,54,117,638,560,169,36,28,4,26,22,502,410,170
51382,51,3,21,17,0,1,4,2,0,0,4,13,8
31382,31,4,11,13,10,0,4,0,0,2,0,9,9
55382,55,14,55,39,3,0,6,0,0,0,24,26,13
50382,50,14,62,69,14,4,4,5,0,0,51,68,17
67382,67,24,105,100,23,8,1,5,29,7,61,102,22
77382,77,148,581,586,148,24,21,7,0,24,499,453,140
88382,88,0,9,2,4,3,4,0,6,3,2,1,1
65382,65,6,6,12,0,3,5,0,0,0,0,7,6
71382,71,18,81,87,17,0,5,0,7,6,67,63,24
24382,24,11,50,59,13,1,8,5,0,3,58,50,20
33382,33,37,170,227,65,8,5,2,11,15,198,156,65
61382,61,29,109,113,30,8,8,0,0,6,76,116,22
38382,38,344,1585,1740,472,28,59,27,133,68,1410,1219,498
32382,32,2,37,42,13,0,1,0,3,6,27,25,16
08382,08,2,24,6,0,4,0,0,0,1,13,6,5
63382,63,11,42,54,12,5,2,0,1,1,54,36,20
17382,17,12,66,70,19,4,2,6,0,0,48,56,19
26382,26,13,75,68,12,0,3,6,0,1,38,59,23
01382,01,7,40,27,5,4,5,0,0,5,18,31,11
89382,89,56,225,161,36,1,0,6,14,6,122,139,35
11382,11,8,54,42,12,3,3,2,1,2,36,24,6
28382,28,31,99,96,17,0,2,2,4,6,69,99,20
16382,16,22,93,103,28,2,9,5,11,1,87,64,26
10382,10,24,141,82,23,8,9,0,0,6,59,108,21
72382,72,18,97,89,29,6,1,0,5,4,79,126,27
68382,68,15,39,32,5,0,0,0,19,3,20,35,6
62383,62,30,238,116,41,7,9,6,0,10,120,101,41
80383,80,2,11,16,2,0,0,0,0,2,9,4,5
02383,02,39,274,128,25,8,5,0,0,8,117,130,31
57383,57,9,22,21,5,0,0,1,0,6,5,20,8
76383,76,4,7,12,4,3,5,2,0,0,0,10,1
14383,14,74,251,325,74,10,22,0,4,12,222,269,82
27383,27,10,56,39,14,0,7,4,0,2,8,35,11
21383,21,40,174,179,45,0,9,4,10,8,129,173,51
60383,60,19,83,57,12,0,0,0,0,7,35,44,13
59383,59,245,1494,1040,313,28,45,22,85,40,1123,850,299
78383,78,359,1099,2438,577,47,71,23,41,110,1285,2288,592
64383,64,2,12,17,0,0,0,0,14,0,9,11,2
25383,25,12,40,39,8,6,0,5,0,3,6,33,9
54383,54,30,146,136,34,3,10,1,0,6,114,97,33
31383,31,27,99,153,55,0,6,1,24,0,147,97,47
70383,70,8,61,42,4,7,4,0,0,5,17,38,7
55383,55,1,27,23,6,0,1,5,10,0,16,12,3
52383,52,4,51,24,4,4,4,0,12,5,11,24,12
77383,77,18,81,87,21,0,4,0,0,2,69,63,22
67383,67,7,20,26,4,0,6,4,0,4,7,23,9
88383,88,217,1013,667,174,26,41,15,105,39,533,625,185
65383,65,9,13,21,3,0,3,3,7,1,22,20,3
71383,71,7,47,48,16,3,4,0,0,3,31,42,17
24383,24,0,18,15,10,3,1,0,1,1,11,8,10
33383,33,2,29,38,11,0,4,0,4,6,33,20,8
38383,38,78,308,341,101,7,8,0,24,15,264,245,90
32383,32,4,8,18,6,4,6,2,0,0,4,7,0
08383,08,2,17,15,5,0,5,4,0,0,0,11,8
01383,01,40,183,158,38,9,7,1,17,7,111,144,37
63383,63,3,27,44,5,4,0,0,7,0,33,18,9
17383,17,6,29,37,12,2,3,0,13,6,25,35,6
89383,89,7,16,7,3,0,1,0,0,0,10,11,7
11383,11,12,55,34,11,6,2,3,0,3,22,25,14
28383,28,20,87,79,23,7,8,4,0,0,44,78,14
16383,16,15,83,100,31,8,0,0,12,0,85,64,24
10383,10,4,24,20,4,0,3,4,0,0,0,19,2
22383,22,5,20,37,9,0,7,3,0,1,18,19,11
72383,72,0,13,15,0,4,2,0,10,1,6,14,2
68383,68,20,53,39,6,2,0,0,5,1,33,41,14
62384,62,20,98,55,20,4,1,0,0,3,49,34,12
80384,80,7,28,29,5,0,5,0,0,0,21,16,1
02384,02,3,0,10,2,0,5,0,0,3,0,3,5
57384,57,15,77,50,10,0,0,0,20,2,52,48,13
76384,76,173,958,792,203,37,51,21,75,27,793,664,233
14384,14,98,363,438,117,17,19,4,0,5,295,361,126
27384,27,17,81,57,10,1,8,0,0,5,29,46,15
21384,21,0,5,15,5,1,0,0,0,1,4,9,6
59384,59,42,219,142,48,7,6,3,0,10,136,128,44
25384,25,6,9,4,0,0,0,0,10,3,3,9,0
31384,31,32,136,217,78,7,11,0,17,5,195,138,75
51384,51,10,47,38,12,4,4,3,0,6,18,41,7
78384,78,34,79,187,50,0,3,5,30,2,111,181,45
70384,70,2,43,28,3,1,0,4,0,5,18,20,5
55384,55,3,25,11,8,5,2,1,0,2,0,14,2
50384,50,4,18,34,2,3,6,0,0,6,16,29,2
52384,52,4,22,11,3,0,4,3,0,1,0,11,0
67384,67,16,50,41,14,1,3,0,0,0,18,45,15
77384,77,25,107,101,21,0,6,0,1,5,98,82,25
65384,65,7,15,22,2,0,2,0,4,5,13,7,8
71384,71,7,56,42,14,0,6,5,4,0,39,43,17
24384,24,0,4,1,0,1,4,4,0,0,0,3,4
33384,33,8,35,59,20,1,4,2,6,5,42,42,13
61384,61,3,26,29,2,3,7,0,3,0,22,37,6
38384,38,74,296,340,80,5,7,1,0,14,264,228,93
08384,08,5,17,11,1,5,4,3,0,0,0,13,8
32384,32,5,25,25,6,5,1,0,9,4,18,28,9
17384,17,9,23,16,1,1,3,2,0,0,8,21,2
63384,63,1,16,30,2,3,0,0,7,1,23,12,7
01384,01,51,201,184,32,6,14,4,4,7,127,177,48
89384,89,26,108,73,18,7,0,0,14,0,61,70,22
11384,11,7,10,10,9,0,3,0,0,0,3,11,7
16384,16,20,60,78,14,5,3,0,0,0,47,54,16
10384,10,9,39,24,8,0,0,0,0,0,1,24,8
22384,22,16,67,125,32,2,9,4,0,8,73,81,41
68384,68,99,395,285,56,6,21,9,13,25,174,320,63
80385,80,8,74,47,12,0,6,0,0,1,39,44,15
62385,62,9,72,40,6,7,5,0,0,0,40,24,6
02385,02,1,30,21,4,0,4,0,1,5,14,10,8
70385,70,16,65,32,9,4,8,0,0,0,26,27,7
22385,22,26,93,140,49,9,3,0,19,5,102,97,44
57385,57,37,169,135,33,3,13,0,2,8,111,100,39
28385,28,17,58,40,9,1,0,0,0,3,26,45,15
76385,76,35,179,163,53,5,8,1,0,6,169,133,53
14385,14,0,14,20,8,0,4,0,0,0,20,21,5
27385,27,41,223,152,35,3,6,3,1,6,125,127,39
21385,21,7,39,41,7,0,1,2,8,2,27,35,11
60385,60,14,101,64,13,0,1,4,12,0,47,54,8
59385,59,60,301,225,50,12,4,8,0,16,213,187,65
64385,64,1,12,36,10,3,1,0,7,2,28,24,7
25385,25,4,11,15,8,0,2,4,0,5,0,10,3
31385,31,6,22,26,9,1,0,4,0,1,21,21,15
54385,54,13,112,88,24,3,8,1,2,10,78,80,19
78385,78,4,9,29,10,4,1,4,0,3,5,35,11
39385,39,18,54,53,9,7,4,0,0,6,32,35,15
55385,55,21,79,42,12,10,4,0,0,6,26,48,11
52385,52,0,6,1,5,3,0,0,0,4,0,3,0
67385,67,11,38,33,10,0,0,5,0,3,8,28,6
77385,77,72,281,293,63,13,18,5,31,12,247,216,76
88385,88,17,66,51,8,0,7,0,10,0,43,45,16
71385,71,12,71,68,19,0,0,5,9,0,53,64,13
65385,65,8,7,14,2,0,6,2,3,0,11,14,0
24385,24,9,23,26,3,3,0,0,0,0,23,18,4
33385,33,11,60,90,20,5,9,0,7,5,69,51,28
61385,61,13,42,38,5,1,0,0,11,0,21,49,9
08385,08,25,171,104,21,6,5,0,12,7,97,85,33
32385,32,2,12,22,11,0,0,1,0,2,10,21,9
17385,17,204,771,871,206,30,57,10,38,33,679,748,219
63385,63,10,43,52,21,5,7,0,0,0,34,30,20
01385,01,26,128,121,27,6,7,6,0,4,73,114,32
89385,89,0,14,9,0,0,0,2,10,3,8,6,0
11385,11,8,31,18,2,0,4,2,0,1,28,16,11
16385,16,32,134,154,39,2,8,0,37,6,126,110,36
72385,72,31,179,161,37,4,11,0,5,4,148,246,46
68385,68,34,126,89,25,3,7,0,16,8,64,112,26
80386,80,3,28,25,1,0,0,4,0,3,0,18,8
62386,62,143,1015,560,151,35,44,0,3,21,535,418,169
02386,02,4,41,15,8,5,4,1,0,0,9,16,6
70386,70,10,32,19,0,0,6,2,0,0,0,21,8
57386,57,4,38,28,12,6,4,2,8,5,27,21,11
27386,27,30,174,121,24,9,12,4,0,6,80,112,24
22386,22,19,47,88,27,3,2,0,19,0,71,53,25
76386,76,9,40,32,11,0,4,4,9,0,38,24,9
21386,21,10,39,44,11,6,1,0,0,0,19,34,4
59386,59,224,1320,924,281,52,40,18,25,45,968,817,264
60386,60,15,63,46,14,1,1,3,3,4,31,33,14
91386,91,461,1062,1665,432,42,58,12,109,77,1403,1188,450
64386,64,17,79,160,48,2,7,0,53,2,117,106,44
25386,25,2,16,16,0,0,0,5,0,4,14,20,0
31386,31,1,20,21,5,0,1,0,0,5,14,19,10
54386,54,0,16,14,1,0,0,0,9,0,6,2,0
51386,51,3,18,11,0,2,0,3,18,0,8,17,0
39386,39,5,7,9,0,1,1,0,0,0,7,9,5
55386,55,9,31,17,8,0,5,2,6,0,11,26,4
52386,52,18,75,46,6,1,1,1,0,0,32,42,13
67386,67,11,27,28,1,2,0,0,1,0,11,21,11
77386,77,17,80,89,15,1,3,0,18,0,74,69,17
88386,88,8,57,44,14,7,1,0,2,3,28,34,8
71386,71,0,12,7,8,0,0,0,0,0,4,10,7
24386,24,0,25,21,2,4,6,4,1,0,28,25,2
33386,33,2,17,31,10,4,0,0,0,1,6,22,8
65386,65,1,10,11,0,5,4,0,1,0,7,5,3
61386,61,15,45,48,5,0,0,0,0,2,29,50,9
38386,38,48,226,259,68,7,13,5,3,13,210,164,71
32386,32,0,10,21,3,1,5,0,9,0,14,12,2
08386,08,5,45,19,9,5,0,0,0,6,16,28,2
63386,63,6,32,62,18,0,0,4,0,4,48,37,12
17386,17,6,37,40,8,1,6,0,0,2,28,36,9
01386,01,31,121,108,29,0,10,3,8,7,89,115,23
89386,89,1,12,10,5,0,4,0,0,5,0,13,0
11386,11,3,52,42,11,0,0,0,10,0,40,33,11
28386,28,32,137,110,22,4,11,0,7,4,75,108,28
10386,10,3,36,16,3,0,0,0,8,3,11,28,5
72386,72,106,476,461,107,19,30,8,0,22,371,660,119
68386,68,33,153,101,20,3,2,0,8,10,72,124,31
80387,80,8,54,34,8,7,7,2,0,5,4,29,5
62387,62,13,70,38,10,0,3,0,0,0,21,24,14
02387,02,31,181,97,23,4,1,5,0,2,89,88,27
57387,57,9,40,30,4,5,7,0,2,1,25,18,4
22387,22,31,101,173,59,1,7,0,0,0,123,113,57
76387,76,8,54,34,12,0,2,0,3,5,41,36,11
21387,21,5,24,23,2,0,0,0,0,4,23,27,5
59387,59,34,209,162,36,1,8,6,17,7,170,122,40
60387,60,37,177,117,30,6,5,0,0,2,102,109,29
95387,95,0,5,8,7,0,0,5,0,0,4,1,0
64387,64,9,31,73,18,0,1,2,27,5,45,48,16
25387,25,10,46,40,5,4,0,0,0,0,22,37,10
31387,31,7,8,19,2,5,6,0,0,1,1,4,7
54387,54,9,24,20,3,1,0,5,0,0,5,11,6
51387,51,11,30,26,8,1,0,5,0,6,23,25,1
39387,39,2,19,16,9,6,3,0,0,0,20,23,9
70387,70,17,108,69,11,0,1,0,7,0,55,51,13
55387,55,13,35,30,4,0,0,4,2,5,15,21,8
50387,50,10,39,49,14,4,4,5,0,0,18,35,10
67387,67,8,33,30,10,0,0,1,5,6,30,38,7
77387,77,18,52,45,11,0,2,0,1,1,44,44,19
88387,88,12,28,27,3,3,0,4,0,0,8,19,10
71387,71,6,41,28,4,0,4,1,12,0,26,23,9
33387,33,33,126,187,50,5,9,1,0,5,139,127,57
61387,61,18,71,68,14,6,3,6,0,0,40,64,13
38387,38,10,60,57,19,1,7,0,7,2,51,44,12
65387,65,0,12,13,7,5,5,5,0,5,0,7,4
32387,32,6,12,12,7,1,0,0,0,3,0,10,1
08387,08,1,34,12,10,1,6,0,3,0,13,18,6
17387,17,38,171,206,51,9,14,1,29,2,165,173,48
63387,63,23,74,121,25,8,3,0,22,1,93,70,25
01387,01,7,31,26,1,0,0,4,8,0,15,22,4
89387,89,625,2904,2017,473,78,121,23,112,93,1586,2018,497
11387,11,4,15,11,2,0,2,0,0,1,0,6,5
28387,28,21,97,85,16,5,5,0,15,9,72,95,24
16387,16,8,38,54,10,0,1,0,10,0,36,39,11
10387,10,1255,5850,3657,793,131,172,73,204,161,2508,4443,791
62388,62,4,50,30,11,0,0,4,0,2,9,25,3
80388,80,3,26,18,1,5,0,0,5,0,11,21,4
02388,02,9,42,22,9,2,0,0,0,0,10,10,0
57388,57,10,25,27,8,5,1,2,0,2,0,17,6
76388,76,7,60,54,11,6,0,0,5,5,58,42,12
27388,27,15,80,51,10,1,6,0,11,0,40,40,9
21388,21,18,54,59,12,1,0,0,0,7,34,55,21
59388,59,58,299,213,54,7,6,2,13,11,215,178,55
60388,60,5,31,23,5,0,5,4,0,1,1,18,0
95388,95,103,418,585,154,23,11,0,57,25,568,445,146
64388,64,3,5,12,4,0,0,2,29,0,10,8,1
25388,25,463,2045,1985,492,65,118,32,140,93,1479,1853,506
31388,31,8,37,46,19,0,0,0,16,1,46,27,12
54388,54,0,12,4,6,0,2,0,0,0,8,9,2
51388,51,109,501,349,74,18,15,1,0,15,250,393,83
39388,39,7,30,29,10,5,0,0,0,5,19,18,11
70388,70,59,291,187,38,9,13,1,0,15,144,162,53
55388,55,1,28,21,10,1,5,5,19,0,8,22,10
50388,50,34,149,169,43,4,3,6,0,7,100,156,42
52388,52,11,17,21,3,6,0,1,4,1,10,18,2
67388,67,162,597,566,128,17,36,10,66,32,373,542,139
88388,88,1,17,17,7,0,0,0,0,4,6,17,0
77388,77,19,93,86,23,4,3,0,3,0,77,70,16
71388,71,11,57,57,11,0,7,0,0,1,48,53,17
24388,24,9,47,59,10,7,0,0,6,2,61,49,9
33388,33,20,65,107,25,2,11,0,0,3,75,71,26
61388,61,6,29,23,10,3,4,0,0,0,7,25,0
38388,38,67,233,285,78,0,5,6,3,12,212,194,79
65388,65,22,48,78,19,10,5,3,7,4,57,45,21
08388,08,9,64,28,11,0,2,0,6,0,28,29,12
63388,63,14,59,102,19,6,8,6,1,0,81,57,21
17388,17,7,24,32,4,0,2,0,6,1,25,34,9
01388,01,25,114,99,26,3,9,0,0,8,63,95,23
32388,32,4,41,46,13,1,0,0,7,0,40,26,15
89388,89,12,74,48,13,5,0,0,23,0,48,60,8
11388,11,5,5,6,2,0,0,5,0,0,0,10,2
28388,28,25,113,96,24,0,6,0,39,0,77,102,20
16388,16,16,97,94,22,2,11,2,0,5,82,74,30
10388,10,2,3,9,0,0,0,3,0,1,0,9,5
22388,22,25,82,146,42,0,3,6,17,9,105,104,45
62389,62,0,2,4,1,4,2,1,0,0,0,7,0
02389,02,9,105,51,7,4,3,6,12,1,48,51,11
77389,77,90,334,318,85,5,15,9,5,27,245,226,71
57389,57,17,68,45,17,5,0,0,21,1,37,35,10
76389,76,7,24,23,11,6,0,4,0,5,6,11,1
14389,14,3,25,29,4,0,0,5,0,0,27,25,5
27389,27,11,64,47,10,0,7,0,0,3,31,39,7
21389,21,9,25,30,2,0,4,5,0,0,2,30,10
59389,59,48,351,245,65,9,8,0,1,8,267,212,64
60389,60,9,28,26,0,5,0,0,0,2,17,23,2
64389,64,11,30,49,15,3,1,0,0,0,32,28,19
25389,25,0,11,14,9,4,0,0,10,0,6,11,1
31389,31,84,329,513,161,9,12,6,39,11,464,312,160
54389,54,0,12,11,4,3,0,0,0,4,5,5,7
51389,51,19,113,94,14,4,6,0,3,8,64,97,18
78389,78,44,120,265,67,8,6,5,0,15,150,270,62
39389,39,12,72,63,19,0,2,0,13,4,57,50,12
70389,70,1,12,3,0,0,4,0,0,0,2,6,0
55389,55,5,20,9,4,0,6,4,0,3,0,9,0
50389,50,10,35,45,16,0,0,3,7,0,34,43,17
67389,67,126,473,421,108,23,13,9,61,34,230,414,110
88389,88,8,12,6,0,5,0,0,0,0,0,11,5
71389,71,9,33,38,13,0,0,0,1,0,23,31,7
33389,33,58,276,381,115,10,32,1,7,12,297,251,109
38389,38,88,353,393,116,11,16,0,42,19,306,256,106
65389,65,14,93,112,31,4,4,5,39,4,110,64,29
08389,08,5,54,34,11,2,0,2,5,0,36,28,4
32389,32,15,45,49,23,0,0,0,10,0,38,32,23
63389,63,7,1,21,6,0,1,3,0,2,0,14,7
01389,01,54,206,194,42,2,12,9,7,6,137,189,37
61389,61,30,146,121,32,1,7,5,0,3,81,149,32
17389,17,11,61,71,16,1,7,1,0,4,47,62,12
11389,11,4,0,2,1,0,0,2,0,2,0,0,5
28389,28,12,42,45,5,0,7,1,6,0,24,32,13
16389,16,1,14,11,0,0,2,5,5,3,9,4,0
10389,10,4,25,12,5,5,4,2,0,0,0,15,1
22389,22,100,341,581,173,14,32,8,61,15,432,403,178
80390,80,7,60,42,4,1,3,0,0,6,29,34,9
62390,62,38,323,171,43,6,15,0,0,8,162,123,50
02390,02,8,45,16,4,0,2,5,0,0,8,20,4
91390,91,116,272,432,114,11,15,5,4,23,349,282,121
57390,57,34,192,136,40,3,4,0,43,5,126,112,33
76390,76,25,126,105,30,0,10,0,24,1,128,84,34
14390,14,6,22,20,5,1,0,0,0,1,21,24,7
27390,27,35,141,95,28,6,7,0,11,6,83,92,25
21390,21,132,591,625,160,26,20,11,29,21,470,559,144
59390,59,82,521,340,99,12,13,0,30,24,358,301,107
60390,60,11,40,30,5,0,0,1,8,0,19,29,1
64390,64,5,19,30,7,0,0,0,0,3,15,18,5
25390,25,12,36,28,4,2,0,0,0,7,19,37,12
31390,31,44,197,324,106,5,11,2,4,8,276,205,92
54390,54,4,16,17,0,0,4,1,0,2,0,9,4
51390,51,15,93,77,13,6,3,2,2,6,57,77,21
39390,39,2,31,24,2,0,2,0,21,3,20,19,3
70390,70,8,78,53,14,6,2,4,0,6,40,38,8
50390,50,0,13,22,3,0,5,0,8,0,18,14,3
52390,52,5,2,12,0,0,3,4,0,2,0,4,6
88390,88,0,23,15,0,3,0,5,0,5,0,11,3
77390,77,536,1998,1971,475,62,98,31,82,104,1626,1554,488
71390,71,33,129,118,30,1,9,0,15,6,101,104,32
24390,24,10,37,41,15,3,0,0,0,6,26,23,7
61390,61,6,10,12,8,0,6,3,0,2,0,16,7
38390,38,17,48,66,10,0,0,3,0,7,45,46,20
65390,65,7,44,57,16,1,0,0,13,2,51,37,14
32390,32,8,28,29,7,0,0,0,0,4,18,18,11
63390,63,10,29,43,19,0,5,0,19,2,33,26,10
01390,01,32,125,114,28,7,0,2,14,5,89,123,26
33390,33,10,45,52,16,5,4,0,7,1,50,38,13
08390,08,3,7,6,7,3,0,0,0,3,0,8,5
17390,17,0,13,14,1,0,4,2,1,5,10,18,4
89390,89,20,76,56,9,3,2,0,0,0,37,57,15
11390,11,10,81,51,16,2,1,4,9,7,56,43,18
28390,28,4,43,32,11,5,0,0,1,6,21,29,13
16390,16,4,21,29,5,0,0,0,18,1,27,21,5
10390,10,0,19,9,0,0,0,4,14,1,3,11,0
22390,22,15,59,99,34,1,1,4,14,0,69,71,33
50391,50,74,262,342,94,16,16,2,36,4,226,304,97
80391,80,0,7,4,5,3,0,1,7,2,3,6,6
62391,62,42,244,136,43,6,7,0,43,1,132,97,32
02391,02,2,38,15,1,0,5,0,7,1,11,20,0
76391,76,70,307,273,78,10,7,5,36,10,299,221,83
11391,11,0,4,2,2,4,0,3,0,0,1,0,3
57391,57,7,7,11,0,2,1,3,0,3,0,7,0
14391,14,6,38,36,10,4,3,0,14,2,32,30,11
27391,27,48,226,157,47,3,14,0,23,2,135,159,35
21391,21,20,101,100,23,6,1,2,5,2,68,92,19
59391,59,23,128,95,22,7,4,0,0,3,82,71,27
60391,60,2,46,30,5,5,4,3,0,0,22,17,1
64391,64,5,25,38,13,6,8,0,0,0,25,31,15
25391,25,3,28,24,11,0,0,2,0,4,19,19,10
31391,31,12,43,60,17,0,5,0,21,1,66,35,15
54391,54,32,197,172,48,11,8,3,13,9,135,138,50
51391,51,65,294,231,55,12,9,4,3,7,172,250,51
78391,78,7,28,46,7,2,2,0,8,2,25,49,15
39391,39,9,42,40,5,1,3,2,3,5,27,26,8
55391,55,1,33,17,0,5,5,3,0,0,9,10,6
52391,52,13,40,19,5,1,3,0,2,3,27,28,2
67391,67,20,50,49,10,0,0,4,12,3,32,55,10
88391,88,23,95,66,20,7,8,0,0,0,45,64,13
77391,77,9,41,46,9,2,0,0,16,0,38,43,17
71391,71,11,54,56,9,0,4,0,34,0,40,43,11
33391,33,4,30,35,10,5,1,0,6,2,36,29,7
61391,61,93,392,342,75,17,23,0,28,16,249,399,79
38391,38,1,22,25,4,6,3,2,9,5,22,22,3
32391,32,8,10,16,5,5,0,3,8,4,9,13,4
08391,08,19,155,81,20,5,4,5,13,3,72,76,17
17391,17,52,222,278,72,0,14,15,29,10,200,226,65
63391,63,8,15,34,4,6,2,2,2,4,26,17,8
65391,65,0,0,4,4,0,0,0,0,0,0,4,6
01391,01,14,35,35,14,0,0,2,12,0,20,37,6
89391,89,32,158,119,32,5,7,0,0,7,95,127,33
28391,28,67,285,242,59,6,6,0,43,9,177,257,54
10391,10,8,50,28,4,4,0,5,0,5,18,38,9
22391,22,20,84,154,52,0,12,0,40,0,103,95,48
80392,80,18,98,67,15,3,5,0,1,2,65,47,8
62392,62,10,76,33,9,2,7,0,0,0,43,25,9
02392,02,14,55,26,6,1,0,0,1,5,33,27,11
57392,57,9,66,41,11,5,0,0,3,0,45,32,9
76392,76,33,133,119,30,0,2,0,31,8,123,99,34
27392,27,9,30,14,0,3,5,5,0,0,0,15,5
21392,21,0,4,4,3,4,2,5,0,4,0,12,0
59392,59,518,3274,2307,679,82,110,38,222,107,2452,1938,646
64392,64,5,4,19,0,4,6,1,0,1,7,12,1
25392,25,4,13,21,8,0,0,0,0,6,6,21,7
31392,31,0,6,15,8,0,0,0,0,0,5,3,8
54392,54,5,53,33,13,5,0,1,9,0,33,28,7
51392,51,9,26,24,10,0,0,0,0,0,3,29,10
60392,60,20,134,87,19,7,0,0,0,1,59,69,25
95392,95,101,382,551,153,8,22,9,32,40,505,414,157
39392,39,8,20,15,7,0,5,0,1,1,25,14,9
70392,70,2,2,7,0,1,0,0,0,4,0,7,0
52392,52,4,20,5,0,2,0,0,6,0,3,7,7
67392,67,35,112,91,22,0,3,0,18,6,69,92,18
77392,77,27,88,86,19,1,0,1,0,3,72,70,25
71392,71,16,63,54,21,2,3,0,0,7,40,56,16
24392,24,8,49,63,16,1,9,0,11,3,56,50,11
61392,61,6,16,10,8,6,0,0,0,3,2,9,2
38392,38,19,69,72,20,1,0,1,0,5,63,57,18
65392,65,13,40,45,20,4,0,5,12,0,40,29,11
32392,32,0,6,13,2,2,5,0,2,0,5,10,0
08392,08,2,40,23,10,0,0,3,0,5,6,25,7
63392,63,10,50,87,19,7,1,6,6,5,59,50,20
33392,33,14,76,116,31,0,8,0,0,1,98,71,38
01392,01,23,83,83,14,0,0,0,0,0,43,78,23
89392,89,5,30,19,1,2,0,0,4,5,24,28,7
11392,11,2,34,28,6,0,3,0,6,1,30,22,6
28392,28,5,20,18,9,6,0,0,0,0,3,23,9
16392,16,5,26,24,3,0,0,1,2,0,19,10,10
10392,10,18,60,43,9,0,0,3,0,1,20,51,7
80393,80,13,46,41,9,0,2,0,0,3,27,21,8
62393,62,27,203,110,27,9,3,0,6,2,109,89,26
02393,02,5,27,7,8,6,0,3,0,0,4,9,0
57393,57,10,24,22,0,1,1,0,0,6,7,21,1
76393,76,4,10,4,0,0,1,5,0,1,0,0,3
14393,14,7,38,35,8,0,2,3,0,2,36,33,10
27393,27,13,70,43,8,3,0,3,0,1,31,45,14
21393,21,6,22,17,4,3,0,2,0,0,15,14,7
59393,59,26,147,104,32,6,4,0,0,2,99,91,23
60393,60,8,63,32,13,6,0,4,0,7,23,34,12
64393,64,78,293,588,181,15,43,7,151,21,457,397,177
25393,25,13,60,58,20,2,5,3,0,8,25,59,16
31393,31,8,9,28,10,5,1,0,0,4,11,10,6
54393,54,11,64,64,17,4,6,6,0,0,55,37,17
91393,91,24,41,63,22,5,7,0,3,7,55,43,12
51393,51,5,38,32,7,5,3,0,0,6,10,22,2
70393,70,8,55,41,5,3,3,0,6,0,33,39,8
39393,39,6,0,2,6,1,5,0,0,4,0,8,0
50393,50,61,221,260,69,0,26,7,51,11,174,224,61
52393,52,0,13,7,0,0,1,0,0,0,6,4,6
88393,88,9,45,30,4,3,0,0,22,2,29,26,6
77393,77,80,284,292,68,6,13,1,13,14,245,212,61
71393,71,21,57,52,21,1,0,4,0,3,27,53,19
33393,33,106,449,653,195,7,42,8,43,13,528,423,198
61393,61,8,16,18,7,0,3,0,0,0,0,16,4
38393,38,34,187,189,49,8,3,5,14,7,171,131,53
32393,32,0,12,16,2,4,4,0,3,6,10,18,3
65393,65,2,9,15,7,0,4,5,5,0,18,12,10
08393,08,0,8,11,0,0,5,0,0,4,0,0,4
17393,17,43,164,183,39,3,9,5,0,9,141,165,44
63393,63,31,144,206,53,1,8,0,37,6,166,118,59
24393,24,2,9,15,3,0,0,0,0,4,3,6,7
01393,01,13,71,59,11,3,0,2,8,2,45,54,18
89393,89,3,18,14,5,0,0,4,0,4,0,7,8
11393,11,8,64,49,19,0,0,3,0,2,30,30,18
28393,28,61,218,195,45,14,13,9,12,16,152,202,44
10393,10,8,27,22,5,4,6,0,0,2,0,18,1
16393,16,58,240,260,69,4,22,6,36,0,213,180,71
76394,76,21,80,67,16,0,0,5,0,0,73,58,20
57394,57,15,53,43,5,0,0,0,0,6,25,26,10
14394,14,11,42,61,19,2,8,0,0,6,37,47,10
27394,27,17,70,45,10,4,8,4,0,0,27,35,13
21394,21,1,28,26,2,6,5,5,0,6,0,23,6
59394,59,8,45,31,7,4,3,0,0,6,17,27,8
64394,64,0,5,15,9,5,0,1,0,0,3,15,4
25394,25,46,186,188,53,4,14,3,0,10,141,169,48
31394,31,3,6,15,5,0,4,0,9,0,15,5,0
54394,54,2,38,27,9,0,0,5,0,5,27,15,4
60394,60,7,8,11,2,2,0,3,0,5,0,13,0
95394,95,180,674,981,277,24,23,16,75,53,929,721,265
70394,70,4,13,6,3,0,0,3,0,0,2,12,0
39394,39,0,15,12,7,0,0,3,0,0,0,5,2
55394,55,0,0,0,0,0,4,0,0,3,0,0,0
52394,52,7,28,19,9,5,0,0,0,3,17,17,3
50394,50,60,200,252,63,7,20,0,21,6,178,218,63
67394,67,8,38,29,6,4,0,1,4,0,23,29,11
88394,88,3,3,4,6,0,2,4,0,0,0,5,0
77394,77,70,213,233,56,10,12,0,0,18,192,158,60
71394,71,21,104,83,29,0,0,2,22,1,66,80,26
33394,33,37,174,237,73,7,15,8,0,9,174,154,65
61394,61,21,90,89,22,3,2,5,12,7,53,99,22
38394,38,55,220,233,66,5,13,5,10,10,191,168,70
32394,32,9,31,36,15,0,2,0,32,0,31,28,8
65394,65,7,32,39,11,0,0,3,0,4,27,26,6
08394,08,7,13,11,3,1,0,0,0,1,2,9,0
63394,63,8,26,34,8,1,5,2,7,0,32,19,13
17394,17,18,88,103,27,0,0,0,6,1,79,86,22
24394,24,7,15,16,4,0,2,0,5,0,10,7,9
89394,89,7,18,8,7,4,0,0,2,0,7,7,3
11394,11,0,21,7,5,0,0,2,1,3,15,15,0
28394,28,40,173,136,36,7,5,2,0,9,118,156,32
10394,10,2,27,11,1,1,6,0,0,1,4,18,2
16394,16,0,4,10,2,0,0,1,7,3,8,2,8
80395,80,3,38,23,5,0,0,3,6,0,25,13,6
62395,62,3,34,18,6,0,0,0,0,6,8,13,8
02395,02,8,23,13,0,1,0,2,0,0,14,13,5
50395,50,10,27,28,12,0,1,3,0,0,16,30,12
95395,95,25,66,99,29,3,5,0,8,7,93,77,30
89395,89,11,57,38,6,1,4,3,13,0,39,40,14
57395,57,5,31,22,8,1,0,2,0,0,14,16,8
76395,76,18,82,65,20,2,2,0,0,0,77,62,20
21395,21,6,6,14,6,4,0,0,0,1,0,3,0
59395,59,12,47,32,4,0,2,0,0,5,34,23,8
64395,64,3,13,19,2,1,0,0,3,4,20,12,2
25395,25,43,174,173,45,2,12,6,2,11,135,168,52
31395,31,414,1754,2748,875,61,109,37,300,114,2442,1769,896
27395,27,4,12,11,0,5,0,0,0,5,7,8,0
60395,60,275,1540,975,240,32,58,10,103,49,874,831,252
54395,54,1688,8478,7177,2049,259,377,110,477,364,6518,5482,1988
51395,51,0,11,12,6,0,0,5,0,0,7,15,5
70395,70,4,10,10,0,0,0,0,5,3,0,1,0
55395,55,2,5,3,0,3,0,3,1,3,10,3,0
38395,38,58,259,293,79,6,22,11,16,1,231,200,77
52395,52,7,0,6,6,0,2,0,0,2,0,2,4
67395,67,10,57,50,17,1,2,0,6,0,35,42,11
88395,88,8,54,32,8,0,6,1,2,2,35,37,5
77395,77,5,14,15,0,0,0,0,4,0,15,8,0
71395,71,1,24,28,3,0,0,0,6,0,18,21,6
24395,24,14,47,39,13,0,7,0,0,6,35,34,8
33395,33,26,114,166,54,7,13,6,0,10,140,103,51
61395,61,10,36,26,3,0,6,4,0,3,16,32,5
08395,08,8,30,20,3,0,0,1,0,0,3,16,7
65395,65,27,109,148,39,0,10,3,22,8,124,83,48
63395,63,19,84,110,37,0,2,6,3,8,105,69,32
17395,17,15,42,58,15,2,0,0,0,6,21,52,18
32395,32,9,22,25,12,0,0,3,0,3,12,18,7
11395,11,4,3,0,0,1,1,0,0,2,0,6,1
28395,28,10,71,53,16,2,2,0,14,3,36,62,11
10395,10,7,50,31,7,3,5,1,0,4,9,36,4
16395,16,11,30,36,5,0,0,0,5,3,27,25,5
80396,80,7,45,29,5,6,5,0,0,0,29,32,10
62396,62,0,0,4,0,0,5,0,0,0,0,0,0
02396,02,0,5,4,0,0,2,0,6,0,6,3,3
78396,78,111,393,849,210,7,24,8,21,22,464,770,219
57396,57,22,124,87,21,2,11,3,15,5,86,74,17
76396,76,10,33,28,9,0,0,0,7,1,27,30,12
14396,14,18,87,114,37,4,1,0,4,6,82,92,34
21396,21,1,5,14,2,0,0,4,0,1,0,13,1
59396,59,10,91,60,18,1,6,0,7,7,64,47,16
64396,64,26,67,151,42,1,5,2,48,1,116,92,40
27396,27,19,68,37,11,0,7,4,0,1,31,43,12
60396,60,15,86,61,19,0,1,0,0,7,40,53,17
31396,31,59,235,383,133,12,11,10,6,9,313,226,115
51396,51,8,27,11,1,6,2,1,0,0,5,16,0
54396,54,0,20,26,2,4,0,0,14,3,16,13,6
39396,39,29,97,80,25,7,2,0,20,1,75,69,20
70396,70,2,0,5,0,0,0,4,0,1,0,8,0
55396,55,11,30,17,9,6,5,0,0,0,11,25,1
52396,52,5,22,18,2,4,0,0,0,6,4,22,4
67396,67,9,31,21,9,0,0,0,0,6,8,20,8
77396,77,0,12,12,3,0,1,1,0,1,8,12,3
71396,71,16,52,59,14,0,5,0,8,1,39,48,11
24396,24,29,161,153,40,2,13,2,31,8,172,120,40
33396,33,7,17,22,6,0,0,0,13,0,15,12,6
61396,61,0,10,7,1,0,0,0,16,1,10,8,3
38396,38,18,99,97,26,0,6,1,3,7,74,72,24
32396,32,4,17,28,9,0,2,0,0,4,13,18,5
08396,08,7,22,16,0,3,0,0,0,3,14,13,3
63396,63,25,93,164,43,5,9,4,0,6,120,95,46
17396,17,36,175,187,47,1,6,2,21,10,143,168,44
65396,65,5,41,54,20,4,0,0,10,3,45,32,11
01396,01,21,85,84,19,4,5,0,2,9,63,74,14
11396,11,13,78,57,21,0,0,0,5,6,54,42,17
28396,28,10,38,33,13,0,5,0,0,4,17,35,13
10396,10,11,81,52,11,0,0,5,0,0,31,62,6
16396,16,0,9,11,8,0,0,0,12,0,8,10,0
80397,80,1,13,13,3,0,0,2,0,0,9,9,7
62397,62,119,870,462,128,34,31,18,0,17,433,366,133
02397,02,25,211,112,22,9,9,0,14,1,102,106,22
51397,51,9,18,19,5,5,5,0,0,3,0,19,1
60397,60,1,7,7,7,0,0,0,7,2,9,2,0
78397,78,144,458,943,209,10,21,12,37,47,520,916,227
57397,57,3,17,17,0,1,0,0,0,6,6,13,1
76397,76,23,106,101,21,1,9,0,1,2,108,78,29
14397,14,9,35,33,15,0,5,0,0,0,25,36,14
21397,21,7,12,17,1,0,0,2,6,0,13,21,4
59397,59,16,88,67,16,0,2,2,0,2,63,58,17
64397,64,8,10,16,7,0,0,0,11,5,8,11,2
25397,25,57,237,243,55,5,11,2,7,14,171,205,62
27397,27,55,257,176,43,3,9,0,0,2,133,170,44
54397,54,149,788,655,178,15,38,10,57,32,594,497,169
31397,31,1,7,8,4,0,3,5,0,0,0,1,0
39397,39,42,179,168,40,5,13,3,26,11,146,137,34
70397,70,6,11,11,0,3,0,3,0,0,0,5,5
55397,55,11,33,17,0,5,4,0,5,1,13,20,3
50397,50,2,15,26,6,0,0,5,0,1,18,24,9
52397,52,0,12,5,0,0,0,0,15,0,8,7,1
67397,67,97,363,313,84,11,15,5,34,18,207,299,73
24397,24,2,26,28,4,0,4,2,31,4,29,24,4
61397,61,110,467,439,107,12,27,17,23,18,287,509,103
38397,38,188,843,932,251,27,32,9,87,29,728,647,242
32397,32,8,20,33,13,0,6,2,0,0,20,22,15
08397,08,0,0,1,4,5,1,0,0,2,0,7,5
63397,63,27,118,164,46,9,13,0,0,5,135,109,50
17397,17,66,261,284,70,8,14,9,59,13,235,243,59
65397,65,7,17,16,6,3,0,0,13,1,12,6,2
71397,71,11,32,32,7,0,5,0,0,0,17,25,6
33397,33,94,400,547,159,12,32,14,24,25,451,381,156
01397,01,19,88,82,25,2,9,0,13,0,53,88,13
77397,77,46,187,187,48,6,6,9,0,1,148,142,46
89397,89,13,60,38,13,0,0,0,0,6,22,40,7
11397,11,95,691,488,165,11,22,3,50,24,525,366,156
28397,28,14,42,42,5,2,0,0,25,1,32,36,7
10397,10,0,21,20,0,0,5,0,6,0,9,15,5
16397,16,15,43,50,8,2,1,0,7,3,44,38,11
62398,62,10,48,29,9,4,7,1,0,0,15,28,10
02398,02,9,51,28,10,5,2,0,3,0,20,25,6
51398,51,5,30,15,6,0,5,0,0,0,15,19,4
60398,60,52,290,189,45,2,11,3,28,2,150,159,49
50398,50,7,22,21,6,0,1,5,1,2,17,14,4
78398,78,24,59,141,27,0,2,2,10,5,84,119,28
88398,88,0,23,16,4,0,5,1,0,0,0,7,4
57398,57,19,61,46,19,0,7,6,0,0,38,47,8
76398,76,13,84,81,15,3,0,4,15,6,81,54,16
14398,14,15,52,73,24,0,6,3,6,0,56,60,14
21398,21,12,40,42,7,0,0,1,0,0,25,33,6
27398,27,43,199,127,29,9,9,3,4,6,114,122,29
64398,64,7,33,57,16,5,1,0,17,0,47,40,17
25398,25,0,16,15,3,0,1,0,0,3,3,9,3
59398,59,70,437,306,80,18,10,1,0,13,294,252,86
54398,54,6,15,6,0,0,0,0,0,1,6,9,5
31398,31,5,12,13,2,0,0,0,0,4,7,2,0
70398,70,6,7,8,5,3,4,0,0,0,0,5,0
39398,39,9,33,31,9,0,0,0,11,5,31,21,2
55398,55,27,132,85,18,3,3,3,16,3,65,84,15
52398,52,27,101,53,19,5,8,0,0,0,49,63,20
67398,67,13,46,34,12,2,4,3,3,7,24,31,5
77398,77,17,70,79,12,0,0,4,0,9,67,59,21
71398,71,30,133,125,29,1,5,2,6,8,88,110,28
24398,24,13,55,66,15,4,2,0,9,1,64,47,18
33398,33,6,16,32,11,2,2,0,0,2,0,23,12
61398,61,3,3,9,0,0,4,0,0,3,1,7,0
38398,38,18,89,106,28,7,4,0,0,8,88,68,21
32398,32,4,32,27,8,0,5,0,2,0,28,29,15
63398,63,8,11,22,6,1,0,0,0,0,0,9,8
17398,17,3,14,21,6,1,6,0,4,0,15,12,4
08398,08,6,12,10,1,3,0,5,0,1,0,8,4
65398,65,7,22,28,4,4,5,0,16,0,26,11,3
01398,01,38,155,129,25,5,2,0,1,9,94,136,25
89398,89,12,57,44,11,5,1,5,0,0,32,38,14
11398,11,5,37,27,12,6,0,1,12,0,34,18,12
28398,28,34,145,131,27,0,8,0,5,3,89,117,35
10398,10,4,12,10,0,0,2,2,0,0,3,6,1
16398,16,1,3,14,7,4,0,0,0,4,0,9,0
80399,80,11,51,46,6,1,0,0,19,0,32,27,3
62399,62,23,130,62,13,1,4,0,9,6,77,55,15
02399,02,7,85,37,9,7,8,0,12,0,41,39,12
51399,51,20,68,58,9,2,0,2,21,3,34,52,8
60399,60,8,20,11,8,1,2,0,0,2,5,18,9
50399,50,4,24,18,7,5,0,1,0,2,15,20,1
88399,88,6,25,24,9,0,0,0,0,2,11,13,9
57399,57,5,12,9,6,2,5,0,0,3,5,8,0
76399,76,8,30,22,11,5,0,0,0,6,1,13,6
14399,14,5,38,37,12,2,6,2,3,0,31,41,9
21399,21,8,17,22,8,3,0,2,0,0,10,19,10
27399,27,0,2,8,5,1,4,1,0,0,0,1,2
59399,59,25,139,98,34,9,7,0,2,6,112,85,31
91399,91,11,12,26,7,4,6,2,0,0,0,19,10
64399,64,49,155,306,95,3,11,6,105,14,248,215,92
54399,54,8,27,25,4,0,0,0,20,0,19,19,7
31399,31,50,228,358,125,7,11,2,48,5,308,226,124
70399,70,8,34,17,7,0,0,0,0,0,13,20,8
39399,39,10,40,25,4,0,0,0,12,1,24,29,7
55399,55,1,12,14,1,5,5,2,0,2,0,12,8
52399,52,4,27,17,0,4,4,0,0,0,8,19,5
71399,71,15,55,53,12,0,0,0,15,7,47,57,11
24399,24,7,18,9,2,0,0,5,0,4,12,11,0
33399,33,1,23,35,8,0,7,0,7,6,36,18,8
61399,61,0,9,3,0,2,1,0,4,1,5,12,2
38399,38,112,474,517,127,20,21,12,15,19,409,351,136
32399,32,3,1,11,5,0,4,3,0,5,0,7,0
63399,63,4,15,21,7,0,1,0,0,0,1,14,3
65399,65,3,17,13,7,0,0,1,0,0,10,13,3
08399,08,0,11,9,7,3,4,0,0,0,0,6,4
89399,89,48,233,166,41,10,9,0,2,8,133,160,43
01399,01,49,175,160,37,5,5,1,39,5,111,147,34
11399,11,6,16,7,0,5,2,0,0,0,9,13,2
10399,10,19,89,59,12,3,0,6,0,6,44,72,16
16399,16,4,32,35,8,0,3,0,11,0,39,27,10
80400,80,7,64,48,6,3,6,0,6,1,39,30,6
62400,62,119,791,430,122,27,27,6,12,17,434,347,138
02400,02,3,24,12,6,3,0,5,0,0,8,13,3
52400,52,11,26,10,3,6,0,3,10,1,3,8,6
14400,14,2,21,24,5,6,1,0,6,0,15,23,5
21400,21,0,6,7,1,1,0,1,1,0,7,2,7
60400,60,9,34,26,4,3,0,1,0,1,22,27,8
76400,76,60,283,236,67,6,21,2,20,8,239,202,77
27400,27,14,54,35,9,0,2,0,0,6,23,37,4
59400,59,247,1359,946,275,49,50,13,61,40,967,834,293
64400,64,22,81,161,47,3,5,5,23,3,106,112,49
25400,25,14,60,49,7,1,1,3,8,0,40,43,14
31400,31,0,10,12,0,0,0,0,10,0,10,2,2
54400,54,28,153,117,34,1,3,0,12,4,110,101,41
70400,70,3,23,18,0,4,0,4,0,3,0,9,4
39400,39,1,17,20,7,0,0,0,2,0,12,20,3
55400,55,3,1,2,4,2,3,0,0,0,0,7,4
50400,50,86,300,343,93,15,18,7,0,9,215,284,94
67400,67,35,126,121,30,8,6,6,5,1,73,123,35
88400,88,7,46,23,10,1,2,0,4,3,23,23,12
77400,77,54,198,208,50,6,5,2,0,10,170,147,47
71400,71,6,16,19,2,0,0,0,16,6,11,10,0
33400,33,6,32,32,14,6,2,1,0,6,12,29,15
61400,61,10,29,34,9,0,3,0,0,5,8,27,12
38400,38,86,356,415,105,8,8,3,36,21,346,284,108
32400,32,0,16,15,6,1,5,0,1,6,14,18,10
17400,17,15,64,80,13,3,6,0,3,4,69,69,21
63400,63,22,83,147,42,5,11,0,20,0,103,83,31
65400,65,8,21,31,4,0,0,0,14,0,27,11,11
08400,08,13,90,41,10,3,2,4,0,6,36,46,16
01400,01,4,17,15,1,0,2,0,17,0,8,11,7
89400,89,6,52,34,11,0,7,0,0,2,18,35,10
11400,11,0,13,14,4,5,6,0,0,2,0,10,0
28400,28,9,25,13,7,2,1,0,0,4,12,19,2
10400,10,8,22,18,0,0,0,3,0,0,2,20,2
16400,16,11,61,67,20,4,9,1,0,6,43,49,17
76401,76,54,309,260,87,10,16,6,0,8,265,217,65
80401,80,7,14,19,8,0,6,5,0,1,0,11,0
62401,62,104,749,416,124,24,33,6,3,22,393,289,117
02401,02,8,40,18,8,4,0,5,0,4,2,24,2
27401,27,1,25,16,3,3,0,4,0,0,21,17,4
60401,60,23,117,76,16,0,6,2,0,2,44,66,17
974401,974,156,1342,1082,463,93,63,47,89,100,1309,971,442
55401,55,13,71,33,6,1,5,0,16,0,32,31,8
57401,57,0,12,7,1,0,0,1,2,0,13,9,0
14401,14,4,11,13,10,0,0,0,0,0,9,18,8
21401,21,7,39,38,6,0,0,0,0,2,15,35,14
78401,78,116,392,829,209,20,19,5,92,20,475,789,200
64401,64,5,3,11,4,3,1,0,0,0,11,7,0
25401,25,3,0,8,0,3,0,0,0,0,0,3,0
59401,59,44,299,228,60,12,9,0,40,2,223,172,60
54401,54,5,17,7,7,3,0,2,0,0,0,14,8
31401,31,8,29,55,12,0,6,3,9,5,38,26,14
39401,39,7,28,21,9,0,0,0,9,0,26,17,3
70401,70,2,19,8,0,0,0,2,4,4,11,15,0
50401,50,14,67,98,19,3,5,2,19,6,64,71,17
52401,52,14,66,33,4,2,5,3,0,4,15,41,8
67401,67,7,44,42,11,0,0,1,0,2,13,39,14
88401,88,13,73,47,14,7,4,0,0,4,29,48,17
61401,61,0,16,10,6,0,1,4,0,0,6,14,2
38401,38,30,152,180,39,5,6,0,10,4,141,122,49
32401,32,1,9,13,8,0,0,0,4,2,8,5,3
17401,17,1,14,12,8,1,4,4,0,0,5,7,0
63401,63,7,24,32,12,0,5,3,2,0,26,20,14
77401,77,26,77,71,17,0,1,1,0,8,57,64,21
71401,71,18,62,63,17,0,7,0,18,0,54,48,16
24401,24,5,28,28,7,0,0,3,18,2,32,22,11
33401,33,8,12,24,6,0,0,5,0,4,1,8,5
65401,65,11,56,74,18,0,8,0,3,0,65,45,24
08401,08,8,35,20,4,0,0,3,0,4,19,16,0
01401,01,34,154,149,37,5,1,3,0,8,91,140,37
11401,11,14,117,84,25,4,7,4,3,9,83,61,30
28401,28,18,61,57,11,2,0,5,0,0,24,52,12
10401,10,67,282,165,34,12,8,0,6,6,124,212,42
16401,16,0,9,21,1,5,4,0,0,3,14,15,1
974402,974,193,1439,1192,489,86,46,33,47,112,1489,1107,486
80402,80,8,2,18,4,5,2,5,0,4,0,15,3
62402,62,7,39,20,11,6,5,0,0,2,19,20,11
10402,10,3,32,24,2,4,0,0,12,4,17,28,4
02402,02,0,9,1,0,0,1,0,10,1,0,2,3
14402,14,0,4,9,3,5,0,0,10,2,3,10,2
60402,60,58,332,195,49,7,14,5,0,10,167,178,60
50402,50,88,343,397,110,14,23,6,4,14,240,366,93
57402,57,0,15,10,6,3,0,1,2,0,6,6,1
76402,76,150,741,621,178,17,38,7,47,21,634,504,173
21402,21,4,0,0,0,5,0,0,0,0,0,0,1
59402,59,26,116,91,29,6,3,0,0,4,90,73,24
25402,25,3,0,0,0,2,0,0,2,4,1,0,3
78402,78,64,221,494,111,11,5,5,3,16,271,459,125
51402,51,11,32,29,2,0,2,0,6,0,19,24,2
54402,54,11,58,46,17,4,4,0,0,1,28,35,17
31402,31,15,80,125,46,0,0,2,0,9,107,84,45
70402,70,9,61,30,7,3,0,1,0,4,31,36,5
39402,39,14,42,30,6,1,0,1,0,0,26,33,7
88402,88,8,30,20,6,1,2,3,0,0,19,25,5
77402,77,5,43,42,14,0,1,0,0,0,29,27,12
71402,71,16,79,72,18,3,6,3,24,6,60,64,26
61402,61,8,30,22,9,3,5,0,0,5,9,35,9
38402,38,9,68,75,17,4,0,4,0,8,51,47,13
32402,32,0,10,14,7,0,0,4,0,0,13,4,5
17402,17,0,11,22,8,0,0,3,0,4,13,19,1
63402,63,12,24,47,13,0,0,0,0,1,26,26,14
33402,33,36,148,208,63,0,12,5,8,15,189,139,61
65402,65,0,6,3,0,0,3,1,0,0,0,1,0
08402,08,12,119,67,16,5,3,0,14,0,58,56,15
01402,01,17,78,72,10,6,5,6,3,8,44,59,13
89402,89,6,34,19,1,0,0,0,0,1,22,29,7
11402,11,2,5,3,0,3,0,0,0,1,0,0,0
16402,16,10,22,32,5,2,3,0,2,3,24,19,12
974403,974,83,852,665,267,50,37,15,45,62,829,620,296
80403,80,5,18,17,9,1,4,1,0,0,10,17,2
62403,62,36,201,107,28,10,10,3,18,3,110,90,29
02403,02,5,61,25,9,2,0,4,5,3,21,27,2
27403,27,11,44,26,4,1,2,3,0,2,21,30,7
16403,16,6,7,13,3,5,1,0,3,0,7,8,0
57403,57,0,15,21,9,5,0,3,0,0,0,15,6
76403,76,4,30,17,9,2,0,5,0,1,13,17,11
14403,14,19,70,85,23,7,0,0,10,5,57,74,20
59403,59,23,103,65,20,3,0,2,8,4,72,60,22
60403,60,41,235,147,42,11,13,3,15,12,133,134,39
64403,64,8,8,22,11,0,0,0,19,0,20,13,5
25403,25,58,262,245,50,3,10,5,0,7,181,220,70
21403,21,4,7,10,8,0,0,5,0,4,0,16,0
78403,78,39,106,238,51,0,2,0,29,14,132,235,51
51403,51,11,81,64,11,0,3,0,10,1,44,63,19
54403,54,29,172,144,36,1,3,2,8,5,124,105,41
31403,31,12,49,90,26,0,8,0,0,3,69,51,28
39403,39,10,34,25,3,5,0,0,4,2,24,16,1
70403,70,4,31,23,8,0,3,0,13,0,15,16,7
55403,55,5,15,3,2,0,0,0,0,4,0,3,0
50403,50,59,186,223,53,8,10,6,11,6,149,193,55
52403,52,8,0,5,4,5,3,3,0,0,0,10,7
67403,67,13,45,48,13,6,6,3,5,1,31,42,9
88403,88,9,21,12,6,0,0,0,10,6,13,14,6
77403,77,20,72,83,13,2,2,1,7,1,76,62,20
71403,71,15,38,34,9,2,0,0,0,6,21,32,11
24403,24,6,5,7,0,0,0,0,8,0,3,5,3
38403,38,9,46,49,13,5,0,0,0,0,35,31,15
32403,32,0,12,11,5,0,0,0,0,0,4,8,4
17403,17,18,69,81,23,0,8,0,3,5,57,77,23
63403,63,11,29,52,10,0,0,4,2,0,43,38,20
33403,33,2,8,9,3,2,0,0,5,3,15,6,7
65403,65,0,7,14,6,0,6,0,0,3,5,3,7
08403,08,44,233,128,30,9,8,0,25,0,126,125,42
01403,01,40,142,140,30,0,4,1,12,8,92,140,30
89403,89,8,22,8,1,0,4,0,0,5,6,7,7
28403,28,18,102,91,22,8,2,0,5,1,62,81,22
10403,10,7,2,13,0,1,4,3,0,0,0,12,5
80404,80,4,18,15,0,0,0,0,6,3,11,15,0
62404,62,7,28,20,7,1,3,2,3,0,13,17,4
974404,974,235,1776,1436,589,116,94,35,90,150,1716,1306,594
02404,02,1,30,13,0,0,1,0,21,3,10,13,2
57404,57,10,30,33,7,0,7,0,1,0,19,20,7
76404,76,24,135,128,32,1,5,3,14,6,135,108,32
14404,14,6,13,9,1,0,1,0,0,5,7,11,0
27404,27,0,16,11,2,1,3,1,9,0,10,6,0
78404,78,7,21,36,10,3,4,0,0,0,4,33,12
60404,60,31,203,133,31,4,12,1,0,2,88,119,34
25404,25,6,7,5,0,0,0,5,0,0,8,9,3
64404,64,9,25,44,9,0,0,0,22,2,30,34,18
21404,21,16,49,45,19,0,0,4,7,4,37,42,11
51404,51,2,10,13,5,5,4,2,0,0,0,12,8
54404,54,6,29,34,6,4,2,5,0,0,14,20,13
31404,31,3,6,11,0,0,6,1,16,0,8,8,0
39404,39,16,64,60,8,6,5,2,0,0,46,51,11
70404,70,17,85,60,17,7,2,3,1,4,42,56,17
55404,55,5,44,33,5,1,7,0,0,0,22,33,10
67404,67,30,104,98,23,5,6,1,14,10,61,102,19
88404,88,3,8,8,0,5,6,0,0,0,0,6,1
71404,71,22,121,105,30,0,10,3,0,6,74,91,28
24404,24,10,24,29,7,1,1,0,0,5,0,24,11
61404,61,22,63,56,22,8,1,0,10,6,39,74,13
38404,38,4,29,38,13,5,6,5,0,0,16,18,11
32404,32,10,54,60,20,2,6,5,0,7,39,39,20
17404,17,23,66,83,24,4,9,3,0,0,45,66,12
63404,63,12,50,66,26,1,7,4,6,7,53,39,19
77404,77,41,176,182,43,7,8,5,0,14,144,149,50
33404,33,3,19,37,12,3,6,1,0,0,14,26,5
65404,65,4,16,17,7,1,6,5,0,0,19,6,1
08404,08,3,38,14,8,3,4,0,0,0,11,20,2
01404,01,5,20,14,6,0,5,4,2,0,11,14,1
89404,89,11,82,56,11,0,1,0,6,0,41,55,12
11404,11,24,127,87,30,0,5,0,4,8,107,75,32
28404,28,301,1182,1029,252,29,57,13,80,39,746,1047,239
10404,10,1,21,11,6,0,5,2,1,0,3,12,1
16404,16,0,13,9,7,2,0,0,0,2,6,5,7
80405,80,13,66,56,6,6,1,0,3,1,37,40,8
62405,62,19,84,47,7,4,3,1,0,0,49,40,15
02405,02,18,84,48,13,0,0,4,6,3,49,37,9
52405,52,35,163,91,18,3,9,6,37,4,80,96,13
50405,50,9,31,33,10,0,0,3,0,5,6,28,13
89405,89,17,65,63,17,0,6,0,6,10,33,58,11
57405,57,3,4,2,0,2,2,0,7,0,5,3,0
76405,76,5,27,28,8,0,0,1,0,0,20,18,1
14405,14,6,26,42,7,0,0,0,21,0,24,33,6
21405,21,16,78,81,18,5,2,3,21,1,66,72,28
27405,27,3,14,7,3,5,2,5,3,6,7,13,2
91405,91,153,369,564,147,17,14,16,51,29,451,403,158
59405,59,8,61,34,16,0,0,0,3,6,49,30,7
60405,60,21,136,91,20,7,6,2,7,8,89,79,25
25405,25,21,112,100,25,2,6,0,5,7,75,95,24
64405,64,83,285,570,148,0,31,6,200,10,416,387,162
54405,54,15,48,36,13,0,3,3,6,0,43,27,10
31405,31,1,5,10,5,4,0,5,0,4,8,7,10
39405,39,28,112,91,28,0,8,0,4,1,92,81,18
70405,70,7,26,19,5,0,0,0,5,0,14,24,2
974405,974,189,1519,1216,531,106,81,22,79,121,1489,1133,502
55405,55,12,43,30,3,0,0,0,6,2,15,18,5
67405,67,62,266,231,62,13,19,1,17,15,156,251,56
77405,77,80,295,301,74,5,10,4,14,15,253,224,79
71405,71,4,20,19,6,4,0,2,3,4,18,16,5
24405,24,1,33,33,13,0,3,0,0,0,30,27,9
33405,33,12,37,69,13,0,0,0,14,0,53,45,14
61405,61,19,66,60,16,4,1,2,0,3,25,68,9
38405,38,28,145,156,43,3,3,3,4,5,139,102,38
17405,17,6,16,25,10,3,4,4,0,1,3,14,4
32405,32,0,21,19,9,0,0,0,7,0,24,21,9
63405,63,16,40,74,14,0,0,5,5,0,62,44,20
65405,65,5,6,9,2,1,0,0,0,0,9,6,3
08405,08,8,31,21,8,5,0,0,4,5,21,18,3
01405,01,26,139,115,30,8,1,0,14,6,82,115,25
11405,11,13,99,58,25,6,0,0,3,5,65,45,19
10405,10,0,2,5,0,3,4,0,10,0,0,1,0
28405,28,37,131,124,28,0,9,5,0,9,72,119,27
16405,16,1,17,29,4,2,0,1,3,0,25,12,4
28406,28,29,136,131,35,8,6,7,4,21,56,137,18
80406,80,28,200,149,36,10,5,0,15,9,136,107,26
62406,62,11,44,29,2,2,0,0,0,6,1,24,11
974406,974,101,769,614,243,52,46,17,42,63,749,532,235
02406,02,2,24,7,0,1,0,5,7,3,6,8,7
57406,57,9,19,19,1,0,2,0,0,6,12,10,2
76406,76,4,44,41,15,4,2,0,20,5,37,28,8
21406,21,12,30,36,9,4,0,0,0,1,13,24,4
27406,27,24,149,101,23,0,10,0,33,2,91,98,25
78406,78,2,16,42,7,0,0,5,16,2,23,40,11
59406,59,6,54,34,9,6,5,0,2,6,38,39,14
60406,60,20,130,81,24,8,9,0,0,2,58,62,18
25406,25,12,69,70,11,6,0,1,11,1,60,56,16
64406,64,10,39,73,28,6,3,0,14,0,50,57,27
14406,14,22,103,120,40,11,1,1,13,3,88,103,33
16406,16,18,88,102,27,3,0,4,0,0,79,53,24
51406,51,2,17,11,6,0,0,4,0,5,0,20,4
54406,54,11,28,23,9,1,6,5,0,1,20,19,4
31406,31,9,53,100,30,8,3,1,37,1,84,58,26
39406,39,11,22,19,5,4,1,3,0,5,24,27,1
70406,70,1,11,9,1,3,1,1,6,4,7,8,6
55406,55,5,12,8,4,2,0,0,2,0,8,13,2
52406,52,6,31,22,6,0,0,1,0,6,3,24,9
67406,67,10,42,35,8,5,3,0,4,5,25,34,11
88406,88,5,22,12,7,3,0,1,0,0,7,10,2
77406,77,33,101,108,29,4,4,0,0,4,82,76,31
71406,71,0,17,22,0,1,2,2,0,0,4,19,8
33406,33,6,34,44,17,0,4,0,0,0,41,32,18
61406,61,4,36,31,8,0,4,0,12,1,20,33,2
38406,38,0,17,14,5,3,0,2,0,5,18,11,3
32406,32,5,36,38,12,0,0,4,6,0,30,26,17
17406,17,10,43,48,8,0,4,2,12,2,47,45,10
24406,24,0,11,14,1,3,0,2,0,4,3,11,7
63406,63,10,26,43,14,6,0,2,4,0,31,24,8
65406,65,2,25,36,15,4,0,4,17,0,32,19,12
08406,08,9,55,33,11,4,0,0,0,2,32,31,12
01406,01,1,18,15,3,0,1,0,13,0,14,19,4
89406,89,0,4,16,3,2,3,2,0,4,0,16,8
10406,10,58,293,189,36,6,8,0,37,11,133,218,35
11406,11,1,4,5,0,0,0,2,3,0,9,7,0
80407,80,8,24,12,2,2,0,0,0,1,7,9,4
62407,62,22,179,85,20,3,7,0,3,3,100,66,22
51407,51,15,43,41,8,0,3,3,0,0,20,33,12
38407,38,21,111,134,44,1,2,5,17,8,107,88,39
02407,02,1,28,21,7,0,1,3,1,5,16,14,3
974407,974,459,3762,3027,1205,236,208,78,225,255,3799,2840,1222
57407,57,15,77,59,8,0,8,0,0,2,54,51,13
76407,76,6,49,43,8,0,1,2,4,4,43,31,8
14407,14,57,216,285,64,8,19,6,12,17,186,241,80
27407,27,13,52,28,4,5,0,3,0,1,21,32,4
21407,21,9,31,37,12,0,0,0,0,1,27,26,4
78407,78,15,47,91,21,1,3,1,1,1,62,99,24
60407,60,7,35,22,2,0,5,0,14,4,20,16,3
59407,59,8,85,55,10,0,0,1,22,4,68,42,11
64407,64,108,387,700,197,18,43,3,212,23,530,485,210
54407,54,4,16,15,0,0,0,3,0,2,0,12,0
39407,39,13,37,44,7,0,0,4,0,0,27,40,14
31407,31,18,107,168,56,2,2,0,3,9,149,92,48
70407,70,5,36,27,10,1,6,0,0,4,13,23,10
50407,50,27,102,117,33,8,1,0,0,5,58,106,34
55407,55,4,25,20,8,0,1,1,10,0,8,11,0
52407,52,5,55,23,4,2,0,0,18,5,22,26,6
67407,67,66,233,201,54,8,5,2,13,11,115,200,50
88407,88,3,18,9,3,0,0,2,5,1,11,18,5
71407,71,8,28,29,5,0,4,5,18,0,17,19,3
77407,77,348,1291,1318,320,48,57,32,107,55,1119,1017,286
33407,33,13,73,97,26,5,3,0,3,2,84,64,29
32407,32,9,10,15,10,0,4,0,1,0,21,9,5
24407,24,9,16,27,6,3,3,0,4,3,19,17,7
61407,61,17,87,67,14,2,8,0,0,8,51,75,20
17407,17,121,470,548,142,11,19,11,38,14,382,473,122
65407,65,0,12,17,0,5,0,0,0,0,9,6,8
63407,63,6,27,37,6,6,6,3,0,0,23,19,8
01407,01,23,104,99,21,4,8,6,0,7,52,83,19
08407,08,0,13,3,6,0,1,1,0,3,1,5,0
89407,89,38,144,99,13,10,13,2,16,0,86,104,32
11407,11,8,32,23,3,0,0,1,18,0,32,15,8
28407,28,8,33,32,8,1,5,0,5,0,29,40,8
80408,80,4,54,33,3,0,2,0,4,2,39,35,12
62408,62,32,243,132,35,14,9,6,0,7,99,107,37
974408,974,453,3529,2810,1181,190,162,89,260,251,3552,2546,1126
02408,02,507,3418,1688,423,90,125,32,94,81,1586,1578,409
57408,57,29,113,95,20,0,10,0,4,5,75,79,18
76408,76,17,93,83,19,7,4,5,4,3,81,61,29
14408,14,45,202,246,57,13,13,3,21,16,183,204,62
21408,21,39,176,190,43,4,6,0,27,12,148,177,45
91408,91,45,104,167,47,7,4,0,0,13,135,126,51
59408,59,38,235,163,41,6,5,0,11,8,189,139,42
60408,60,23,123,80,13,5,5,0,0,8,65,70,12
25408,25,0,10,7,6,1,5,2,0,0,0,7,0
64408,64,2,2,10,0,5,0,0,0,0,0,10,6
27408,27,20,87,53,14,7,1,0,0,1,43,61,21
54408,54,2,34,28,10,3,6,4,0,3,11,23,11
39408,39,3,16,19,2,3,0,0,15,1,15,11,1
31408,31,7,9,15,4,0,2,0,0,2,7,4,0
70408,70,35,165,102,22,3,11,0,0,8,80,98,20
50408,50,21,51,60,15,4,8,0,1,4,51,54,13
55408,55,9,37,21,4,0,6,1,0,0,6,16,1
67408,67,45,166,130,31,10,2,5,0,6,86,147,32
88408,88,100,430,306,77,17,19,0,59,18,259,263,65
71408,71,15,48,49,7,1,3,1,0,2,34,47,12
77408,77,14,49,42,13,4,2,3,0,0,36,35,14
24408,24,2,30,29,12,5,2,1,0,4,24,25,8
33408,33,13,40,47,19,6,7,0,0,6,21,33,13
38408,38,65,295,311,89,1,7,3,12,10,270,216,88
17408,17,18,93,97,26,4,1,1,0,7,65,87,25
61408,61,7,44,38,10,7,1,5,5,3,27,49,14
32408,32,5,10,9,4,4,6,4,0,6,4,12,4
65408,65,11,53,64,14,0,4,0,24,2,54,43,16
63408,63,4,14,29,11,0,0,0,20,1,21,12,5
01408,01,16,83,72,12,1,0,2,28,1,60,67,20
08408,08,9,82,51,15,0,0,0,0,3,41,51,14
89408,89,11,51,28,11,2,1,1,9,1,27,28,6
11408,11,3,64,44,15,0,7,0,0,6,44,27,7
28408,28,0,9,8,1,4,2,2,0,2,0,7,7
16408,16,21,67,83,14,4,0,3,0,7,59,54,22
10408,10,3,12,5,6,0,2,5,0,0,5,14,0
80409,80,3,27,14,2,1,4,2,0,6,12,17,0
62409,62,2,30,18,2,1,0,0,4,2,20,19,10
02409,02,7,59,27,5,0,0,5,0,0,22,19,8
57409,57,16,100,70,23,2,1,4,0,7,61,58,21
76409,76,19,102,87,25,6,10,4,6,0,93,77,26
14409,14,70,255,291,74,13,9,4,11,2,227,248,78
21409,21,11,43,55,8,4,3,0,0,6,29,44,12
95409,95,22,83,117,30,1,7,3,18,5,111,96,30
59409,59,54,332,231,54,13,5,5,15,7,236,175,60
60409,60,52,256,172,47,6,12,0,11,6,158,155,40
64409,64,16,48,99,23,1,1,2,37,1,76,72,33
51409,51,9,48,28,8,0,1,5,0,6,26,36,3
54409,54,8,23,18,8,1,6,1,0,0,6,19,2
39409,39,7,21,10,8,0,0,2,0,3,0,19,2
70409,70,5,7,15,8,4,3,0,0,6,0,16,5
50409,50,45,186,239,67,12,22,6,0,11,155,196,65
55409,55,7,3,5,3,0,5,4,0,0,0,4,0
31409,31,50,206,318,91,0,15,3,18,10,279,192,97
67409,67,21,91,84,17,2,7,3,21,2,52,97,23
88409,88,58,295,198,52,7,17,5,33,15,152,173,43
974409,974,693,5787,4643,1945,380,297,104,245,440,5791,4284,1925
71409,71,11,32,34,14,0,6,3,0,0,14,31,4
24409,24,30,130,131,37,0,11,5,4,5,146,103,40
33409,33,4,9,6,4,0,3,3,0,3,0,8,4
77409,77,86,286,302,82,1,19,7,0,14,269,225,72
38409,38,35,127,146,34,6,0,2,0,9,106,105,45
17409,17,85,346,394,97,9,17,8,70,12,311,326,98
32409,32,0,5,5,0,4,2,0,1,0,11,11,8
65409,65,7,20,32,10,0,0,0,0,6,36,24,14
63409,63,10,18,27,5,6,2,5,1,2,23,20,6
08409,08,316,1894,1074,252,69,62,24,65,52,1003,1018,282
89409,89,0,14,12,7,0,0,2,0,2,0,7,7
28409,28,9,44,48,9,0,0,0,23,0,35,36,5
11409,11,1,22,13,3,0,4,0,0,1,4,7,7
10409,10,17,93,61,13,3,0,0,7,1,36,60,11
16409,16,29,113,130,35,1,8,0,0,6,82,80,36
80410,80,100,614,414,78,33,23,10,30,8,364,318,81
62410,62,7,37,27,11,5,2,4,0,6,0,14,5
02410,02,1,43,26,4,0,5,0,0,0,12,23,6
57410,57,6,15,11,7,0,3,3,0,3,7,11,4
76410,76,187,985,864,230,22,51,25,43,29,869,699,264
21410,21,6,0,4,1,2,1,0,0,3,0,0,6
27410,27,15,74,47,16,0,3,0,0,0,39,50,16
78410,78,26,59,145,28,1,5,5,0,3,73,135,28
60410,60,3,45,24,3,6,0,5,0,6,12,29,11
59410,59,396,2284,1632,469,56,76,24,68,59,1638,1360,439
25410,25,35,148,124,38,9,12,0,0,8,94,120,37
64410,64,109,365,700,239,25,58,4,180,21,584,521,206
14410,14,32,102,125,30,6,5,0,4,1,77,109,39
51410,51,11,88,59,17,2,8,1,1,0,48,67,13
54410,54,13,45,36,17,2,6,0,6,0,37,30,13
31410,31,88,361,577,182,8,21,7,50,24,481,361,181
70410,70,17,104,62,18,0,1,4,19,1,45,56,16
50410,50,114,384,468,124,30,33,1,23,15,291,409,122
55410,55,4,20,15,0,6,4,1,0,2,0,13,6
67410,67,16,80,75,24,0,8,4,0,0,50,71,20
974410,974,525,4226,3397,1404,247,186,92,331,303,4082,3140,1390
71410,71,16,98,79,23,4,0,1,0,4,70,71,22
24410,24,13,61,60,17,0,4,0,0,0,60,47,14
77410,77,23,68,73,21,0,6,3,3,9,60,51,15
38410,38,26,142,168,40,5,12,0,0,13,116,114,50
17410,17,19,71,71,13,0,6,1,14,1,60,58,16
88410,88,15,45,25,5,0,0,5,7,0,21,31,10
32410,32,48,225,244,83,5,12,6,63,7,225,190,102
65410,65,6,46,71,17,0,0,2,33,0,68,32,14
63410,63,2,14,18,4,0,3,1,14,6,15,11,5
08410,08,3,24,21,6,0,0,4,0,4,12,13,10
01410,01,12,38,38,12,3,0,2,0,1,12,27,9
89410,89,6,3,15,6,5,6,0,0,3,0,14,0
10410,10,3,16,17,6,0,0,4,0,0,7,12,7
11410,11,19,115,84,32,6,9,0,0,1,85,67,29
28410,28,8,31,32,3,5,0,0,6,0,28,24,3
62411,62,0,5,3,3,0,0,0,8,0,0,2,5
70411,70,4,6,6,3,0,0,0,0,0,2,1,0
10411,10,0,3,4,0,0,2,4,0,1,0,0,2
02411,02,9,35,20,3,0,1,4,5,0,13,17,6
80411,80,15,73,54,13,2,1,4,3,0,48,33,7
91411,91,73,165,256,64,10,8,0,2,10,202,171,59
89411,89,38,146,101,18,14,8,3,18,11,61,103,13
57411,57,13,41,32,10,0,0,0,25,0,25,28,4
76411,76,9,28,28,8,0,5,0,0,6,3,21,9
14411,14,7,26,36,7,0,0,1,0,0,17,26,8
21411,21,11,53,63,12,0,2,0,7,5,38,58,11
27411,27,6,30,23,9,0,4,3,0,4,10,25,0
60411,60,21,114,75,16,1,9,0,0,3,35,62,22
59411,59,60,298,215,63,5,6,2,15,11,243,190,71
25411,25,143,628,613,155,20,27,9,41,41,455,557,157
64411,64,6,22,30,6,0,6,0,7,0,26,23,14
54411,54,6,25,31,12,0,1,3,0,0,18,24,7
31411,31,21,70,108,33,4,0,0,21,5,106,73,42
39411,39,45,187,146,35,11,9,1,0,9,146,141,35
50411,50,24,70,82,21,0,2,0,0,0,39,73,23
55411,55,1,18,5,0,5,0,0,0,5,0,14,6
52411,52,36,256,127,20,4,5,12,33,0,97,133,30
67411,67,183,665,602,145,25,29,7,90,20,395,606,161
88411,88,0,9,15,0,0,0,3,0,2,9,9,5
974411,974,1944,15291,12450,5013,943,801,231,960,1082,15584,11360,5080
71411,71,2,22,21,5,5,0,3,0,0,11,20,9
24411,24,6,12,25,3,0,0,2,7,4,13,12,4
33411,33,1,14,15,10,0,0,0,0,0,17,13,5
77411,77,17,52,52,15,0,5,0,11,5,47,45,19
61411,61,3,28,29,3,6,2,0,21,0,17,29,7
17411,17,34,149,150,44,7,8,5,5,0,135,145,45
32411,32,6,5,12,1,2,2,0,0,5,4,8,8
65411,65,0,10,9,8,3,2,1,0,0,0,9,8
63411,63,5,45,55,12,4,0,1,9,1,56,33,22
08411,08,4,21,5,0,0,3,0,0,0,4,13,6
01411,01,11,29,32,11,5,0,2,0,2,0,32,7
11411,11,6,13,14,4,0,1,5,0,4,8,15,0
28411,28,10,23,19,8,0,4,0,0,0,1,12,5
80412,80,15,97,74,15,3,3,4,12,1,63,48,10
62412,62,22,190,108,24,2,1,0,34,2,107,78,34
02412,02,7,11,9,4,0,2,2,0,0,0,13,0
14412,14,0,9,7,4,4,0,0,5,0,3,5,0
57412,57,124,554,386,99,17,24,7,0,25,290,334,109
76412,76,18,95,76,28,4,8,0,0,6,84,65,27
21412,21,40,151,161,50,9,7,0,28,5,124,143,44
91412,91,29,63,90,28,6,5,5,0,0,74,62,28
60412,60,23,108,64,14,0,0,0,10,0,51,50,17
59412,59,3,31,30,4,4,5,4,0,1,27,16,7
64412,64,6,8,12,9,0,6,0,0,0,0,5,8
51412,51,1,8,9,0,5,0,3,0,5,5,5,0
54412,54,0,0,4,2,5,3,0,0,4,0,0,6
39412,39,5,36,36,7,5,4,0,0,0,21,35,12
70412,70,0,6,7,0,0,0,2,10,5,1,1,1
50412,50,85,319,371,97,12,22,9,0,16,207,324,99
31412,31,10,33,46,6,4,0,0,0,8,11,25,15
55412,55,6,28,16,4,5,2,0,0,2,3,21,9
67412,67,28,119,121,24,3,4,1,24,7,69,121,23
88412,88,9,63,40,6,0,0,0,33,0,31,42,15
71412,71,39,129,134,30,5,3,0,31,9,100,103,31
24412,24,15,103,105,28,8,6,0,19,0,103,72,34
33412,33,22,128,161,59,5,15,3,15,3,149,113,51
77412,77,12,37,46,12,0,7,3,0,0,38,32,15
974412,974,526,4576,3659,1389,263,245,78,407,317,4563,3295,1425
61412,61,17,78,78,22,0,4,0,0,7,35,86,22
38412,38,102,403,470,120,5,16,17,50,24,366,322,129
17412,17,17,68,78,16,2,8,1,0,0,43,57,21
32412,32,19,80,103,39,3,0,6,0,7,68,77,39
63412,63,12,57,90,21,3,5,2,0,1,78,54,28
65412,65,0,19,23,8,0,3,1,7,0,17,8,5
08412,08,6,30,12,6,0,4,3,0,1,3,11,4
01412,01,13,56,51,11,1,3,3,12,0,44,45,12
27412,27,38,226,159,47,7,5,9,2,8,129,144,48
89412,89,1,17,11,8,0,3,4,0,0,8,14,1
11412,11,0,13,3,0,0,2,4,9,0,4,3,0
10412,10,26,144,98,20,5,7,2,4,7,58,107,17
16412,16,4,45,47,7,4,6,1,0,4,27,38,16
80413,80,3,17,14,5,0,0,0,0,2,0,10,1
62413,62,276,1915,1029,282,51,57,25,62,32,958,765,287
63413,63,9,52,79,22,4,5,2,26,6,77,46,18
02413,02,3,43,15,4,0,3,4,12,0,16,22,1
57413,57,98,475,357,106,27,18,11,42,17,314,299,93
76413,76,13,64,42,13,0,0,0,11,7,50,36,8
21413,21,14,44,42,11,0,3,0,10,3,30,44,15
78413,78,9,28,48,16,0,0,5,0,6,14,45,11
60413,60,4,57,35,13,0,5,3,0,5,24,30,4
27413,27,24,127,72,22,7,7,0,0,5,57,71,26
59413,59,18,83,59,20,2,0,4,0,6,34,53,10
25413,25,26,105,99,28,4,3,2,28,4,84,100,22
64413,64,15,45,96,21,0,9,1,21,0,67,68,20
51413,51,31,130,99,21,5,6,4,0,4,71,103,28
54413,54,2,21,21,2,0,4,1,0,6,0,8,9
31413,31,12,39,70,25,4,4,2,0,3,44,45,16
39413,39,8,46,46,5,0,4,1,12,4,31,30,5
70413,70,58,332,205,52,8,5,6,28,13,144,197,52
50413,50,9,55,71,17,5,3,0,0,6,28,60,20
52413,52,0,15,10,0,3,2,4,4,5,6,7,8
67413,67,20,75,63,19,0,7,0,0,0,31,69,13
88413,88,555,2457,1716,407,86,130,21,96,96,1345,1571,419
71413,71,28,114,93,21,5,0,1,8,9,77,84,29
24413,24,2,31,33,3,2,5,0,0,4,24,16,12
33413,33,35,168,284,87,3,19,4,44,3,211,167,69
77413,77,104,372,376,84,3,14,10,34,30,343,315,94
61413,61,2,15,15,1,1,5,0,0,0,7,21,8
38413,38,15,54,60,19,6,5,1,0,4,26,36,16
974413,974,492,4071,3284,1313,231,188,50,292,313,4077,3008,1326
17413,17,32,137,150,31,5,7,6,29,3,133,124,33
32413,32,0,10,4,7,0,0,5,8,0,2,5,0
65413,65,2,16,24,8,0,4,3,0,4,7,11,6
08413,08,5,37,15,3,6,0,0,9,0,16,22,0
89413,89,3,5,2,0,3,3,0,1,0,7,3,0
11413,11,9,61,51,15,5,6,5,0,6,36,37,11
16413,16,5,14,17,1,3,5,0,0,3,6,10,0
80414,80,0,14,13,8,3,3,0,0,4,9,6,6
62414,62,4,45,29,2,6,0,3,0,0,21,12,6
02414,02,10,38,15,5,3,0,0,7,0,16,20,10
25414,25,2,16,12,5,3,5,1,0,3,4,8,0
57414,57,28,169,114,35,9,3,0,13,6,107,100,32
76414,76,35,201,167,44,4,9,0,0,13,156,144,48
21414,21,13,31,36,7,6,0,4,0,1,19,34,7
91414,91,11,24,47,8,0,3,0,4,5,32,29,15
60414,60,272,1402,927,222,41,56,19,44,36,739,807,223
59414,59,94,571,420,103,11,17,12,20,20,411,341,112
27414,27,19,95,71,20,1,0,0,3,7,62,67,20
64414,64,4,13,13,3,5,6,2,0,1,2,12,10
51414,51,5,12,15,8,1,6,0,0,4,0,19,7
54414,54,16,87,75,20,1,2,2,0,1,69,51,14
31414,31,6,8,16,3,0,0,0,0,5,11,5,2
70414,70,29,146,91,20,3,3,0,0,9,77,81,28
52414,52,15,115,68,12,4,4,5,0,1,49,63,20
55414,55,6,27,21,6,1,0,0,3,3,12,10,0
67414,67,45,167,170,35,10,2,3,23,10,91,160,38
71414,71,8,60,45,17,0,0,0,24,0,42,38,15
24414,24,2,28,25,12,0,0,2,14,0,28,21,8
33414,33,8,31,53,9,2,6,0,0,5,34,27,16
77414,77,16,59,52,12,3,7,2,0,5,40,50,10
61414,61,26,116,97,30,5,11,0,7,9,68,112,19
974414,974,773,6302,5083,2068,393,346,108,447,417,6248,4678,2052
17414,17,153,595,672,157,8,33,14,21,19,489,585,160
38414,38,4,0,10,6,0,3,1,0,0,0,3,7
32414,32,0,27,27,13,0,5,3,0,0,20,27,7
63414,63,13,41,77,16,0,1,3,2,3,61,46,20
65414,65,1,10,18,6,3,4,5,0,1,0,7,0
89414,89,48,213,143,30,0,8,4,0,4,116,150,36
11414,11,4,0,0,0,5,4,0,0,0,0,0,3
28414,28,0,4,6,7,0,0,5,3,0,3,9,1
10414,10,0,17,8,0,0,0,1,19,3,8,20,1
16414,16,9,38,53,11,0,1,0,10,0,38,31,8
80415,80,23,159,104,27,5,11,2,0,6,93,84,19
62415,62,9,91,39,8,0,1,1,7,4,51,38,15
02415,02,1,31,7,5,3,4,1,0,6,2,16,1
57415,57,65,280,200,53,9,12,0,25,14,167,169,52
76415,76,9,44,29,11,3,0,0,0,1,34,32,12
21415,21,4,30,30,3,1,0,0,9,0,25,21,5
78415,78,10,36,77,21,0,2,0,9,1,52,67,18
59415,59,1,40,21,8,0,0,3,10,0,26,24,4
60415,60,1,25,18,4,0,5,3,0,5,11,11,1
27415,27,13,57,36,9,2,0,0,3,0,36,40,14
25415,25,12,38,34,15,0,1,5,11,0,26,33,8
64415,64,31,102,178,51,9,7,0,77,9,148,120,62
51415,51,11,23,18,6,0,5,5,8,0,9,16,0
54415,54,107,513,463,118,20,22,0,14,15,411,354,108
39415,39,31,128,110,20,8,10,0,0,5,98,106,23
31415,31,0,3,10,8,0,1,3,6,0,7,11,1
70415,70,11,82,49,15,0,3,1,19,0,42,47,9
55415,55,8,9,13,0,0,0,0,0,0,3,10,0
52415,52,7,16,14,0,0,0,3,0,0,8,12,7
67415,67,13,59,48,18,0,7,0,0,8,39,50,10
88415,88,132,478,344,75,15,30,8,4,12,264,325,88
33415,33,35,151,218,73,0,16,0,32,5,202,138,70
24415,24,8,25,30,8,0,1,2,0,1,19,18,5
77415,77,41,125,127,37,0,1,0,11,3,129,98,34
61415,61,14,44,43,4,5,4,1,0,0,11,48,8
38415,38,33,182,201,54,6,10,0,0,5,134,135,53
974415,974,1535,12279,9938,4013,796,685,208,824,908,12335,9056,4046
71415,71,8,20,13,9,6,4,0,0,2,1,13,8
17415,17,601,2475,2784,681,94,134,41,146,94,2129,2438,665
32415,32,2,8,9,0,0,0,5,0,2,7,9,6
63415,63,24,101,148,38,5,10,3,2,0,121,94,37
08415,08,11,40,28,2,0,2,3,0,5,12,27,12
65415,65,8,18,35,11,2,0,1,0,6,23,15,14
01415,01,14,49,42,8,5,3,1,0,3,14,45,11
89415,89,2,32,20,2,4,5,0,0,4,15,23,0
11415,11,7,15,17,7,1,2,1,0,2,3,9,0
28415,28,45,186,179,41,13,16,0,0,9,101,182,46
16415,16,23,108,124,38,8,3,5,12,6,97,88,39
80416,80,23,119,88,14,8,5,0,0,6,54,56,22
62416,62,3,41,18,11,4,0,0,0,0,20,17,3
02416,02,16,80,38,14,7,0,0,0,0,19,39,10
57416,57,18,83,75,18,2,7,2,0,4,52,57,22
76416,76,13,43,29,10,1,7,3,0,3,18,26,12
21416,21,46,173,193,52,3,7,0,17,15,143,175,46
78416,78,9,18,44,10,0,4,1,0,1,29,41,7
60416,60,6,27,22,9,0,4,0,0,0,0,19,0
59416,59,70,379,281,66,2,8,10,8,15,286,226,84
25416,25,6,26,23,8,1,5,5,0,0,9,18,2
64416,64,16,57,110,30,0,12,0,63,6,90,77,31
51416,51,19,67,40,8,4,0,0,1,7,36,43,10
54416,54,0,21,19,7,1,0,0,0,4,23,8,7
31416,31,15,49,75,19,2,0,4,0,0,53,44,24
70416,70,7,26,14,0,0,0,1,20,4,13,16,4
52416,52,6,2,7,3,4,4,1,0,2,0,2,3
55416,55,8,36,20,3,0,2,0,0,6,23,26,4
67416,67,18,53,55,8,4,1,3,1,0,27,53,7
88416,88,6,5,6,0,3,5,4,0,1,0,8,6
71416,71,17,81,71,16,1,2,5,0,4,52,60,19
24416,24,8,18,25,7,3,6,0,0,0,4,23,9
33416,33,11,70,110,26,4,10,0,10,1,93,60,36
77416,77,12,26,24,5,0,4,0,2,0,20,23,12
61416,61,0,4,2,0,0,0,0,14,2,0,5,0
38416,38,149,696,751,202,21,24,14,36,14,621,540,211
974416,974,1153,9542,7658,3071,580,438,128,531,698,9514,7135,3149
17416,17,0,11,2,7,0,3,0,0,3,0,7,0
32416,32,8,39,49,12,1,4,0,0,6,32,39,18
63416,63,6,9,19,8,4,3,4,0,0,0,11,6
65416,65,0,10,14,0,4,5,5,0,3,0,8,0
08416,08,1,26,20,6,0,2,0,12,0,12,8,1
01416,01,28,101,91,15,6,2,2,0,2,38,84,17
89416,89,17,74,53,16,0,3,1,4,6,39,52,11
11416,11,6,35,26,10,5,0,5,0,0,23,13,3
10416,10,13,37,26,9,5,0,0,0,0,12,26,2
16416,16,18,55,66,12,4,2,1,11,0,62,53,13
80417,80,25,165,128,22,1,2,0,3,4,113,100,23
32417,32,9,33,43,14,0,6,0,9,3,30,34,15
02417,02,0,19,10,3,0,0,0,4,1,12,13,0
57417,57,4,7,11,5,0,4,3,0,0,0,7,1
76417,76,12,46,41,15,0,7,4,0,6,34,32,16
21417,21,8,14,18,4,0,4,0,0,0,6,8,0
78417,78,5,18,34,9,4,6,0,6,3,19,36,7
27417,27,18,79,50,15,3,0,2,8,0,54,55,12
25417,25,15,88,84,28,3,9,4,0,7,68,93,27
64417,64,54,199,403,122,19,29,2,74,4,299,283,111
51417,51,11,54,37,8,0,0,0,0,5,31,49,8
54417,54,4,32,24,8,0,7,5,4,0,21,22,8
31417,31,133,682,1097,340,29,45,22,105,53,994,702,343
70417,70,4,43,29,9,6,2,1,19,0,19,22,2
50417,50,46,175,215,68,7,11,7,3,9,166,218,62
67417,67,7,45,45,7,5,5,0,0,6,12,36,14
71417,71,30,108,101,26,8,1,0,5,3,84,92,27
24417,24,9,61,65,12,2,7,2,0,0,60,52,18
88417,88,8,60,42,15,3,0,2,0,7,23,33,11
77417,77,6,27,20,9,0,2,4,0,0,12,15,6
974417,974,78,713,556,248,49,25,12,53,47,711,510,235
33417,33,54,236,341,100,12,21,2,44,8,290,232,98
38417,38,14,43,48,19,4,5,0,4,6,45,31,13
17417,17,7,16,21,7,5,0,0,0,2,0,18,5
63417,63,67,225,336,88,16,10,5,19,13,239,202,99
65417,65,105,442,629,164,28,23,10,79,30,549,350,175
08417,08,4,56,33,9,1,6,0,0,5,18,20,6
89417,89,6,16,13,8,2,0,5,0,3,1,8,0
11417,11,1,9,13,0,0,4,0,6,3,5,1,1
10417,10,6,33,25,7,0,2,4,0,4,15,24,5
28417,28,43,158,127,37,10,3,6,0,3,87,140,37
80418,80,3,20,14,0,0,0,0,0,0,2,4,5
62418,62,8,55,32,4,0,4,0,0,0,14,25,12
70418,70,15,57,35,7,7,1,3,9,4,27,30,14
02418,02,9,34,23,5,0,5,0,0,0,6,15,0
57418,57,6,39,29,12,4,7,3,0,4,23,22,3
76418,76,23,134,104,30,3,9,4,29,0,108,87,26
21418,21,2,2,13,6,0,0,4,0,0,0,10,0
78418,78,295,832,1841,427,22,44,27,37,84,1064,1756,462
60418,60,7,51,33,12,2,2,0,10,0,33,38,5
27418,27,0,18,7,4,3,5,0,0,3,12,12,2
59418,59,37,201,139,31,10,5,0,0,2,129,119,34
25418,25,24,129,138,33,1,4,3,23,7,114,115,28
64418,64,1,9,10,7,4,0,0,14,0,9,11,0
51418,51,11,63,52,11,0,5,0,0,1,32,50,7
54418,54,10,23,18,10,0,0,3,0,0,14,18,8
39418,39,6,9,11,5,0,0,0,0,2,7,9,6
31418,31,17,93,152,39,0,0,0,20,1,123,93,40
67418,67,67,214,204,48,12,10,11,13,5,134,216,52
24418,24,19,88,93,24,5,8,3,28,2,90,68,31
33418,33,3,30,38,15,6,8,0,9,0,34,34,9
77418,77,28,91,92,24,0,7,1,4,2,85,69,28
61418,61,18,68,50,16,5,1,0,0,2,22,71,16
88418,88,10,68,53,7,3,4,4,3,0,44,40,6
974418,974,468,3893,3120,1279,246,191,56,110,277,3781,2879,1225
38418,38,9,24,25,5,5,0,3,14,1,22,16,7
17418,17,23,61,68,14,1,6,0,3,6,65,67,22
32418,32,8,20,22,11,0,6,0,18,0,20,18,7
63418,63,17,47,87,19,2,5,0,5,6,62,54,19
65418,65,4,27,40,13,0,2,2,17,0,48,29,7
08418,08,8,38,18,5,4,0,0,2,0,18,22,3
01418,01,34,136,130,33,0,7,0,0,8,83,104,23
89418,89,98,460,336,72,17,15,12,39,18,260,323,66
11418,11,16,160,109,39,5,1,0,5,7,116,76,37
10418,10,8,28,15,0,0,0,0,3,0,14,21,0
28418,28,0,27,22,4,0,0,0,3,1,17,21,1
16418,16,43,193,230,50,2,12,0,23,4,186,150,56
62419,62,0,18,13,0,0,0,0,6,4,13,10,9
14419,14,9,32,32,5,0,6,5,5,0,23,24,12
31419,31,0,15,25,8,1,1,5,11,2,17,12,7
02419,02,12,54,27,4,6,3,0,0,0,18,30,2
57419,57,25,138,104,31,4,4,0,7,5,94,81,26
76419,76,4,19,15,2,1,0,4,0,6,13,9,3
21419,21,11,34,36,7,3,1,0,0,0,0,33,12
59419,59,29,196,137,35,7,9,0,0,7,120,120,37
27419,27,15,106,66,18,3,5,1,34,1,61,62,21
25419,25,0,11,8,8,0,4,4,7,1,8,11,0
64419,64,26,88,175,60,8,7,4,66,0,146,116,46
51419,51,2,19,16,5,5,1,4,0,1,0,12,2
54419,54,3,7,11,0,0,0,4,7,0,6,4,0
39419,39,0,3,10,3,0,4,0,0,1,3,0,1
70419,70,5,11,6,3,4,6,5,0,0,11,4,0
50419,50,93,342,391,113,30,23,9,11,15,236,352,117
52419,52,0,24,13,0,3,0,0,0,0,5,16,8
55419,55,5,17,23,4,5,4,3,0,6,0,17,8
71419,71,61,224,210,52,11,6,5,20,14,143,181,52
24419,24,20,98,108,24,4,10,3,0,0,104,82,32
33419,33,7,8,8,4,2,0,5,0,1,0,5,0
88419,88,2,22,18,2,0,0,1,0,2,0,16,6
77419,77,86,321,344,89,15,10,1,29,23,322,252,88
38419,38,8,19,21,1,5,2,3,2,0,23,15,2
61419,61,4,21,21,6,0,1,3,0,4,12,31,10
974419,974,106,796,654,265,48,59,7,22,61,806,608,272
32419,32,2,10,9,3,0,5,0,10,5,10,6,0
65419,65,1,9,15,2,0,0,0,7,0,12,3,2
63419,63,18,52,80,23,3,9,4,6,1,66,52,24
08419,08,31,178,108,33,0,6,2,9,6,101,89,25
01419,01,116,475,423,89,11,16,4,21,18,295,429,100
89419,89,68,334,219,63,14,18,7,27,11,161,230,48
11419,11,0,3,11,0,0,2,1,0,3,0,9,5
10419,10,28,115,67,18,3,0,0,0,2,52,84,20
28419,28,13,41,34,6,0,5,2,0,0,15,32,8
16419,16,8,38,41,6,6,1,0,10,3,34,31,9
80420,80,9,27,26,6,0,0,0,0,2,1,16,9
02420,02,26,140,66,22,1,8,0,0,8,68,69,13
76420,76,4,32,28,7,0,0,0,21,5,28,33,6
21420,21,3,16,24,5,0,0,3,5,5,14,13,9
78420,78,60,169,362,89,1,12,0,32,18,222,354,83
60420,60,13,62,39,14,0,3,0,0,5,15,33,12
27420,27,5,20,20,1,0,0,0,9,0,21,15,1
59420,59,5,0,9,4,0,0,0,0,0,0,0,3
25420,25,6,23,13,10,4,0,0,0,0,10,17,7
64420,64,2,19,39,13,2,0,2,10,0,27,27,15
51420,51,3,9,12,0,0,0,0,0,0,9,14,2
54420,54,0,15,13,1,0,0,0,0,5,7,10,0
39420,39,9,26,27,1,0,0,0,0,4,19,17,7
31420,31,47,221,356,105,11,17,5,0,12,274,211,118
70420,70,6,10,4,3,0,0,0,0,0,2,7,3
50420,50,19,85,94,28,2,6,1,22,0,63,83,28
52420,52,8,20,17,2,0,0,3,0,0,5,17,0
67420,67,45,171,145,45,6,5,6,9,10,91,140,34
55420,55,3,7,7,6,0,0,0,0,0,0,12,6
71420,71,71,277,253,73,16,15,3,9,12,195,229,75
24420,24,3,30,33,9,0,1,0,0,0,22,16,12
33420,33,0,14,19,3,2,4,2,0,4,6,16,9
77420,77,99,403,410,111,12,18,5,0,29,349,329,100
38420,38,3,35,45,11,1,0,2,3,3,31,29,11
61420,61,0,8,8,7,0,0,0,1,2,7,7,0
974420,974,321,2685,2245,895,160,180,60,100,195,2652,2047,957
17420,17,62,238,273,62,11,19,4,35,4,235,240,76
32420,32,0,10,12,0,3,0,5,0,0,0,11,0
63420,63,9,49,83,23,3,3,0,7,7,72,55,27
08420,08,26,177,115,29,5,10,3,10,4,98,99,30
65420,65,1,4,12,1,0,3,2,5,0,17,5,4
01420,01,41,152,150,28,0,5,0,36,9,97,128,33
89420,89,34,164,112,19,4,6,0,4,8,97,107,24
11420,11,8,23,10,5,0,0,0,5,1,18,7,3
10420,10,60,314,170,36,7,16,4,6,11,122,236,34
16420,16,12,33,31,14,6,1,1,0,6,17,27,8
80421,80,11,51,27,6,0,7,0,6,0,23,19,5
62421,62,9,59,36,12,3,3,4,0,2,37,28,9
10421,10,9,20,7,3,1,0,0,0,5,0,19,0
14421,14,20,54,69,19,0,9,3,0,0,46,66,20
02421,02,0,10,7,0,5,0,0,9,0,6,7,0
57421,57,3,15,10,5,0,1,0,5,3,8,14,0
21421,21,7,25,26,3,0,4,3,1,0,16,26,3
60421,60,14,63,32,5,4,3,4,0,4,15,38,13
91421,91,722,1605,2578,669,67,86,34,164,132,2029,1786,645
27421,27,16,83,55,13,0,1,4,4,0,55,60,11
59421,59,333,1850,1306,369,39,61,18,43,66,1353,1104,368
76421,76,14,92,78,28,3,3,1,18,5,85,70,30
25421,25,4,5,4,1,0,0,1,3,0,3,12,6
64421,64,23,95,167,57,3,11,5,31,5,125,129,53
51421,51,0,13,11,1,3,0,1,0,0,12,12,0
54421,54,7,40,29,9,5,0,0,10,0,26,29,4
39421,39,10,32,34,11,0,3,0,0,0,34,31,4
31421,31,88,359,572,184,17,25,5,54,23,504,355,186
70421,70,91,475,289,64,20,17,6,12,12,230,265,66
50421,50,10,39,39,15,2,7,0,0,6,8,36,12
55421,55,4,13,3,6,3,1,4,0,0,0,7,0
52421,52,8,59,28,11,4,4,0,6,0,28,39,9
67421,67,30,83,83,16,0,0,3,16,9,54,71,15
71421,71,9,17,22,1,2,0,0,0,0,17,23,1
24421,24,0,29,30,2,0,4,3,4,6,30,14,3
33421,33,7,34,57,13,5,7,0,11,0,40,36,10
88421,88,0,20,13,0,2,1,1,14,0,6,10,0
77421,77,6,25,32,8,0,6,1,3,6,22,27,7
61421,61,19,80,67,17,0,9,5,0,0,42,75,10
38421,38,551,2451,2686,724,73,103,50,136,79,2108,1896,747
974421,974,121,857,694,302,60,60,18,80,79,860,664,288
17421,17,203,838,914,239,34,54,10,48,36,670,813,219
32421,32,7,12,22,8,5,5,3,0,6,0,13,4
08421,08,6,7,9,0,5,4,0,0,0,0,11,7
63421,63,2,22,25,6,3,0,1,5,4,23,14,11
65421,65,0,3,5,2,3,0,3,0,5,6,2,2
01421,01,24,79,72,22,4,6,0,13,1,47,71,11
11421,11,10,67,61,14,3,7,0,5,7,60,38,12
28421,28,3,31,32,8,6,4,0,0,0,23,25,2
16421,16,14,38,48,17,5,8,0,0,6,36,29,9
80422,80,9,84,56,9,0,7,1,0,0,46,46,16
62422,62,14,88,45,10,5,3,0,5,1,46,31,16
974422,974,1121,9290,7563,3035,571,489,176,562,658,9481,6880,3019
61422,61,18,71,63,20,0,6,4,9,1,43,74,16
28422,28,113,447,388,103,14,18,16,22,11,269,400,91
02422,02,17,132,63,10,4,7,0,0,8,59,61,19
57422,57,23,149,96,28,6,4,6,2,0,86,85,30
76422,76,12,37,24,13,6,4,0,0,0,21,22,5
21422,21,5,19,23,2,0,1,3,0,1,7,17,0
95422,95,5,27,52,9,1,5,0,0,6,48,35,15
60422,60,1,28,15,5,3,4,0,5,0,14,23,6
27422,27,25,129,91,21,5,2,2,4,7,84,78,25
59422,59,13,93,56,14,5,0,0,0,6,60,54,22
25422,25,5,24,13,6,4,6,0,0,5,7,12,2
64422,64,178,658,1286,360,28,92,15,319,20,975,837,361
51422,51,15,59,49,13,7,3,1,0,6,16,46,8
54422,54,0,10,9,3,0,0,3,5,0,6,3,0
31422,31,7,4,10,0,0,3,1,5,1,13,7,1
39422,39,14,67,57,10,0,8,6,0,4,51,60,15
70422,70,3,18,11,0,5,1,0,6,0,8,15,8
50422,50,4,22,22,11,0,4,1,0,0,6,17,10
55422,55,0,8,2,0,0,0,0,6,0,0,10,5
52422,52,6,46,31,10,0,0,0,0,4,8,29,8
67422,67,19,83,70,13,0,6,2,0,4,50,78,17
71422,71,8,33,36,5,1,7,4,4,0,23,30,9
24422,24,1,10,9,6,0,0,3,0,4,12,12,8
33422,33,157,759,1097,316,25,66,17,67,44,896,716,311
38422,38,141,615,711,190,19,30,16,30,34,586,506,192
32422,32,0,2,1,3,2,1,0,1,0,7,6,2
17422,17,1,15,6,3,0,1,0,0,3,2,14,5
08422,08,9,24,12,8,0,0,0,5,0,7,7,1
63422,63,15,45,59,23,3,4,6,0,0,46,36,22
65422,65,2,32,45,15,3,1,0,5,2,32,27,10
01422,01,49,187,167,32,1,11,3,0,9,111,153,32
89422,89,0,6,8,4,0,0,0,0,0,2,9,0
11422,11,7,58,37,15,0,5,1,0,0,32,32,9
10422,10,7,25,25,6,4,6,0,0,4,0,26,5
16422,16,15,75,76,16,6,1,0,0,6,63,52,25
80423,80,15,56,40,14,0,3,4,7,0,41,29,5
62423,62,40,260,136,41,7,6,3,0,10,126,115,43
10423,10,16,55,37,10,0,5,0,11,3,25,47,8
974423,974,123,921,736,310,46,65,13,86,57,959,679,299
02423,02,13,84,34,5,1,5,4,7,0,31,33,10
57423,57,0,8,7,0,0,4,4,0,1,1,7,6
21423,21,19,73,75,23,1,2,0,8,3,71,74,23
78423,78,643,1870,4173,968,64,115,38,165,167,2360,3935,1002
60423,60,27,190,106,25,2,3,0,10,6,104,104,29
27423,27,22,119,80,26,0,7,6,0,8,72,83,15
76423,76,4,20,17,5,2,4,0,4,3,25,11,7
59423,59,32,172,113,33,4,7,0,4,8,126,98,32
64423,64,6,8,24,10,0,3,3,8,0,20,16,4
51423,51,47,217,167,31,11,3,0,4,4,112,171,37
54423,54,9,45,34,8,0,2,2,4,2,34,26,13
31423,31,4,27,43,19,0,0,2,8,0,32,28,15
39423,39,4,21,17,0,1,2,0,1,0,10,12,8
70423,70,6,14,6,4,5,3,0,0,0,2,12,4
50423,50,3,26,36,13,5,4,1,0,3,0,28,8
55423,55,14,51,36,3,3,2,0,0,5,25,32,7
52423,52,24,105,59,12,0,3,0,3,5,41,64,7
67423,67,15,82,66,19,0,7,0,7,0,47,63,10
71423,71,10,47,47,8,5,3,0,12,7,32,32,7
33423,33,9,29,47,13,1,7,4,29,3,47,34,18
24423,24,8,30,32,11,0,5,2,0,4,16,29,13
88423,88,40,173,115,25,13,12,2,9,2,99,112,33
61423,61,24,85,74,18,0,9,0,8,2,49,94,18
77423,77,22,79,73,13,0,2,0,11,3,67,65,24
38423,38,110,449,536,133,10,16,12,60,16,417,371,138
17423,17,0,2,5,6,2,3,0,0,3,0,9,7
63423,63,13,56,72,16,0,7,4,5,2,62,47,16
65423,65,0,12,14,9,0,6,2,0,0,5,9,7
32423,32,0,3,7,4,0,0,0,0,0,8,6,0
01423,01,35,127,125,29,6,4,0,0,5,84,109,27
89423,89,7,30,21,0,0,0,4,0,2,7,13,8
11423,11,6,27,20,5,0,0,0,4,0,13,15,4
16423,16,13,27,31,9,0,2,0,6,0,33,24,15
28423,28,19,74,56,10,1,7,1,3,4,45,69,20
974424,974,97,698,607,224,49,40,15,28,54,708,508,240
62424,62,11,56,34,14,3,0,0,0,6,31,30,4
80424,80,16,77,52,9,0,2,0,14,0,50,35,12
14424,14,8,14,19,7,6,3,0,0,0,17,25,2
25424,25,32,164,141,33,8,9,0,6,12,110,149,42
02424,02,1,15,12,2,0,0,0,3,1,6,14,3
57424,57,3,28,20,1,1,2,3,3,2,22,20,4
21424,21,0,6,17,2,0,0,3,14,0,4,7,0
95424,95,339,1338,1988,539,46,54,28,101,122,1833,1432,535
60424,60,5,40,31,8,0,6,4,0,3,9,23,11
76424,76,1,32,24,8,1,3,2,0,0,24,24,8
27424,27,8,46,35,5,0,5,2,0,0,30,37,7
59424,59,28,160,116,32,0,7,3,0,9,106,102,30
64424,64,13,38,76,22,5,8,1,24,7,58,57,19
51424,51,6,22,21,0,0,3,2,0,3,18,18,9
54424,54,0,1,1,0,0,0,0,7,4,8,0,0
31424,31,326,1381,2263,739,31,80,43,187,73,2031,1396,706
39424,39,8,20,22,3,4,4,5,0,6,1,10,6
55424,55,0,13,4,0,2,0,0,5,0,10,1,0
52424,52,0,17,10,2,5,0,0,0,0,0,5,3
67424,67,10,34,28,5,0,1,0,0,3,14,26,10
71424,71,8,16,28,2,4,4,0,0,6,0,25,10
24424,24,0,17,14,1,0,1,0,0,6,15,14,6
33424,33,90,404,537,170,3,40,5,36,19,471,359,160
61424,61,2,26,26,7,0,2,2,0,2,11,22,5
77424,77,6,34,28,11,2,0,0,0,7,29,22,9
38424,38,2,26,26,2,3,3,5,0,2,10,13,3
88424,88,74,327,249,52,8,17,0,32,9,189,201,65
17424,17,8,35,41,6,0,2,0,24,0,39,32,5
65424,65,0,16,14,7,0,2,0,0,2,7,11,3
08424,08,0,16,9,3,0,0,5,9,0,9,11,6
63424,63,13,51,66,17,0,8,1,0,1,61,41,19
32424,32,6,21,33,9,0,5,5,3,0,28,17,12
01424,01,60,240,207,53,4,11,1,0,6,139,203,50
89424,89,2,17,20,2,0,3,2,0,5,4,14,7
11424,11,0,15,9,0,2,6,0,1,0,13,3,5
10424,10,6,0,8,3,1,4,0,0,0,0,11,7
16424,16,9,53,58,16,2,2,4,0,3,36,40,8
28424,28,53,212,191,49,8,10,2,20,13,124,196,52
62425,62,1,22,17,2,0,6,4,0,1,2,6,6
80425,80,1,9,17,4,3,0,3,0,5,0,15,7
70425,70,6,28,14,2,4,2,0,0,2,3,17,8
01425,01,9,39,35,3,1,6,0,3,3,26,27,6
14425,14,3,16,23,5,0,4,0,0,0,14,19,2
31425,31,12,46,64,22,0,4,5,0,7,36,48,24
02425,02,4,31,14,1,0,0,3,6,0,10,20,0
57425,57,21,80,64,13,7,4,6,0,7,52,50,14
76425,76,4,39,26,13,5,0,5,0,0,24,29,9
21425,21,80,383,414,112,6,11,0,19,16,272,367,104
91425,91,215,488,777,203,9,27,7,47,38,599,527,199
60425,60,9,84,48,8,1,0,0,11,6,47,54,13
27425,27,53,330,214,54,17,22,5,11,10,179,209,57
59425,59,4,46,24,11,2,2,2,0,5,32,23,7
25425,25,9,34,33,12,0,1,0,23,0,26,33,6
64425,64,7,37,66,14,3,0,4,7,0,52,45,12
51425,51,8,52,46,13,0,4,5,0,0,29,46,7
54425,54,51,285,239,59,11,15,2,13,5,217,167,58
39425,39,5,15,17,0,0,0,4,0,2,6,10,2
50425,50,29,121,143,33,8,3,4,17,5,103,118,31
55425,55,0,27,8,7,1,0,3,0,5,4,10,2
52425,52,4,42,19,6,6,0,4,0,6,18,18,0
71425,71,13,33,37,4,3,0,0,7,2,22,30,12
67425,67,22,80,62,21,0,8,4,0,0,30,65,16
24425,24,14,42,35,7,1,6,0,3,2,38,37,13
33425,33,23,128,162,46,0,15,6,0,8,153,124,51
61425,61,1,18,15,8,2,3,0,0,0,0,22,6
77425,77,22,87,86,18,2,0,5,25,7,84,75,18
38425,38,118,568,639,160,16,32,4,32,33,488,445,173
88425,88,6,24,10,4,5,2,0,0,0,17,12,3
17425,17,59,262,295,62,10,19,3,20,14,235,255,64
65425,65,4,46,59,15,6,0,0,1,0,55,38,13
08425,08,3,0,5,1,3,0,2,0,2,0,8,4
32425,32,17,93,114,37,6,5,1,27,6,94,90,40
63425,63,38,145,210,65,3,13,5,27,5,172,128,52
89425,89,20,84,62,17,3,6,5,4,0,48,61,15
11425,11,27,236,171,46,7,14,2,28,11,167,120,55
10425,10,5,47,32,11,0,2,0,0,2,10,32,9
28425,28,23,75,73,13,5,6,0,0,8,37,69,12
16425,16,11,59,79,22,0,3,0,2,4,55,53,13
80426,80,7,69,37,12,1,3,3,0,6,31,36,7
62426,62,0,41,22,5,2,0,0,0,2,15,20,9
14426,14,4,14,26,4,1,3,3,2,1,18,15,4
17426,17,2,26,27,9,0,0,0,3,0,21,29,12
02426,02,15,100,46,14,2,4,3,0,4,36,39,11
57426,57,26,150,109,25,1,2,5,0,0,91,91,26
21426,21,5,29,33,6,0,6,0,0,3,8,21,12
95426,95,64,226,363,101,0,9,4,32,26,314,244,96
60426,60,2,43,28,8,5,5,0,0,2,16,22,3
76426,76,2,13,10,4,2,0,2,18,0,14,13,3
27426,27,31,182,125,29,5,6,5,11,7,111,112,30
59426,59,250,1509,1090,286,45,53,33,81,24,1125,921,310
25426,25,6,41,34,8,6,1,2,4,0,34,35,4
64426,64,9,13,36,14,0,0,0,8,5,25,25,8
54426,54,6,57,52,13,3,8,2,3,0,43,31,19
39426,39,2,30,22,10,1,0,4,2,0,25,21,11
31426,31,19,69,107,29,0,1,0,19,0,95,70,32
70426,70,8,31,19,3,1,0,0,23,2,19,19,2
51426,51,0,9,11,5,5,0,4,0,0,3,8,3
50426,50,15,47,58,10,3,0,3,4,5,32,43,11
55426,55,12,76,35,12,0,0,0,0,5,24,43,12
52426,52,9,17,16,0,2,5,0,0,1,5,12,7
24426,24,8,17,22,2,6,0,0,0,0,21,20,3
33426,33,6,19,24,13,0,7,2,0,4,18,15,5
67426,67,10,37,41,12,0,0,3,0,4,24,46,11
61426,61,23,71,70,19,0,5,0,0,2,46,88,22
88426,88,48,204,129,28,2,15,1,0,9,94,130,36
38426,38,14,87,99,21,0,7,1,0,1,74,56,30
77426,77,9,43,36,6,0,5,0,4,2,39,34,14
71426,71,11,46,53,13,7,0,1,10,1,37,39,11
32426,32,18,95,128,52,0,15,11,24,9,103,97,48
65426,65,0,18,16,10,3,2,0,0,5,18,7,8
08426,08,4,11,10,7,0,0,1,0,3,0,11,0
63426,63,19,74,114,37,0,3,5,2,6,103,77,31
01426,01,73,307,270,66,4,3,10,10,25,170,270,63
89426,89,14,52,28,8,1,0,5,0,1,20,34,11
10426,10,29,123,73,20,8,6,2,9,1,44,75,20
11426,11,15,147,106,38,6,1,3,8,8,119,75,40
28426,28,18,59,48,14,0,7,0,8,1,34,45,11
80427,80,8,51,35,8,4,0,0,11,0,37,23,5
62427,62,577,3922,2136,582,149,129,27,114,84,2034,1618,570
59427,59,12,101,75,17,0,2,1,0,4,74,67,23
14427,14,5,35,43,12,0,1,0,0,5,16,34,7
02427,02,7,22,13,4,1,0,0,0,5,1,11,0
57427,57,17,95,66,23,8,2,4,23,5,55,54,12
76427,76,15,99,84,31,6,5,0,0,7,83,79,29
21427,21,0,22,27,7,2,2,0,0,5,1,26,9
95427,95,221,821,1218,347,19,49,9,46,54,1113,912,328
60427,60,6,31,16,9,0,5,4,0,0,6,16,8
27427,27,13,72,44,11,0,0,5,0,7,20,46,15
25427,25,14,44,48,11,1,7,0,0,7,24,40,17
64427,64,8,16,24,5,0,0,1,1,0,15,9,10
54427,54,6,22,20,0,0,0,0,0,4,4,6,8
39427,39,2,1,1,0,0,0,5,5,0,4,9,1
31427,31,20,77,124,33,7,6,5,0,5,100,77,32
70427,70,13,63,42,5,0,0,2,13,0,32,38,15
55427,55,76,403,235,64,14,17,7,7,4,169,221,58
71427,71,5,6,5,5,0,0,2,0,1,0,7,0
33427,33,11,26,39,9,0,4,3,0,0,17,23,10
61427,61,6,22,19,9,4,5,0,0,1,3,20,7
67427,67,7,40,46,12,1,6,3,7,0,23,33,10
88427,88,5,21,11,4,1,6,3,0,0,0,6,3
77427,77,16,58,57,16,5,4,0,7,0,63,51,16
38427,38,9,36,32,14,4,0,0,0,0,16,29,11
32427,32,0,9,7,6,3,0,0,1,1,4,7,0
17427,17,3,20,20,8,0,0,3,0,1,17,24,4
65427,65,8,23,29,8,5,0,0,0,0,0,16,12
08427,08,9,31,22,3,0,2,0,1,4,21,15,11
63427,63,14,42,68,18,7,5,4,0,0,45,49,21
01427,01,173,656,586,127,21,20,10,65,35,402,579,135
89427,89,24,93,61,16,0,7,3,0,0,52,63,18
10427,10,3,31,27,10,0,0,0,0,6,12,34,9
11427,11,2,45,26,11,0,5,4,4,4,29,26,7
80428,80,8,17,11,8,3,4,0,0,0,11,12,2
62428,62,13,96,57,11,8,0,4,0,3,43,38,12
76428,76,0,0,7,0,0,5,0,0,0,0,0,5
60428,60,15,116,68,12,0,8,1,0,7,59,68,15
27428,27,109,619,407,102,14,21,4,25,12,344,385,98
51428,51,8,60,49,11,6,1,0,5,7,29,44,13
02428,02,5,19,3,0,0,0,0,3,0,6,2,5
57428,57,80,403,304,77,14,18,5,50,15,244,255,72
21428,21,9,22,22,5,0,1,0,0,4,8,25,2
95428,95,384,1463,2138,571,41,78,31,59,103,1991,1545,598
59428,59,89,512,344,83,6,17,18,18,11,365,291,90
25428,25,40,173,170,42,7,8,1,0,9,130,162,47
64428,64,6,7,19,6,3,4,3,0,0,19,18,1
54428,54,16,94,72,20,1,6,0,9,6,71,56,20
39428,39,5,0,5,0,3,0,0,0,0,0,0,6
31428,31,4,5,7,3,3,4,0,0,3,0,6,4
70428,70,46,219,139,35,12,11,5,0,3,107,124,34
50428,50,20,60,58,14,0,0,0,10,4,47,55,14
52428,52,5,7,2,3,0,4,0,0,5,0,12,3
55428,55,1,24,8,3,2,0,1,0,0,5,14,3
71428,71,26,78,73,21,4,4,0,23,0,57,65,25
24428,24,14,55,60,20,1,3,0,0,3,51,51,17
33428,33,6,3,10,4,4,4,0,0,0,2,11,0
38428,38,0,1,13,6,5,1,4,0,0,0,8,4
88428,88,60,296,200,41,2,14,13,66,4,143,166,40
67428,67,19,67,57,16,4,0,2,4,0,47,58,11
77428,77,31,100,102,25,7,1,0,0,6,91,70,29
65428,65,0,1,11,0,4,0,0,2,0,9,9,0
17428,17,11,52,59,11,6,1,0,0,6,35,47,11
08428,08,3,29,22,3,0,0,3,0,2,6,18,8
32428,32,5,3,4,6,0,0,3,0,0,0,10,3
63428,63,11,25,40,9,4,0,0,6,0,33,24,13
01428,01,2,16,19,4,5,1,5,0,0,4,9,5
89428,89,14,81,49,10,0,0,0,10,4,43,47,16
10428,10,0,11,8,0,4,5,3,11,0,11,7,0
11428,11,8,31,20,13,5,2,2,3,0,24,16,8
61429,61,13,49,49,14,0,5,5,0,7,21,57,16
62429,62,12,57,38,13,4,0,0,0,4,19,27,7
80429,80,2,33,16,6,0,2,0,5,2,18,11,1
76429,76,174,922,809,228,26,34,13,77,34,829,660,218
02429,02,2,15,13,6,6,0,0,0,3,0,12,0
21429,21,12,27,39,6,3,0,2,0,5,25,25,9
95429,95,5,34,52,17,0,6,0,7,5,44,36,11
60429,60,9,50,35,8,0,0,5,0,2,18,32,2
27429,27,8,24,12,5,5,1,2,0,1,15,21,2
59429,59,56,344,247,56,10,7,3,28,9,259,206,61
25429,25,26,131,132,35,5,8,0,0,5,109,120,39
64429,64,0,2,14,6,3,4,1,14,0,8,5,1
54429,54,9,38,36,15,0,5,0,0,0,35,20,8
39429,39,7,59,53,8,0,7,4,2,0,48,40,9
31429,31,45,177,262,90,2,9,1,29,15,237,170,79
70429,70,19,88,62,15,0,0,3,14,0,44,62,9
51429,51,4,32,25,1,0,0,0,0,0,5,26,9
50429,50,22,98,116,34,3,8,6,0,0,72,105,31
55429,55,0,10,9,0,0,3,0,0,0,5,6,0
52429,52,12,105,47,14,4,5,6,1,2,37,54,13
24429,24,3,20,26,9,4,6,5,0,0,19,23,12
33429,33,12,27,40,8,5,3,0,10,0,35,24,11
38429,38,3,33,39,7,1,3,4,11,0,26,28,10
88429,88,123,565,378,100,7,44,6,85,6,323,345,85
77429,77,11,68,59,12,0,4,0,23,3,55,51,12
67429,67,16,71,71,10,7,4,0,0,3,50,63,18
32429,32,10,33,39,19,3,0,2,0,0,16,32,17
65429,65,7,20,35,5,0,0,3,0,4,30,14,6
08429,08,20,83,43,10,0,0,0,9,3,44,39,17
17429,17,57,218,239,70,7,18,4,7,3,195,213,57
63429,63,0,7,4,0,0,2,0,5,0,1,8,3
01429,01,22,79,78,14,3,0,5,0,6,32,69,19
11429,11,75,550,413,111,6,27,0,74,21,439,290,118
10429,10,8,35,23,5,1,0,1,14,0,19,24,2
80430,80,1,24,15,2,0,0,0,8,5,10,18,3
62430,62,1,27,14,2,0,5,2,6,6,11,8,5
27430,27,10,55,30,4,0,1,0,11,4,25,27,13
70430,70,5,7,9,0,2,0,0,3,4,0,6,0
02430,02,32,200,95,18,0,11,3,0,9,77,89,24
57430,57,6,44,39,5,2,0,0,23,0,24,27,7
76430,76,7,13,10,9,2,0,3,0,5,5,9,1
14430,14,8,22,17,11,0,0,0,0,0,8,21,2
21430,21,1,15,8,7,3,0,2,0,0,6,4,0
95430,95,81,267,391,99,12,13,6,7,26,375,292,112
60430,60,29,150,94,22,3,6,2,12,1,87,93,24
59430,59,30,131,89,25,9,4,3,6,1,110,91,24
25430,25,2,2,11,0,2,0,2,2,0,1,8,0
64430,64,199,655,1248,372,35,84,7,331,46,930,841,360
51430,51,0,15,12,0,4,2,2,0,3,3,7,4
39430,39,1,16,13,0,0,1,0,0,4,7,12,6
54430,54,107,497,432,123,9,30,1,17,19,384,297,117
31430,31,18,60,83,23,0,7,0,0,6,82,49,27
50430,50,0,1,6,0,0,0,3,0,0,4,0,2
55430,55,0,17,9,2,4,1,0,0,0,4,7,6
71430,71,13,42,38,12,0,1,1,13,0,37,38,13
38430,38,4,29,34,12,0,0,0,6,1,35,30,13
88430,88,23,81,50,19,3,5,2,2,0,37,44,8
77430,77,169,629,643,162,23,34,11,0,32,555,501,172
67430,67,26,110,89,26,4,5,6,14,6,61,94,24
65430,65,0,1,3,0,2,0,5,12,0,2,1,3
17430,17,14,41,42,8,2,0,5,0,0,28,38,12
08430,08,0,13,3,0,0,0,0,11,0,0,0,0
32430,32,7,0,12,6,5,5,0,0,0,0,10,0
63430,63,218,881,1312,350,46,61,22,68,23,1045,811,347
01430,01,17,74,68,10,5,6,6,0,7,49,62,10
89430,89,7,34,23,2,4,4,4,3,0,24,22,8
11430,11,29,168,127,34,3,6,5,32,6,128,85,34
10430,10,7,7,8,1,5,1,0,0,0,0,13,4
80431,80,12,110,78,20,2,0,3,3,2,70,65,15
27431,27,7,57,35,16,5,0,5,13,0,35,41,8
76431,76,0,17,9,8,3,0,4,0,2,3,4,2
02431,02,9,79,42,5,0,0,2,5,6,31,31,9
57431,57,9,46,32,11,1,3,3,0,6,26,31,10
21431,21,4,22,14,8,3,3,3,0,0,0,19,5
78431,78,53,155,357,91,8,12,2,12,19,162,357,88
60431,60,12,78,53,8,0,0,1,0,5,44,46,6
14431,14,208,912,1109,308,47,75,36,34,33,740,937,319
59431,59,169,1056,742,218,27,48,6,61,42,771,631,213
25431,25,7,42,37,13,2,4,1,0,7,17,42,8
64431,64,14,36,73,16,6,7,0,6,1,59,48,21
51431,51,28,173,118,28,3,11,0,0,2,95,131,22
39431,39,6,38,30,6,0,6,4,5,3,25,31,6
54431,54,299,1581,1352,371,64,69,26,61,49,1184,1003,366
31431,31,0,5,12,0,1,1,0,4,0,17,8,7
70431,70,9,30,20,0,3,4,0,8,5,13,15,9
50431,50,25,108,126,28,5,9,1,18,6,74,121,28
55431,55,2,1,6,0,5,1,1,0,0,0,8,4
52431,52,4,37,13,2,0,11,3,1,0,14,11,0
71431,71,10,44,34,7,0,1,0,9,0,23,30,8
33431,33,3,35,44,10,2,0,3,0,4,31,33,15
38431,38,73,300,342,82,11,15,6,46,13,265,229,92
88431,88,3,17,14,0,0,2,4,0,0,8,9,0
77431,77,150,568,582,144,12,15,15,58,29,507,424,146
65431,65,8,7,11,0,0,4,0,8,0,14,5,9
17431,17,12,66,80,23,1,0,0,6,7,56,58,24
08431,08,0,21,11,0,1,0,0,0,1,3,9,8
32431,32,6,0,6,6,1,0,0,0,1,0,2,2
63431,63,0,16,23,9,5,0,3,0,0,12,12,10
89431,89,2,9,7,2,0,2,0,0,4,6,14,2
01431,01,35,149,143,36,0,11,2,0,6,98,122,25
11431,11,2,34,29,5,0,6,3,1,0,24,19,10
10431,10,3,9,5,1,2,2,0,0,3,10,14,0
62432,62,8,68,35,11,0,3,2,0,6,23,32,8
80432,80,0,25,9,2,0,1,0,0,3,14,16,0
27432,27,20,78,45,13,0,0,0,4,0,51,52,12
02432,02,2,29,17,9,0,0,0,5,3,20,18,0
76432,76,2,37,29,4,0,0,0,0,0,31,27,7
21432,21,2,29,23,8,2,0,0,0,6,19,28,10
91432,91,355,849,1354,332,36,46,25,86,35,1128,950,335
60432,60,19,147,80,26,4,5,0,0,5,70,82,26
59432,59,17,74,59,13,3,2,1,1,0,63,55,19
25432,25,49,216,211,50,4,10,0,11,9,138,194,54
64432,64,3,7,11,9,0,2,0,0,0,5,5,7
51432,51,17,103,80,19,1,4,1,27,6,54,79,19
39432,39,8,14,13,8,0,0,0,3,0,12,9,3
54432,54,50,231,202,63,8,21,0,0,17,134,153,58
31432,31,5,0,1,4,1,0,3,0,3,0,4,1
70432,70,15,48,28,9,6,7,0,4,0,25,31,5
52432,52,57,252,140,31,4,16,4,3,13,102,139,45
24432,24,16,67,79,22,6,4,3,21,0,84,54,18
33432,33,3,15,20,8,3,0,1,5,0,23,13,12
61432,61,17,70,62,18,0,0,6,0,5,37,77,21
38432,38,31,118,121,33,0,5,5,0,9,90,77,32
88432,88,0,22,11,7,1,0,0,5,2,8,13,0
77432,77,29,117,101,32,8,0,2,0,1,99,86,29
67432,67,21,65,60,17,0,3,2,13,5,35,55,16
32432,32,2,22,35,7,2,0,3,8,0,29,26,13
65432,65,2,16,24,11,0,1,5,0,2,14,16,4
17432,17,14,32,41,13,0,6,1,0,6,18,36,15
08432,08,5,12,4,7,0,0,0,0,2,7,12,5
63432,63,21,65,106,29,0,9,0,22,3,93,66,31
89432,89,10,73,56,15,0,0,0,17,4,37,48,7
01432,01,10,38,43,14,1,0,0,0,4,25,32,9
11432,11,1,32,32,9,0,1,0,14,0,31,22,6
10432,10,0,10,6,0,0,5,2,0,0,2,7,5
77433,77,61,240,229,62,14,12,0,23,16,201,174,59
80433,80,1,6,6,0,0,1,0,2,2,3,0,6
62433,62,8,16,5,1,6,0,0,0,1,2,8,8
02433,02,9,50,30,11,5,0,0,0,3,0,19,11
57433,57,301,1553,1155,294,68,70,7,107,54,914,925,305
76433,76,10,86,69,25,0,6,1,0,6,58,57,26
21433,21,10,56,58,12,0,7,1,0,4,27,45,13
91433,91,151,380,577,152,13,23,3,30,22,454,403,143
60433,60,27,135,86,18,9,5,0,0,2,57,66,22
27433,27,9,27,15,1,0,0,1,0,0,13,21,2
59433,59,20,136,104,24,4,6,0,0,8,94,75,33
25433,25,3,1,3,2,3,2,4,0,0,0,7,1
64433,64,10,23,44,11,0,0,4,3,0,33,35,11
51433,51,3,32,16,1,0,6,0,10,3,17,22,2
54433,54,4,34,24,4,3,0,0,1,0,20,21,12
31433,31,176,645,1045,318,30,46,15,79,26,915,674,315
70433,70,37,233,145,39,3,4,10,0,17,98,128,42
55433,55,7,60,39,9,1,8,0,0,4,22,37,13
52433,52,2,17,11,0,4,1,0,0,5,7,12,2
50433,50,30,121,129,35,10,9,0,7,8,88,118,39
71433,71,15,76,64,18,4,6,0,2,6,45,60,16
33433,33,185,797,1133,331,19,73,17,128,46,937,734,340
61433,61,7,33,29,5,0,3,0,1,0,18,32,11
38433,38,23,117,128,40,0,5,0,20,0,102,99,37
88433,88,2,15,4,0,2,2,4,0,3,3,3,1
67433,67,45,179,153,31,10,2,2,5,8,104,143,30
32433,32,9,67,81,22,0,6,2,0,6,59,54,30
65433,65,54,254,374,102,4,16,5,36,11,341,213,99
17433,17,10,22,33,3,5,0,4,0,4,4,28,10
08433,08,4,3,12,0,3,1,5,0,0,0,5,5
63433,63,0,11,12,8,0,0,1,0,2,11,8,1
89433,89,15,48,28,6,0,2,5,0,5,17,30,9
01433,01,4,26,31,2,1,0,0,17,0,16,24,5
11433,11,23,121,100,29,2,10,0,0,3,91,77,31
10433,10,5,41,24,8,6,0,0,0,4,5,29,5
80434,80,5,35,30,7,0,0,5,0,0,11,18,5
62434,62,5,29,14,1,0,0,0,0,1,7,10,3
57434,57,15,58,44,16,0,8,0,14,0,35,44,8
76434,76,30,129,113,29,0,2,3,0,8,94,82,32
21434,21,6,19,14,4,0,3,0,0,3,11,15,7
91434,91,619,1388,2268,583,51,103,35,74,93,1781,1522,588
60434,60,7,34,21,5,1,0,1,0,0,19,23,5
59434,59,24,188,120,39,3,10,0,10,9,131,104,33
27434,27,4,1,10,0,4,0,4,0,2,0,11,6
25434,25,110,456,439,118,16,36,3,42,33,313,391,114
64434,64,0,3,7,0,3,0,5,4,0,1,1,5
51434,51,17,107,79,16,2,4,0,1,5,62,82,12
39434,39,87,405,366,98,12,27,10,16,13,312,314,90
31434,31,5,3,7,7,0,5,3,0,0,6,4,7
54434,54,6,31,32,11,0,5,5,0,0,14,26,11
55434,55,3,0,7,5,4,0,0,0,5,0,3,2
71434,71,6,48,32,14,0,0,0,15,0,27,32,10
24434,24,4,8,12,2,0,0,0,0,0,20,15,8
33434,33,25,142,205,63,7,22,5,26,5,171,122,64
38434,38,16,58,71,23,0,7,0,16,3,61,44,13
88434,88,10,34,24,5,5,1,5,0,6,1,20,3
77434,77,9,49,37,13,3,3,3,0,6,27,31,15
67434,67,71,271,262,65,11,13,4,40,5,183,248,50
32434,32,1,14,16,0,0,3,0,0,0,4,12,9
17434,17,146,640,684,154,25,28,13,76,12,544,606,161
08434,08,4,13,4,4,0,3,1,0,0,0,0,3
63434,63,11,58,74,17,6,1,0,5,0,74,48,26
89434,89,8,36,28,8,5,5,0,0,6,17,34,4
01434,01,13,49,36,10,3,0,5,4,0,28,32,11
11434,11,16,139,108,28,4,9,5,13,3,102,69,38
10434,10,2,1,8,3,4,1,0,0,1,0,4,5
62435,62,1,21,6,8,4,0,0,0,2,2,11,5
80435,80,1,2,9,7,3,0,0,0,3,0,10,4
27435,27,8,32,28,7,0,0,5,0,4,10,21,5
76435,76,13,90,74,19,3,2,3,25,6,78,62,20
14435,14,10,17,25,12,0,6,3,0,5,1,24,9
02435,02,0,14,7,3,2,0,0,16,0,4,4,0
21435,21,4,38,36,5,3,2,0,2,0,27,30,5
91435,91,26,57,79,23,0,0,6,5,1,63,60,16
60435,60,10,68,44,14,0,0,0,22,6,40,36,12
59435,59,68,377,274,84,7,14,2,8,5,275,230,66
25435,25,5,21,21,7,6,6,0,0,0,13,15,4
64435,64,7,24,37,14,0,0,4,0,0,22,23,6
51435,51,3,29,13,3,2,0,0,0,0,10,22,4
39435,39,18,79,61,15,5,0,0,0,7,53,64,22
31435,31,23,84,135,37,0,5,3,0,7,112,72,43
54435,54,12,46,43,7,0,3,4,2,5,32,30,10
70435,70,26,138,88,20,6,3,6,0,2,58,76,17
55435,55,21,127,78,14,4,3,0,4,8,66,77,20
50435,50,17,62,77,16,0,4,6,0,4,44,73,24
71435,71,8,40,33,11,5,0,0,0,4,11,23,13
33435,33,41,154,219,65,0,17,0,2,6,184,147,63
61435,61,10,37,28,6,0,4,0,0,1,16,32,6
88435,88,15,77,50,14,0,5,3,0,1,38,44,16
77435,77,40,124,131,32,0,3,1,10,2,117,97,37
67435,67,16,106,88,18,11,1,4,32,7,59,100,34
32435,32,0,22,15,2,0,6,5,0,2,9,19,9
65435,65,2,19,25,13,0,0,0,13,0,27,20,8
08435,08,24,151,81,27,5,2,0,13,2,79,84,19
17435,17,1,14,15,1,0,0,4,12,6,14,23,2
63435,63,10,20,37,13,6,0,0,0,6,4,23,10
01435,01,44,193,185,47,7,9,0,17,6,122,170,41
11435,11,5,33,18,4,0,3,1,0,0,17,20,6
10435,10,9,32,20,6,0,0,0,0,0,11,18,3
62436,62,1,21,17,0,3,6,0,0,0,10,6,9
80436,80,18,90,62,9,8,0,5,0,5,31,43,14
76436,76,11,76,69,21,2,8,6,0,0,56,54,17
55436,55,0,0,7,0,4,0,0,0,0,0,0,4
57436,57,1,26,16,9,1,1,1,0,0,5,16,0
14436,14,11,61,64,19,0,0,2,9,7,47,54,24
21436,21,0,8,19,9,0,0,0,0,6,0,18,9
60436,60,8,15,8,4,0,6,2,0,4,0,5,2
95436,95,28,130,184,52,7,6,0,0,6,171,123,41
27436,27,12,65,41,6,0,5,1,0,0,29,45,6
59436,59,16,110,79,19,4,6,0,0,0,83,75,27
25436,25,6,5,4,3,0,0,0,2,0,7,5,3
64436,64,9,55,100,35,7,5,0,26,4,85,76,36
51436,51,23,122,86,23,1,9,0,2,0,61,104,19
39436,39,7,25,15,3,2,3,0,0,4,14,21,1
31436,31,5,35,53,17,3,7,2,1,1,50,28,11
54436,54,7,5,19,8,6,2,4,0,6,0,7,6
70436,70,5,29,12,3,1,0,2,4,0,14,11,0
50436,50,46,136,167,42,8,12,5,0,4,101,142,46
52436,52,4,3,6,2,0,1,0,0,0,0,9,4
71436,71,30,105,100,32,6,5,2,35,6,86,84,17
24436,24,32,131,128,41,0,12,1,0,6,133,106,41
33436,33,18,77,100,28,4,2,5,15,2,85,67,25
38436,38,61,276,281,75,4,13,5,17,12,252,196,83
77436,77,28,88,99,17,0,7,3,20,4,80,65,24
88436,88,1,7,6,1,0,1,0,10,1,12,6,0
61436,61,3,32,21,3,0,3,0,18,0,10,24,2
67436,67,24,71,62,18,6,5,6,0,0,22,55,17
32436,32,8,41,50,16,0,5,1,13,4,35,32,21
65436,65,1,30,41,14,3,0,0,12,0,32,19,9
17436,17,21,77,85,16,7,4,1,10,4,61,74,27
08436,08,12,52,38,4,2,6,0,0,0,25,34,9
63436,63,6,7,6,4,0,0,0,0,4,4,7,6
89436,89,27,108,75,15,0,0,0,0,0,53,68,23
01436,01,11,56,52,10,1,1,4,0,5,32,51,10
11436,11,5,51,46,11,0,0,2,6,6,44,26,10
10436,10,2,30,17,8,0,4,1,0,5,4,22,2
62437,62,5,54,30,4,7,0,1,0,6,31,25,4
80437,80,0,18,14,6,0,6,3,0,0,10,8,0
57437,57,14,84,53,20,3,0,2,27,1,36,52,18
76437,76,16,65,58,20,5,0,0,11,0,53,39,17
14437,14,231,913,1113,309,32,66,22,48,40,796,944,320
21437,21,1,22,30,8,0,0,0,11,1,26,20,3
60437,60,5,11,3,5,0,0,5,0,0,7,3,2
78437,78,17,48,100,28,5,0,0,0,9,38,82,24
27437,27,8,45,40,8,2,0,0,6,0,30,35,13
59437,59,26,118,82,21,3,3,0,20,3,87,78,19
25437,25,11,47,35,12,5,0,2,0,2,22,38,13
64437,64,6,11,28,8,2,2,0,11,6,23,22,8
51437,51,0,9,12,6,0,1,0,3,4,3,5,0
39437,39,7,32,25,9,0,2,2,0,1,15,23,6
31437,31,0,5,14,8,0,0,0,3,3,12,4,2
54437,54,35,148,135,30,1,11,0,0,10,98,102,42
70437,70,2,3,0,0,0,0,0,0,0,1,3,4
55437,55,7,16,9,6,5,6,1,0,5,0,14,0
50437,50,18,75,91,22,0,4,4,21,0,58,87,22
52437,52,6,0,0,0,2,4,0,0,4,0,0,2
24437,24,20,83,86,29,0,11,0,24,0,92,74,28
71437,71,9,46,47,17,5,7,0,0,0,33,31,11
33437,33,30,175,247,69,7,15,6,2,11,177,169,79
38437,38,11,42,39,12,6,5,1,0,0,14,27,16
77437,77,80,312,302,65,13,8,5,28,8,279,263,87
88437,88,7,13,5,0,3,0,4,6,2,6,7,2
67437,67,324,1233,1092,249,42,75,12,52,48,695,1074,249
32437,32,4,23,16,4,0,1,0,14,2,21,11,7
08437,08,9,39,20,2,0,4,0,3,4,14,15,2
65437,65,0,17,13,4,0,0,3,19,0,17,7,1
17437,17,1,19,23,0,0,5,3,0,2,9,18,0
63437,63,10,24,28,3,0,2,2,0,0,10,20,12
89437,89,12,61,42,9,0,1,0,0,5,28,34,9
01437,01,6,28,18,4,0,0,0,8,3,12,20,0
11437,11,17,131,82,22,6,0,1,20,4,92,59,26
10437,10,19,87,59,8,3,4,0,6,6,45,63,16
62438,62,12,105,49,15,7,2,0,0,0,47,45,20
80438,80,7,57,42,13,6,0,3,12,0,42,31,10
88438,88,7,45,40,11,7,5,0,0,5,27,33,7
02438,02,1,47,17,3,0,0,4,3,5,19,19,3
57438,57,6,50,45,8,0,7,0,1,0,29,36,14
76438,76,10,39,31,6,0,0,0,0,4,34,19,4
14438,14,8,49,62,21,0,6,3,0,4,34,59,23
21438,21,0,14,5,3,0,4,0,0,0,11,4,0
60438,60,9,31,15,5,0,0,0,1,0,20,21,1
95438,95,3,10,16,9,0,6,0,0,0,1,13,4
27438,27,53,255,168,38,2,8,6,27,3,153,155,37
59438,59,17,112,80,20,2,3,0,5,0,82,73,21
25438,25,17,105,92,21,2,7,0,19,4,65,87,23
64438,64,10,30,60,24,0,7,5,0,0,49,47,20
51438,51,2,7,9,0,0,1,0,5,0,1,12,4
54438,54,3,5,9,1,2,0,0,1,2,9,1,3
70438,70,1,26,25,9,1,0,3,2,0,14,17,8
55438,55,5,18,17,0,2,1,0,3,0,5,14,4
52438,52,7,13,6,0,0,5,4,0,3,0,13,5
24438,24,4,29,34,7,0,0,0,11,0,29,20,5
71438,71,15,64,54,23,4,1,3,8,3,44,58,13
33438,33,39,155,228,69,2,13,5,42,3,183,140,61
61438,61,5,23,24,0,5,0,0,10,5,10,19,4
38438,38,2,27,39,6,1,0,0,7,0,30,24,10
77438,77,177,639,669,150,32,33,6,56,26,563,528,159
67438,67,24,114,97,20,3,4,0,23,8,66,99,25
32438,32,5,9,7,7,0,1,0,5,5,8,4,3
08438,08,1,17,5,0,0,0,0,15,0,5,9,1
65438,65,0,10,8,3,2,3,3,0,0,5,5,4
17438,17,11,34,32,4,2,1,3,0,5,25,38,9
63438,63,7,41,67,20,2,6,0,0,3,38,43,17
89438,89,50,222,161,39,3,5,4,45,7,129,148,40
11438,11,11,45,36,9,6,2,1,0,3,16,30,12
10438,10,9,40,30,10,0,6,3,0,0,6,26,10
38439,38,82,356,404,113,20,12,2,8,21,293,278,101
62439,62,14,63,31,9,0,6,5,0,2,15,28,12
80439,80,6,21,21,3,1,2,4,0,5,4,9,8
02439,02,32,159,93,18,24,17,8,0,8,46,75,35
57439,57,22,90,58,11,5,1,0,19,1,55,50,11
76439,76,9,46,42,5,0,5,0,11,0,33,23,7
14439,14,5,14,20,5,0,0,2,0,0,0,11,2
21439,21,0,13,11,3,1,0,0,0,0,8,4,5
60439,60,113,676,429,104,15,30,1,36,25,363,384,113
78439,78,0,6,17,3,1,0,1,0,0,0,19,8
27439,27,29,165,114,33,9,9,0,0,6,57,101,31
59439,59,7,41,32,6,2,4,3,0,2,28,31,4
25439,25,4,29,29,10,0,3,0,0,0,7,24,7
64439,64,24,111,204,68,6,18,3,47,2,169,137,65
51439,51,12,67,52,9,5,7,5,0,5,22,56,14
39439,39,11,52,46,15,6,3,5,0,0,42,35,14
31439,31,11,55,90,33,0,8,0,28,8,79,55,33
54439,54,129,633,545,144,25,24,10,13,25,457,415,166
70439,70,15,55,37,7,1,8,1,2,1,27,27,8
55439,55,6,11,15,2,4,0,1,1,1,7,5,0
52439,52,7,0,3,4,5,6,1,0,5,0,14,4
71439,71,21,85,73,25,0,4,5,20,0,64,66,23
33439,33,31,117,170,52,3,13,0,0,0,132,97,52
61439,61,0,12,18,0,0,1,0,7,3,12,14,3
77439,77,29,135,124,31,0,4,6,10,6,111,96,32
88439,88,29,134,93,23,7,4,1,36,3,80,88,25
08439,08,5,27,14,5,0,0,0,0,5,6,15,5
65439,65,10,27,28,13,5,0,5,0,4,11,24,10
32439,32,6,13,26,11,0,0,0,0,4,6,19,6
17439,17,23,80,95,20,0,8,1,0,7,55,83,23
63439,63,11,28,37,8,6,0,0,0,1,16,29,14
89439,89,35,189,117,27,6,4,3,17,12,100,133,24
11439,11,8,56,42,12,0,0,0,0,1,37,24,15
10439,10,0,16,14,5,4,0,5,0,0,0,15,5
01439,01,7,8,10,0,1,0,0,9,1,5,5,5
62440,62,29,205,113,35,1,3,3,0,0,97,80,24
80440,80,1,27,18,2,0,0,3,5,4,12,18,1
78440,78,444,1258,2799,694,33,66,22,167,103,1632,2668,724
02440,02,6,25,8,0,0,2,0,0,2,1,14,8
57440,57,5,29,15,4,0,0,2,0,0,10,19,0
76440,76,0,18,16,10,0,1,0,0,0,23,20,9
21440,21,11,26,27,10,3,0,1,0,1,8,32,11
60440,60,18,89,57,7,0,0,0,12,6,44,56,7
27440,27,14,110,67,17,5,4,0,17,0,61,61,18
59440,59,16,96,61,25,4,1,3,0,2,75,52,21
25440,25,9,48,47,16,0,3,0,0,4,33,38,15
64440,64,14,23,61,16,9,7,5,0,4,24,49,13
51440,51,42,213,158,33,2,5,4,0,4,111,161,36
31440,31,4,2,14,6,0,0,0,0,0,0,4,8
54440,54,5,17,10,6,2,3,0,0,3,2,10,4
70440,70,3,0,0,6,1,0,0,0,2,0,6,0
52440,52,12,66,33,11,0,2,0,0,5,19,37,9
71440,71,14,42,44,8,3,3,0,4,2,40,33,11
33440,33,1,21,29,11,4,5,0,0,0,11,25,13
61440,61,21,110,92,28,7,3,5,9,3,64,104,20
38440,38,16,78,96,26,1,2,6,9,6,74,56,19
77440,77,29,110,103,30,4,5,0,14,10,95,77,28
88440,88,2,24,13,8,6,2,3,11,4,14,11,3
67440,67,14,59,51,13,7,3,0,21,0,31,50,13
65440,65,723,3006,4167,1138,84,201,59,715,86,3715,2355,1184
08440,08,0,29,7,2,2,2,0,9,0,10,14,1
32440,32,5,27,30,10,2,0,0,6,0,16,16,6
17440,17,10,43,43,8,0,3,0,4,0,31,34,10
63440,63,7,15,17,10,4,1,5,0,0,17,9,5
89440,89,16,64,35,8,0,5,0,0,0,30,42,13
11440,11,1,2,0,3,2,4,2,0,4,0,5,0
10440,10,5,31,13,0,2,0,1,1,4,16,16,4
62441,62,7,33,24,10,4,4,0,0,0,19,13,3
02441,02,6,36,14,2,4,3,0,0,4,10,21,7
57441,57,97,493,381,93,27,16,1,51,16,295,305,86
76441,76,10,92,76,14,2,5,0,6,4,71,54,25
21441,21,8,30,37,3,4,4,0,0,6,18,27,5
60441,60,9,89,52,19,2,3,0,3,2,48,51,8
91441,91,18,39,58,14,4,0,0,0,0,35,46,20
27441,27,5,7,6,7,0,0,0,0,3,2,9,5
59441,59,16,95,58,18,0,0,2,0,8,55,59,20
25441,25,0,3,11,7,4,1,1,0,0,0,9,0
64441,64,8,14,32,8,0,0,0,31,0,22,21,10
51441,51,9,14,10,2,5,0,0,6,1,7,18,0
31441,31,1,15,21,7,1,4,5,0,6,5,14,10
39441,39,35,129,121,28,5,4,0,23,9,115,104,25
54441,54,8,26,25,6,0,6,3,6,0,24,14,7
70441,70,4,36,25,8,4,6,4,0,0,13,17,6
71441,71,11,30,26,11,0,3,0,0,6,20,29,9
24441,24,7,17,10,0,0,6,0,0,5,7,16,6
33441,33,24,97,131,43,0,10,0,0,7,99,81,36
77441,77,65,239,235,61,3,15,3,24,12,208,181,59
88441,88,2,10,11,7,0,0,0,7,0,10,9,1
67441,67,13,45,48,13,7,4,0,0,5,23,42,5
32441,32,5,4,9,0,0,0,1,5,2,2,3,5
17441,17,24,110,143,37,9,3,0,15,4,103,127,27
65441,65,0,12,7,6,4,0,0,0,4,7,2,5
63441,63,4,31,35,13,0,0,3,7,5,33,23,13
89441,89,53,207,149,43,8,18,2,0,6,84,129,40
01441,01,22,79,73,11,1,8,1,0,6,49,59,19
11441,11,51,373,276,83,13,12,1,29,15,277,195,84
10441,10,7,31,22,6,1,6,0,0,1,5,30,0
62442,62,7,79,40,7,0,0,2,14,3,46,30,15
80442,80,29,164,126,27,10,8,0,0,7,82,89,28
50442,50,7,36,40,8,2,6,2,0,2,20,31,6
02442,02,1,11,11,4,2,2,5,0,3,3,3,5
57442,57,8,47,36,8,0,2,4,0,0,16,20,8
76442,76,11,80,70,13,2,6,2,0,0,55,59,20
21442,21,13,79,76,15,0,1,0,19,4,50,61,22
60442,60,0,12,7,3,3,1,2,9,2,11,8,1
78442,78,58,161,409,92,4,10,8,35,15,235,360,84
27442,27,3,37,28,3,5,6,3,0,0,14,21,4
59442,59,6,53,30,11,2,0,0,0,3,25,32,12
25442,25,23,79,84,15,0,1,0,0,7,55,70,21
64442,64,10,18,41,16,0,3,2,0,4,28,33,15
51442,51,7,20,15,2,0,0,0,0,0,6,11,5
31442,31,9,48,76,18,3,0,3,3,1,67,41,16
54442,54,0,16,9,2,0,1,0,8,0,14,4,0
55442,55,3,33,12,0,0,0,5,21,0,10,11,1
70442,70,4,24,9,2,0,6,0,2,0,8,10,0
52442,52,8,55,24,3,0,0,2,18,0,18,34,4
71442,71,48,184,153,43,10,12,0,3,11,124,145,50
24442,24,45,205,223,56,1,21,5,5,14,218,173,65
33442,33,10,35,51,11,5,0,1,6,1,47,35,22
61442,61,9,32,32,8,1,4,0,0,0,0,28,11
38442,38,24,117,136,37,6,13,5,0,7,126,92,41
77442,77,72,257,276,65,5,6,0,8,15,229,197,70
88442,88,19,96,77,19,8,1,0,3,0,62,66,14
67442,67,38,161,148,31,0,8,0,6,7,99,148,37
32442,32,10,43,49,12,0,7,4,0,4,21,39,13
17442,17,8,45,43,10,3,0,0,10,5,33,38,7
65442,65,9,12,25,11,5,6,0,0,2,11,8,9
63442,63,3,8,9,5,0,0,2,5,0,14,3,0
89442,89,5,27,16,7,0,5,0,6,2,21,18,2
10442,10,13,96,54,9,0,0,0,6,7,47,66,12
62443,62,143,1029,537,143,31,20,6,54,7,546,413,141
80443,80,36,238,173,41,10,14,9,16,4,119,124,36
70443,70,7,12,8,0,5,3,5,1,0,4,9,1
02443,02,0,41,17,2,0,3,5,0,0,11,17,6
57443,57,174,854,639,164,38,39,7,91,24,496,492,166
76443,76,25,105,88,20,8,7,0,0,0,59,70,27
60443,60,20,88,58,17,0,0,0,0,4,25,50,14
78443,78,15,51,116,25,0,0,0,13,6,76,118,32
59443,59,13,47,33,7,5,3,4,0,4,26,29,15
25443,25,0,5,8,2,4,0,3,0,0,0,4,0
64443,64,14,66,117,35,6,5,1,44,0,93,91,33
51443,51,0,8,6,6,2,0,0,2,0,7,15,7
39443,39,8,15,10,0,5,0,3,0,0,1,12,8
31443,31,7,27,39,15,0,5,0,0,6,39,31,13
54443,54,2,3,2,4,3,0,0,4,0,8,1,0
55443,55,12,38,22,9,4,0,0,9,5,17,29,2
50443,50,14,48,64,20,0,0,0,9,2,40,58,10
52443,52,2,0,4,5,1,0,2,0,0,0,8,2
71443,71,43,185,173,46,1,12,0,6,4,134,145,44
24443,24,12,38,49,16,0,4,0,0,6,41,42,17
33443,33,6,18,21,5,0,0,0,0,3,3,16,3
61443,61,16,79,78,21,5,6,5,0,7,49,95,15
38443,38,19,57,60,20,0,6,0,0,0,41,51,23
77443,77,10,33,37,11,1,0,0,23,0,33,25,13
88443,88,7,10,15,0,0,0,1,0,0,6,9,5
67443,67,20,86,80,13,4,8,1,0,6,42,71,13
32443,32,6,21,29,11,0,6,0,0,0,7,11,13
17443,17,37,193,210,52,6,14,5,9,11,162,193,49
65443,65,1,0,0,0,2,4,0,0,2,0,0,0
63443,63,5,35,49,17,5,4,2,0,0,44,36,16
01443,01,134,502,457,104,8,29,9,61,25,320,434,114
10443,10,0,8,4,0,0,0,0,5,0,0,1,6
89443,89,53,236,164,39,8,14,0,0,12,139,151,50
62444,62,12,44,19,10,1,2,5,0,3,18,17,12
80444,80,17,105,74,19,0,0,4,0,0,65,60,22
70444,70,3,24,9,2,0,0,3,1,5,15,11,8
27444,27,12,34,25,1,4,0,0,2,0,22,21,4
88444,88,14,58,41,11,0,0,4,0,4,12,35,11
02444,02,3,29,14,2,3,0,3,0,6,2,8,1
57444,57,9,56,34,12,0,0,0,0,2,28,33,7
21444,21,0,5,7,7,0,0,0,0,5,0,6,7
60444,60,8,20,11,9,0,0,0,0,1,10,17,3
78444,78,13,50,112,29,6,6,2,3,0,69,117,28
59444,59,14,125,79,19,3,2,1,14,0,95,70,21
25444,25,9,11,18,8,0,0,1,0,1,1,16,9
64444,64,6,29,64,16,0,9,1,5,6,50,38,12
51444,51,18,77,47,7,0,3,0,0,0,43,62,15
39444,39,3,4,7,4,0,0,5,0,4,0,3,0
31444,31,1,13,17,2,1,1,3,0,1,16,6,2
54444,54,6,34,26,4,0,1,0,0,0,16,22,6
55444,55,9,34,18,7,0,4,2,0,0,4,13,3
50444,50,73,249,295,69,12,23,5,22,13,196,264,75
52444,52,12,57,29,11,2,7,1,0,2,0,34,3
24444,24,2,26,31,6,0,4,1,24,0,30,32,9
71444,71,29,129,107,37,6,9,6,0,0,80,100,32
33444,33,11,47,61,15,0,4,0,0,0,43,46,19
61444,61,0,14,13,6,6,3,1,0,0,9,15,7
38444,38,4,23,17,3,0,0,0,8,3,17,15,1
77444,77,9,37,34,10,0,1,1,5,0,30,36,15
67444,67,3,20,13,2,0,0,2,3,1,4,10,7
32444,32,11,27,33,10,0,1,5,0,1,14,26,11
17444,17,48,186,211,43,5,7,3,9,5,167,166,46
65444,65,0,19,30,8,4,0,1,8,0,22,12,6
08444,08,7,18,7,2,0,0,5,0,5,0,10,6
63444,63,10,25,38,15,4,3,1,0,0,17,25,5
01444,01,33,147,117,32,2,6,0,0,10,76,122,30
10444,10,4,33,23,6,2,1,3,16,0,12,23,0
62445,62,25,150,70,25,8,4,3,0,5,60,60,23
80445,80,9,45,25,10,5,0,2,0,3,4,21,11
21445,21,1,19,15,1,4,0,0,9,5,14,21,2
02445,02,2,58,28,5,3,2,4,0,2,21,19,6
57445,57,28,105,83,19,0,4,8,6,0,64,62,19
14445,14,2,13,10,4,0,5,5,0,0,1,4,5
76445,76,16,69,51,19,2,3,3,0,1,58,43,21
60445,60,13,44,28,6,0,0,0,3,0,26,25,4
95445,95,17,55,76,14,0,0,3,0,2,52,54,24
27445,27,9,27,19,9,5,1,0,7,0,13,13,0
59445,59,33,154,120,39,7,7,0,0,4,115,97,36
25445,25,6,13,10,9,5,0,1,2,0,7,20,0
64445,64,1046,3964,7412,2151,150,441,97,1992,201,5686,5131,2207
51445,51,9,30,15,7,0,3,0,2,3,9,19,8
39445,39,4,31,34,10,0,4,0,7,1,25,33,7
31445,31,111,479,764,237,25,22,12,25,32,613,458,211
54445,54,8,8,17,6,4,0,0,0,2,0,10,4
70445,70,8,13,8,6,2,1,1,0,0,0,15,8
55445,55,4,29,13,5,6,1,5,4,4,12,14,4
50445,50,3,26,41,5,1,3,0,11,1,19,37,12
52445,52,0,19,6,0,0,0,1,0,0,2,8,5
71445,71,174,696,653,170,27,45,10,41,33,463,550,171
24445,24,5,20,20,0,0,2,0,10,1,13,7,5
33445,33,21,70,102,25,0,7,0,21,0,97,67,37
61445,61,14,91,81,20,0,8,0,0,3,49,82,20
38445,38,18,81,98,28,0,5,0,0,8,74,74,27
88445,88,78,319,210,61,4,19,5,15,18,174,202,51
77445,77,684,2544,2599,617,79,102,20,123,139,2234,1976,616
67445,67,107,395,330,93,14,14,6,4,23,233,336,90
08445,08,7,69,36,12,7,5,0,0,3,25,30,6
17445,17,7,44,48,15,0,2,1,0,2,17,42,14
32445,32,5,7,20,6,0,5,0,0,0,1,16,5
65445,65,9,30,40,7,0,6,3,0,0,10,25,15
63445,63,8,18,24,11,0,3,0,0,3,21,17,13
01445,01,14,73,67,12,0,0,0,9,8,48,57,16
89445,89,0,6,9,0,3,0,0,3,3,3,1,0
10445,10,4,3,12,1,4,0,1,0,0,0,5,6
62446,62,15,137,74,14,3,3,1,24,4,66,52,16
80446,80,25,115,81,21,0,6,3,0,2,69,70,20
02446,02,5,15,7,7,0,6,1,0,0,0,13,3
57446,57,0,7,7,7,0,1,2,0,0,2,9,0
14446,14,4,10,7,7,0,0,2,0,1,2,12,3
76446,76,37,171,147,47,4,13,0,7,0,147,126,39
21446,21,8,26,20,0,2,4,0,0,1,4,23,9
60446,60,90,486,324,65,18,16,12,7,23,268,289,83
95446,95,34,151,228,58,10,11,4,0,9,219,165,62
59446,59,9,80,53,22,5,3,0,0,7,52,55,14
27446,27,12,72,37,15,1,0,4,0,7,31,39,15
25446,25,2,28,24,6,0,5,0,1,0,23,26,10
64446,64,2,14,25,7,0,0,0,0,5,1,17,7
51446,51,16,63,42,6,1,6,4,0,0,26,41,4
39446,39,11,27,25,1,0,0,0,20,0,24,19,4
31446,31,233,985,1496,481,18,45,21,36,60,1359,990,463
70446,70,16,99,58,16,0,8,2,0,1,48,58,20
55446,55,6,10,12,0,0,0,0,0,5,0,10,0
54446,54,0,6,8,4,0,3,5,0,0,4,4,3
50446,50,18,53,58,21,0,0,0,21,0,40,51,10
52446,52,5,40,18,7,1,6,2,0,5,7,22,7
71446,71,5,29,27,10,0,6,0,0,0,6,25,1
24446,24,0,1,5,5,3,0,0,3,0,4,5,2
33446,33,0,12,21,11,0,6,5,0,0,16,14,8
38446,38,11,51,58,13,5,1,5,0,5,20,45,21
61446,61,10,20,14,1,4,6,0,0,0,4,20,6
88446,88,8,38,26,11,1,1,2,0,3,13,30,7
77446,77,12,67,64,19,2,0,3,5,3,52,43,13
67446,67,17,55,55,13,5,5,0,0,3,24,46,13
17446,17,13,45,56,10,6,7,0,0,3,32,51,14
08446,08,6,13,4,0,0,0,0,0,2,0,10,7
32446,32,10,30,36,8,6,4,1,0,0,6,29,9
65446,65,8,39,61,23,0,0,0,7,4,56,34,16
63446,63,8,45,73,24,1,0,1,5,3,53,48,16
01446,01,44,180,173,45,0,10,2,0,12,109,156,35
89446,89,16,62,54,20,6,0,5,0,9,11,59,19
62447,62,40,369,184,42,13,9,2,39,8,179,139,54
17447,17,51,182,206,50,3,13,0,13,8,163,176,53
27447,27,33,142,90,19,4,13,8,0,8,59,87,27
02447,02,0,27,14,5,0,0,1,4,0,5,5,1
57447,57,313,1522,1111,282,46,64,24,130,54,916,904,267
76447,76,358,1882,1599,456,58,78,37,113,49,1681,1317,466
21447,21,8,11,9,0,1,0,3,0,4,1,11,8
95447,95,6,8,26,10,0,0,0,0,3,18,10,5
60447,60,16,101,74,13,6,4,0,11,0,60,55,13
59447,59,193,1103,757,234,29,26,21,53,35,775,650,218
25447,25,10,37,34,10,0,0,5,0,3,21,35,6
64447,64,0,5,15,6,0,0,3,21,0,17,10,3
51447,51,11,78,57,13,0,0,0,7,0,41,51,11
39447,39,12,29,32,2,2,5,0,0,0,31,30,9
31447,31,0,3,9,6,0,1,0,0,0,12,6,0
70447,70,65,300,184,41,9,16,6,5,15,158,173,47
55447,55,13,59,28,5,3,6,5,0,6,4,34,7
54447,54,0,14,8,1,3,0,1,0,4,7,2,0
50447,50,11,47,59,13,0,4,0,1,6,33,54,19
52447,52,1,28,15,3,0,3,4,15,4,8,13,6
71447,71,11,36,37,14,5,4,0,0,0,0,34,12
33447,33,50,180,276,82,7,18,0,27,3,215,177,78
61447,61,39,158,151,40,8,5,2,0,4,73,168,32
88447,88,80,381,243,68,13,14,7,43,9,195,225,59
67447,67,752,2932,2567,618,91,126,39,158,130,1683,2543,611
77447,77,66,225,217,57,6,5,6,17,12,206,170,51
32447,32,2,6,9,2,0,4,1,1,0,6,6,8
65447,65,32,107,163,40,2,12,5,25,8,133,84,45
63447,63,3,11,8,4,3,0,0,0,1,4,10,7
01447,01,34,151,126,30,5,5,0,5,1,91,135,29
89447,89,9,23,15,9,4,0,0,0,4,4,18,1
62448,62,50,314,163,44,12,13,4,6,4,178,125,52
63448,63,16,82,125,36,5,8,5,11,3,88,60,34
57448,57,12,49,37,9,4,0,1,0,1,10,32,11
76448,76,42,194,168,48,4,5,4,27,4,175,140,49
14448,14,1,0,9,2,0,2,0,0,1,0,9,0
21448,21,0,8,6,1,0,0,0,2,4,9,15,5
02448,02,0,17,13,7,0,6,0,0,5,13,5,0
60448,60,8,61,37,10,0,0,0,10,2,27,32,6
59448,59,9,60,40,11,3,0,1,11,1,41,41,18
27448,27,120,660,450,127,14,29,7,45,1,380,451,115
25448,25,39,168,146,35,4,9,0,0,8,118,152,32
64448,64,26,116,219,60,9,12,3,43,2,161,145,61
51448,51,17,77,56,8,0,2,0,0,6,25,56,11
39448,39,16,71,57,10,0,8,0,3,0,59,50,19
31448,31,12,41,61,22,1,7,0,0,3,65,47,16
70448,70,0,18,21,9,1,0,2,0,0,5,18,6
55448,55,6,13,3,0,0,2,0,0,5,0,0,0
50448,50,14,64,70,24,3,9,0,0,4,27,61,24
52448,52,597,3171,1727,385,117,121,13,80,86,1362,1827,400
24448,24,16,54,51,16,0,1,1,4,0,48,36,16
71448,71,43,157,151,42,3,10,0,0,5,96,123,42
33448,33,53,264,404,132,14,25,14,10,16,314,257,114
61448,61,10,45,49,5,5,2,0,0,6,16,56,15
38448,38,39,139,172,50,2,9,3,0,11,107,120,50
88448,88,3,23,22,4,0,6,0,1,6,15,19,2
67448,67,62,213,204,49,7,7,6,42,12,120,192,53
77448,77,13,50,50,13,2,0,0,0,0,48,39,12
08448,08,30,161,95,22,4,5,0,19,0,84,91,25
17448,17,31,118,149,41,1,4,0,18,2,123,116,39
32448,32,16,45,60,20,0,3,0,5,7,54,45,26
65448,65,4,5,5,8,0,5,2,0,5,0,10,0
01448,01,8,45,43,12,4,7,0,0,0,15,40,7
62449,62,2,36,22,4,4,0,0,0,0,8,14,8
80449,80,4,11,9,0,0,5,0,3,0,6,6,3
63449,63,3,34,47,15,0,3,4,0,7,42,31,13
02449,02,0,15,6,2,0,0,3,0,0,0,10,0
57449,57,12,77,56,20,4,0,6,0,3,55,39,11
76449,76,7,61,51,13,0,6,1,8,2,51,40,10
14449,14,5,48,53,14,0,4,0,0,0,42,41,14
21449,21,8,15,24,1,0,1,0,19,0,15,13,1
60449,60,9,44,30,11,1,2,4,0,0,4,27,4
59449,59,194,1227,855,247,29,34,9,49,28,912,701,218
64449,64,3,16,27,2,0,1,3,0,1,14,14,6
51449,51,32,147,100,24,0,4,2,15,8,72,124,19
25449,25,5,19,9,3,0,5,0,8,0,13,8,0
39449,39,7,35,30,10,0,0,0,0,3,17,29,1
54449,54,28,140,117,31,6,11,6,0,3,98,94,31
70449,70,6,10,10,6,0,0,3,2,0,3,4,3
55449,55,6,50,26,6,4,6,4,0,0,22,22,3
31449,31,3,11,17,7,5,4,5,4,0,13,8,5
24449,24,26,98,89,30,2,8,0,5,8,100,65,26
71449,71,1,10,19,6,4,0,0,0,0,10,16,0
33449,33,611,2715,3876,1109,101,259,63,298,87,3152,2497,1126
38449,38,107,454,527,127,11,27,5,23,22,407,366,141
52449,52,39,205,112,23,7,10,3,10,10,86,119,34
88449,88,6,30,17,0,4,0,0,5,1,17,24,2
67449,67,86,338,280,63,9,15,0,16,15,186,284,71
77449,77,182,685,682,170,16,41,10,20,34,587,541,166
08449,08,19,90,44,15,3,5,0,0,0,57,42,19
17449,17,203,809,921,209,28,55,6,31,43,682,797,213
32449,32,1,21,18,12,0,0,0,9,2,24,12,6
65449,65,5,10,12,5,2,6,4,0,0,0,12,4
89449,89,57,209,159,41,10,8,5,17,12,125,161,30
01449,01,22,78,75,13,5,4,3,12,4,51,64,12
62450,62,3,37,20,11,0,0,0,8,0,27,12,11
80450,80,0,18,9,0,0,3,0,0,5,0,14,6
70450,70,0,0,10,5,5,0,0,0,4,0,6,0
02450,02,3,59,26,2,4,1,1,13,2,31,21,8
76450,76,8,31,36,6,6,7,0,0,0,24,31,4
21450,21,6,19,19,3,0,5,3,0,3,6,25,6
60450,60,88,513,322,65,21,17,6,0,17,266,287,85
95450,95,38,146,204,51,4,6,7,12,8,184,154,63
59450,59,9,78,53,12,6,1,4,20,0,65,47,14
25450,25,4,5,14,5,4,0,5,0,0,0,11,0
64450,64,6,23,36,6,4,0,3,8,2,31,24,16
51450,51,10,59,41,10,0,7,5,0,6,30,49,9
54450,54,3,14,14,0,1,0,1,3,4,18,6,9
31450,31,5,35,62,23,0,2,0,34,0,55,35,21
55450,55,0,5,0,6,4,0,0,0,2,1,8,0
50450,50,6,30,36,10,0,4,5,12,1,34,32,14
52450,52,1,19,15,8,6,4,5,0,0,0,12,6
24450,24,18,60,75,22,5,4,3,0,1,67,53,21
71450,71,1,14,17,1,4,0,4,8,0,14,11,0
33450,33,9,19,36,10,0,0,0,2,2,27,20,5
61450,61,0,5,8,0,1,1,0,9,3,8,7,2
38450,38,35,141,155,44,2,5,4,8,12,135,113,51
67450,67,24,106,99,24,0,4,0,0,7,58,81,24
88450,88,4,27,25,2,0,0,0,17,0,13,19,3
77450,77,139,489,472,103,14,20,2,61,19,426,372,121
08450,08,6,33,27,2,0,1,2,3,4,22,21,1
17450,17,9,20,29,5,0,4,0,0,0,25,30,3
32450,32,6,13,13,8,1,0,0,0,0,0,9,8
65450,65,6,3,12,4,0,5,1,0,1,0,0,0
63450,63,8,19,30,5,0,0,4,16,0,34,16,10
89450,89,22,85,69,10,5,0,4,19,0,51,62,9
01450,01,113,438,387,95,9,12,17,5,16,257,365,95
62451,62,9,66,42,14,3,3,0,0,5,43,31,11
80451,80,8,21,9,1,0,2,0,4,0,15,7,0
08451,08,10,55,26,9,6,0,0,16,0,25,28,3
17451,17,14,57,60,17,1,6,0,0,3,41,53,18
02451,02,8,19,11,3,5,4,0,0,0,0,8,8
57451,57,7,35,24,3,0,1,0,0,0,20,12,4
76451,76,381,1933,1637,473,69,101,12,141,69,1683,1331,451
21451,21,6,13,14,1,2,0,0,0,0,0,6,5
60451,60,42,222,146,34,6,9,4,6,5,94,131,41
78451,78,14,54,136,26,6,6,3,13,1,82,121,31
59451,59,7,71,44,18,7,1,2,0,2,57,40,12
27451,27,14,45,31,7,4,3,5,0,1,28,35,4
25451,25,0,16,12,0,0,0,4,0,6,13,14,6
64451,64,0,10,13,2,1,0,1,6,0,9,5,1
51451,51,2,12,14,0,0,0,3,0,0,6,12,7
39451,39,16,59,40,6,2,5,0,0,5,38,45,12
31451,31,175,769,1185,383,36,38,18,92,34,1069,761,376
70451,70,81,392,233,63,17,13,2,22,10,191,223,56
54451,54,84,404,327,106,9,13,12,11,10,286,242,94
50451,50,2,11,16,10,0,6,0,0,5,10,11,5
24451,24,17,83,89,28,7,4,6,38,4,92,69,23
71451,71,8,0,14,6,0,5,0,0,0,0,11,8
33451,33,8,47,69,22,3,6,0,0,1,46,39,20
61451,61,8,33,28,4,1,6,0,2,0,25,35,12
38451,38,89,333,377,90,12,13,7,0,21,272,248,95
67451,67,40,177,151,36,8,11,0,0,13,100,162,45
88451,88,59,298,199,52,8,18,0,26,13,168,177,53
77451,77,14,55,63,12,0,3,0,0,2,61,52,11
32451,32,8,16,18,10,2,5,5,3,1,13,12,13
65451,65,23,78,107,32,0,9,0,13,7,83,53,22
63451,63,13,35,48,12,7,7,4,0,0,52,30,10
89451,89,10,24,13,4,0,0,3,2,3,20,14,10
01451,01,178,746,692,145,34,29,8,9,35,407,650,150
62452,62,36,254,149,34,13,5,5,2,9,140,100,38
80452,80,16,82,50,16,7,8,4,0,3,30,41,12
57452,57,24,156,114,29,10,5,0,1,8,85,92,23
17452,17,139,546,598,137,10,42,10,71,24,480,530,142
02452,02,5,53,25,7,0,0,3,0,3,17,20,8
76452,76,107,550,481,147,10,20,13,31,19,483,390,136
14452,14,16,49,62,23,5,1,2,0,7,57,51,16
21452,21,75,312,312,65,5,21,0,3,9,215,293,84
60452,60,18,76,56,10,0,4,0,4,8,44,38,11
95452,95,20,57,92,25,0,7,0,0,10,89,67,24
59452,59,120,713,498,141,18,24,14,40,28,491,443,131
25452,25,7,42,49,15,6,0,1,16,0,35,43,8
64452,64,10,24,29,8,0,0,5,1,0,31,25,9
39452,39,13,52,58,9,4,1,4,8,4,47,41,14
51452,51,3,0,0,1,0,3,0,0,2,0,0,6
54452,54,4,3,6,2,0,0,0,3,5,7,1,3
31452,31,5,0,3,3,0,0,4,0,1,4,6,7
70452,70,14,51,28,4,6,6,0,6,0,20,24,2
55452,55,0,12,4,7,3,0,1,4,5,6,4,0
50452,50,20,69,86,22,8,9,0,0,3,48,70,19
24452,24,9,16,21,4,0,0,0,16,0,16,17,5
71452,71,0,9,10,0,0,6,0,17,0,8,13,1
52452,52,1,15,6,0,0,0,0,8,3,7,8,5
33452,33,18,75,90,28,1,7,3,6,4,87,57,31
61452,61,0,22,15,0,4,0,5,0,6,11,23,0
38452,38,13,37,42,16,6,5,0,0,1,36,30,9
67452,67,56,202,186,47,13,12,3,26,3,104,188,52
88452,88,2,15,17,8,6,0,0,0,0,1,13,3
77452,77,6,10,7,3,4,0,0,0,6,0,8,0
08452,08,9,33,22,2,0,0,0,0,6,23,22,8
32452,32,9,29,27,12,0,0,0,4,2,27,26,16
65452,65,20,79,126,37,5,10,4,9,0,107,67,39
63452,63,0,7,19,2,2,4,0,1,0,12,5,3
89452,89,13,66,37,9,1,6,0,7,0,35,41,5
01452,01,27,116,103,29,0,9,0,0,1,47,103,27
01453,01,29,99,81,18,4,1,0,9,6,67,75,18
62453,62,3,22,14,2,0,5,0,0,5,7,4,3
70453,70,2,5,13,8,0,0,2,0,3,0,15,8
80453,80,5,20,14,8,5,0,0,0,0,0,16,0
02453,02,5,65,24,12,5,3,4,0,0,17,28,9
57453,57,7,42,36,12,1,1,0,0,1,24,29,7
76453,76,28,130,111,37,0,7,1,0,6,123,94,28
14453,14,12,31,44,15,0,0,0,0,6,20,30,5
59453,59,17,83,57,20,2,0,0,20,7,69,58,12
27453,27,40,251,154,41,2,5,0,3,7,140,163,42
25453,25,36,155,130,42,1,8,0,22,5,107,124,31
64453,64,44,178,351,100,8,21,1,108,1,266,248,91
39453,39,13,42,50,6,1,1,0,22,0,40,31,7
51453,51,29,147,111,30,2,4,5,7,8,83,126,27
54453,54,0,17,16,5,0,0,3,8,1,17,15,10
31453,31,1,8,22,7,4,0,0,4,0,9,10,3
55453,55,0,16,4,0,0,0,4,0,2,4,4,3
24453,24,9,48,51,16,6,6,0,0,7,16,36,18
71453,71,13,39,31,14,0,0,0,5,0,23,26,8
52453,52,9,18,17,4,0,5,4,0,0,0,16,3
33453,33,3,18,25,10,0,1,4,9,1,26,12,4
38453,38,51,187,201,62,2,3,0,8,4,190,157,59
61453,61,10,35,29,2,3,1,2,8,1,16,31,6
50453,50,20,80,91,25,7,7,0,10,8,65,82,23
67453,67,18,77,64,14,3,1,4,8,7,48,72,15
88453,88,5,0,4,0,4,0,3,0,0,0,6,0
77453,77,30,120,122,31,1,5,6,11,4,104,89,31
08453,08,0,15,10,7,1,0,0,0,0,4,9,4
32453,32,3,15,14,9,0,0,2,0,0,15,11,11
17453,17,32,145,145,35,7,10,1,0,11,111,125,45
65453,65,3,2,10,5,0,4,4,0,2,2,7,1
63453,63,70,259,417,114,6,29,4,0,11,299,249,119
89453,89,23,133,95,25,0,5,0,17,3,70,83,25
62454,62,57,408,216,52,6,20,0,8,9,213,169,57
02454,02,7,65,33,13,0,0,3,12,0,29,28,13
60454,60,25,165,107,19,6,3,1,7,8,83,90,30
76454,76,3,10,6,0,0,0,2,7,1,15,8,3
14454,14,32,144,184,47,5,15,5,19,7,152,146,49
57454,57,39,198,139,33,7,5,0,20,11,119,129,38
21454,21,7,16,9,0,1,0,0,0,4,13,14,3
59454,59,7,60,41,12,3,0,3,16,1,43,46,11
27454,27,10,55,43,12,0,0,0,3,3,36,38,5
25454,25,47,215,205,56,10,15,2,0,10,148,182,51
64454,64,6,9,14,1,0,6,3,0,1,16,10,10
39454,39,2,9,13,7,0,0,0,0,0,2,7,7
51454,51,3723,17634,13072,2944,531,612,202,947,525,9047,14060,2955
31454,31,59,269,422,133,3,10,8,19,10,370,278,144
70454,70,6,2,0,4,1,0,2,0,0,0,4,5
55454,55,11,27,23,0,4,3,0,0,6,5,11,9
50454,50,9,42,53,12,6,8,0,0,0,18,44,7
24454,24,16,59,75,23,3,1,6,18,1,72,49,15
71454,71,10,10,19,6,2,0,5,0,4,0,21,10
33454,33,33,136,217,54,3,7,0,32,9,171,147,56
38454,38,39,170,191,46,4,6,1,0,4,152,133,52
61454,61,10,50,47,13,2,0,4,18,0,34,61,9
67454,67,18,47,48,15,7,2,1,0,0,35,50,7
88454,88,8,26,26,0,4,0,3,9,0,15,17,7
77454,77,11,42,52,10,1,7,4,4,2,39,39,7
08454,08,3,9,9,0,0,0,0,8,0,9,8,0
32454,32,1,6,15,0,3,0,0,3,2,5,11,0
65454,65,6,6,14,0,4,5,3,0,0,0,8,5
17454,17,9,50,44,11,4,0,0,9,0,39,40,12
63454,63,8,51,75,28,2,9,5,5,7,72,43,16
01454,01,25,100,86,20,5,0,0,20,0,75,97,16
62455,62,0,18,14,7,0,1,0,0,0,2,6,6
17455,17,13,77,86,18,2,2,0,7,4,68,76,14
80455,80,1,14,7,0,0,0,0,2,0,12,2,3
02455,02,8,36,22,8,1,6,0,0,2,0,15,8
76455,76,2,40,25,8,6,0,0,0,2,25,29,14
14455,14,8,22,31,8,0,1,4,0,0,26,27,10
57455,57,6,23,11,1,4,0,0,0,6,6,19,5
21455,21,9,19,31,8,6,4,2,0,0,14,18,7
78455,78,169,478,1116,262,8,33,15,22,37,549,1024,257
59455,59,31,156,101,36,3,3,5,0,1,90,94,35
27455,27,0,29,18,0,3,6,4,0,1,8,22,7
25455,25,3,24,26,10,5,0,0,0,0,4,25,1
64455,64,1,17,16,5,0,0,4,9,0,14,18,8
51455,51,9,44,30,5,1,6,0,0,0,12,37,7
39455,39,1,2,3,5,5,5,0,0,0,0,5,6
54455,54,0,25,15,10,3,0,5,0,0,13,15,2
31455,31,54,197,319,102,5,8,2,17,12,284,191,102
70455,70,38,217,130,26,2,9,0,13,11,116,120,33
50455,50,22,99,114,29,1,3,1,0,0,69,93,34
24455,24,10,74,81,16,0,3,4,23,2,78,50,15
71455,71,1,22,22,4,0,2,0,8,0,19,15,2
38455,38,99,423,491,117,6,19,4,47,21,414,339,122
52455,52,8,39,30,6,3,0,0,0,1,23,31,1
67455,67,27,100,78,19,2,1,0,10,2,59,89,17
88455,88,0,19,15,8,0,4,0,0,0,12,18,0
77455,77,57,221,197,55,5,8,5,37,7,184,149,52
08455,08,0,12,4,7,2,4,0,0,0,0,10,0
32455,32,0,11,20,4,0,0,0,13,0,20,14,10
65455,65,11,52,56,20,0,4,0,0,0,65,38,24
63455,63,93,344,526,138,13,22,11,37,11,431,316,158
38456,38,13,57,72,23,5,0,7,0,9,24,51,18
62456,62,12,127,68,16,4,4,2,8,3,67,56,20
60456,60,25,139,89,27,8,0,0,0,3,70,84,26
80456,80,15,82,56,8,8,2,1,3,2,57,38,11
02456,02,14,75,39,8,4,0,2,0,6,6,34,7
57456,57,21,94,81,15,0,0,1,1,6,68,67,22
76456,76,17,81,71,16,0,9,3,0,0,77,54,24
14456,14,62,280,345,89,1,16,3,44,8,271,304,100
21456,21,9,17,20,9,2,0,4,0,0,6,19,7
95456,95,14,47,69,14,6,0,5,0,8,55,49,18
59456,59,152,809,590,172,24,31,9,0,36,555,493,159
27456,27,22,126,82,15,2,8,5,3,3,62,68,20
25456,25,2,30,22,9,3,2,0,0,0,18,28,4
64456,64,2,3,10,2,0,1,0,1,5,7,2,0
39456,39,15,37,40,14,1,2,2,2,0,35,27,5
51456,51,1,11,5,0,0,3,0,0,0,2,12,3
31456,31,5,0,10,0,0,0,0,0,0,0,8,5
70456,70,10,35,17,2,0,2,0,5,0,11,16,7
54456,54,11,72,58,23,0,5,0,13,6,54,49,13
50456,50,9,47,57,18,0,1,0,26,7,40,47,15
55456,55,3,38,28,11,5,4,0,0,4,0,28,6
24456,24,2,18,25,10,0,3,0,7,3,26,21,5
71456,71,55,236,212,55,5,7,0,15,10,154,190,51
33456,33,5,36,68,13,0,5,3,12,0,47,43,22
61456,61,46,185,178,41,2,11,0,3,5,105,201,34
52456,52,25,109,60,11,0,0,6,9,7,39,61,15
67456,67,18,61,50,8,7,5,0,0,1,18,49,14
88456,88,0,14,8,4,0,0,4,4,1,7,8,5
77456,77,28,90,88,19,0,4,0,0,6,67,58,19
08456,08,12,45,23,10,3,0,5,0,0,8,18,11
32456,32,6,7,10,0,0,0,5,0,5,0,1,0
65456,65,4,22,39,10,3,3,0,9,0,39,21,9
63456,63,2,30,41,16,3,0,4,0,0,31,23,14
89456,89,23,84,57,10,4,9,1,19,3,48,59,15
01456,01,2,14,13,4,0,3,2,0,2,0,6,0
62457,62,144,1108,611,199,41,28,13,30,12,620,494,174
17457,17,19,91,96,23,13,6,0,10,1,73,92,36
60457,60,5,22,20,4,0,2,0,0,0,19,14,7
91457,91,138,336,558,131,12,20,5,17,28,426,378,129
14457,14,7,7,9,6,4,1,5,0,0,0,15,6
02457,02,11,62,30,8,5,0,1,0,1,22,32,11
57457,57,8,15,20,8,3,0,0,0,1,4,11,7
76457,76,21,108,81,25,0,2,6,0,6,85,74,20
21457,21,1,8,9,4,3,5,0,0,0,7,12,5
27457,27,19,103,72,20,5,7,0,0,8,32,65,11
25457,25,6,14,8,6,0,5,0,0,0,0,9,6
64457,64,9,18,29,11,5,2,0,0,1,14,15,7
59457,59,199,1155,796,234,29,33,16,11,35,820,675,233
54457,54,5,0,2,3,4,0,0,0,3,0,1,5
39457,39,5,1,0,5,0,0,4,0,0,0,8,3
51457,51,7,42,26,9,0,4,0,3,5,21,26,4
31457,31,12,71,102,36,1,6,6,7,7,97,75,34
70457,70,8,19,19,3,0,6,0,0,1,0,16,1
55457,55,1,31,13,4,0,0,3,15,0,11,11,8
71457,71,1,12,10,3,5,0,3,0,0,12,17,4
24457,24,3,14,18,9,4,0,1,0,0,10,19,2
33457,33,13,58,78,22,5,0,2,3,1,57,44,23
38457,38,68,289,323,88,13,16,5,0,11,240,229,98
61457,61,22,58,63,12,5,2,0,5,1,38,73,12
52457,52,5,27,11,0,5,6,3,0,3,13,13,8
50457,50,6,17,29,7,0,0,0,0,5,11,28,11
88457,88,1,17,16,0,0,3,0,4,1,12,13,5
77457,77,31,128,132,36,0,7,6,13,3,117,98,27
08457,08,33,183,106,32,4,1,2,0,1,74,88,31
65457,65,7,12,15,0,0,0,0,0,4,5,2,8
32457,32,7,27,28,15,4,2,2,0,5,9,28,9
63457,63,106,462,686,195,22,21,8,87,29,556,415,205
01457,01,82,340,306,65,17,10,0,15,15,218,271,78
02458,02,20,129,63,16,14,9,2,19,10,44,66,12
62458,62,23,157,89,23,0,7,1,0,0,90,75,29
60458,60,4,40,30,10,0,0,4,19,1,24,22,5
80458,80,13,58,47,4,1,3,0,1,1,35,34,5
14458,14,5,34,50,17,0,0,0,3,0,34,40,11
25458,25,11,27,29,6,0,4,2,2,0,18,21,3
76458,76,0,14,12,5,2,2,5,0,0,15,5,4
21458,21,30,113,116,32,6,8,0,8,7,86,100,33
91458,91,138,346,563,142,19,16,10,24,22,454,399,148
64458,64,1,26,43,10,0,0,0,14,0,33,24,15
59458,59,16,138,96,32,4,8,5,0,2,78,72,27
27458,27,70,344,242,52,8,24,3,21,16,225,229,62
54458,54,1,10,6,0,3,5,1,4,2,10,5,8
51458,51,0,10,11,4,0,3,0,0,3,1,7,1
39458,39,3,34,35,8,6,0,0,0,3,29,21,6
31458,31,85,359,580,181,4,19,13,84,18,515,354,173
55458,55,10,49,24,5,6,2,4,0,0,23,28,4
71458,71,5,9,11,7,0,5,1,0,0,0,3,0
24458,24,12,34,39,11,0,1,0,0,0,26,28,15
33458,33,12,86,118,36,7,4,0,0,0,90,80,39
38458,38,10,57,64,13,1,0,0,41,4,53,48,17
67458,67,170,599,541,123,20,18,5,8,28,341,554,138
88458,88,11,41,31,4,0,7,0,0,5,4,24,11
77458,77,143,507,520,138,16,23,12,7,26,425,407,140
08458,08,10,30,17,0,4,6,2,0,0,17,14,8
32458,32,3,26,29,7,6,5,0,0,4,13,24,7
65458,65,0,5,1,6,5,0,0,0,1,0,8,0
17458,17,8,0,22,9,3,0,1,0,5,0,13,9
89458,89,1,19,23,2,6,5,0,0,5,8,14,7
63458,63,4,9,24,5,0,5,0,0,1,20,12,0
62459,62,7,39,29,11,4,1,4,0,0,4,23,9
60459,60,5,33,21,8,0,5,0,0,5,2,17,7
25459,25,4,38,28,6,0,3,0,7,5,22,24,12
80459,80,1,19,15,4,0,0,1,0,0,5,4,6
27459,27,0,15,13,0,0,0,0,2,0,7,2,1
02459,02,3,31,22,9,3,2,0,0,5,8,13,2
57459,57,7,30,24,10,1,1,0,0,0,15,15,8
76459,76,5,36,30,12,1,6,0,1,0,26,31,6
21459,21,1,30,29,6,4,6,0,0,6,10,27,11
95459,95,19,62,88,26,5,0,0,9,2,82,68,22
59459,59,123,650,467,114,11,29,9,28,20,458,370,118
64459,64,4,11,18,2,1,1,0,7,2,17,17,5
54459,54,59,339,259,81,15,22,4,0,13,251,209,77
31459,31,16,75,124,39,2,1,6,0,5,102,67,42
51459,51,0,16,15,3,5,0,0,1,0,10,8,1
70459,70,32,201,124,37,4,9,4,11,11,99,118,30
55459,55,4,44,29,2,0,0,2,0,2,22,29,9
24459,24,10,36,31,14,0,4,1,0,4,27,32,8
71459,71,9,52,49,12,1,5,0,0,6,14,39,11
33459,33,0,21,29,5,0,0,1,0,0,12,17,9
38459,38,17,94,100,22,0,0,5,31,2,92,70,26
61459,61,8,38,35,9,6,6,0,0,0,1,36,3
52459,52,0,20,11,0,0,0,0,0,4,7,8,1
67459,67,29,96,91,25,7,8,0,0,5,37,86,24
88459,88,4,9,10,0,0,0,0,0,0,0,1,6
77459,77,33,148,132,40,1,5,0,4,2,132,106,38
08459,08,5,11,10,1,0,6,0,0,2,8,7,3
65459,65,1,11,18,6,1,0,0,6,0,12,7,1
32459,32,28,100,119,35,3,6,6,10,1,104,97,34
17459,17,8,52,56,19,4,6,2,5,4,46,53,19
89459,89,16,45,29,11,0,2,0,0,1,25,40,11
63459,63,14,39,72,16,6,3,0,0,7,51,42,25
62460,62,7,46,21,9,0,0,0,4,0,18,15,7
60460,60,4,35,16,1,3,4,0,4,3,13,16,3
80460,80,0,10,9,4,5,5,0,0,0,0,8,2
25460,25,11,23,28,12,6,0,0,0,0,18,28,4
02460,02,3,35,25,10,0,0,2,0,0,15,20,0
57460,57,33,160,119,27,9,4,1,4,5,111,104,29
14460,14,35,132,151,48,10,12,6,0,9,95,134,37
76460,76,10,57,55,15,6,5,6,17,0,53,44,10
21460,21,0,8,12,0,5,0,2,0,0,7,8,2
78460,78,21,60,143,43,1,8,0,1,9,95,143,42
27460,27,5,34,22,7,0,4,0,0,3,8,14,6
64460,64,8,26,52,20,0,3,5,0,5,44,33,22
51460,51,5,31,14,4,0,0,0,0,0,7,27,9
39460,39,9,24,25,2,0,6,0,0,2,16,13,4
54460,54,9,20,18,1,0,5,1,12,0,11,11,2
31460,31,79,345,530,173,8,22,6,38,19,497,353,177
70460,70,21,79,49,12,6,0,0,7,5,41,45,11
55460,55,6,27,8,7,0,0,2,0,0,11,10,4
71460,71,9,51,56,20,5,2,0,11,0,39,42,11
24460,24,9,52,52,11,0,8,3,23,1,61,38,10
33460,33,13,48,78,20,2,9,0,13,0,59,59,26
38460,38,17,46,65,10,0,0,5,13,0,49,34,13
61460,61,26,92,83,16,1,0,2,5,7,50,103,18
67460,67,66,206,198,50,3,13,5,29,12,121,181,45
88460,88,23,94,56,19,6,6,1,0,2,41,49,16
77460,77,8,37,32,4,1,2,2,14,3,30,29,5
08460,08,6,28,13,5,0,5,0,0,1,10,15,7
17460,17,20,91,108,29,1,3,4,0,1,74,83,28
32460,32,4,26,29,9,0,0,4,23,1,30,25,7
65460,65,89,411,565,168,11,24,13,88,29,518,322,166
89460,89,92,372,258,69,8,19,9,2,10,207,270,70
63460,63,3,26,52,10,5,0,0,14,0,39,32,10
62461,62,14,121,75,16,0,0,3,26,1,69,48,16
80461,80,6,35,33,2,0,0,3,12,2,23,17,4
61461,61,5,17,16,2,2,0,0,0,4,0,19,4
02461,02,8,69,32,3,0,1,0,0,1,34,26,12
14461,14,9,38,56,8,2,3,0,0,6,29,41,17
57461,57,5,46,36,4,1,5,0,0,3,29,23,4
76461,76,13,40,46,9,0,2,0,4,2,40,28,15
60461,60,9,34,16,2,0,1,3,5,0,23,17,3
21461,21,36,141,151,47,9,12,0,2,2,118,151,40
91461,91,127,304,502,126,15,31,4,25,15,388,336,117
59461,59,5,38,27,4,5,0,0,8,0,31,21,11
25461,25,9,36,30,12,0,0,1,0,0,18,33,11
64461,64,13,63,137,41,0,5,3,27,6,91,96,45
51461,51,32,148,105,29,8,5,2,0,3,63,113,24
39461,39,0,10,12,4,2,0,2,10,0,4,4,0
54461,54,0,9,3,0,3,0,2,0,1,11,7,1
31461,31,10,27,45,11,2,0,0,0,0,27,31,8
70461,70,9,16,12,5,0,1,4,0,0,6,13,7
50461,50,4,15,21,9,5,2,5,0,6,10,28,5
55461,55,12,76,40,7,6,5,2,0,0,22,38,15
71461,71,0,12,4,1,0,0,0,0,4,5,11,0
24461,24,23,78,77,19,0,0,3,21,6,81,62,20
33461,33,7,30,44,13,0,0,0,13,0,41,22,7
52461,52,10,48,31,3,4,0,0,13,0,26,34,2
67461,67,11,35,37,13,2,7,0,0,7,0,35,11
88461,88,8,31,19,6,0,6,4,0,2,0,23,5
77461,77,15,31,37,6,1,2,2,5,2,29,30,7
08461,08,1,37,14,2,6,5,0,8,0,14,15,7
17461,17,143,554,583,133,10,29,4,43,17,452,515,145
32461,32,5,12,17,9,0,0,5,0,0,0,8,3
65461,65,4,1,7,7,4,5,5,0,0,0,4,3
89461,89,36,153,101,25,6,10,0,0,7,81,102,20
63461,63,8,31,45,7,0,0,3,14,0,34,32,12
62462,62,0,16,15,0,3,0,0,17,4,8,4,0
80462,80,13,44,32,11,0,7,0,3,0,26,26,9
27462,27,2,22,19,2,0,1,0,0,5,0,17,9
88462,88,52,285,186,45,11,23,3,21,15,135,175,41
02462,02,7,46,17,4,3,6,0,0,0,20,15,3
57462,57,9,54,40,4,0,7,0,2,2,31,24,7
76462,76,105,548,481,122,25,27,5,31,19,468,377,139
60462,60,70,425,260,67,17,13,0,34,10,225,247,70
21462,21,18,98,92,25,1,0,4,8,4,80,89,31
95462,95,2,23,37,10,0,0,2,16,0,45,27,11
59462,59,121,665,481,142,21,18,14,3,23,477,379,115
25462,25,390,1746,1637,416,42,78,22,112,79,1299,1552,445
64462,64,7,27,55,21,3,1,0,16,0,41,40,23
39462,39,13,62,60,15,4,6,0,0,4,61,48,18
54462,54,54,304,277,73,15,17,0,39,13,249,212,72
31462,31,30,172,278,83,5,17,5,45,9,246,168,75
50462,50,6,37,45,8,4,1,0,2,5,27,45,6
70462,70,8,3,5,7,3,2,0,0,4,0,9,5
71462,71,15,54,50,11,0,0,0,13,1,46,52,19
55462,55,14,52,31,3,0,5,5,0,2,24,34,3
24462,24,33,155,174,43,7,3,4,27,5,183,144,53
33462,33,6,45,62,21,6,3,0,0,7,41,42,20
38462,38,18,61,72,18,3,0,4,0,7,38,45,20
61462,61,31,119,110,31,2,7,0,19,0,76,130,26
67462,67,571,2224,1978,477,68,91,28,91,116,1305,1982,489
77462,77,14,72,66,15,0,4,0,2,0,58,55,21
08462,08,0,17,17,0,1,2,0,4,0,14,8,5
32462,32,75,309,367,145,15,24,11,46,18,308,275,121
65462,65,10,27,38,13,6,4,0,0,0,14,21,9
89462,89,4,45,25,7,1,4,4,2,2,16,28,1
63462,63,7,25,40,7,2,0,4,1,3,32,25,16
17462,17,16,72,80,15,5,8,5,7,4,71,78,21
62463,62,8,76,39,17,0,5,4,0,0,40,32,16
80463,80,13,97,72,15,0,9,0,11,5,59,53,18
61463,61,45,202,178,49,3,7,0,31,8,118,205,41
51463,51,8,23,17,3,0,1,0,13,5,10,19,5
02463,02,0,5,9,0,1,0,3,0,5,0,7,5
57463,57,2528,12382,9132,2263,412,576,127,562,542,7575,7479,2314
76463,76,21,69,67,16,0,8,5,0,7,60,52,20
60463,60,383,2170,1343,331,53,63,12,41,74,1200,1167,322
21463,21,0,3,5,0,3,2,0,0,0,0,10,3
91463,91,36,83,133,40,0,4,0,2,7,107,87,40
59463,59,29,135,87,33,3,3,4,5,0,103,86,23
27463,27,26,101,62,21,0,4,4,0,0,61,67,18
25463,25,97,437,433,110,16,26,0,43,27,309,397,112
39463,39,3,27,25,9,6,1,0,0,0,16,26,7
54463,54,9,32,30,5,0,4,0,0,0,12,24,9
31463,31,5,28,37,12,3,6,0,1,0,31,17,6
64463,64,8,54,90,25,1,6,3,29,1,73,60,29
50463,50,12,56,68,11,7,0,3,0,0,30,56,19
70463,70,1,19,6,7,5,5,0,0,4,0,9,3
71463,71,15,60,51,12,0,5,2,28,2,42,45,14
55463,55,97,469,284,67,13,19,6,8,18,212,244,73
24463,24,16,60,67,14,4,3,4,11,7,70,48,16
33463,33,25,115,172,45,7,13,0,8,5,128,111,41
38463,38,39,199,205,55,4,6,0,15,10,173,148,58
52463,52,3,5,1,5,0,3,0,0,1,0,6,0
67463,67,91,326,304,74,18,12,0,10,12,186,301,72
88463,88,55,237,159,45,4,15,5,0,6,119,136,35
77463,77,111,408,387,101,16,11,3,23,29,360,298,95
08463,08,3,10,4,5,3,0,1,0,0,0,4,5
17463,17,34,123,145,35,6,4,6,21,4,107,130,38
65463,65,0,5,11,3,0,4,3,0,0,4,9,4
32463,32,13,47,55,16,0,0,0,2,2,51,39,21
89463,89,13,43,29,1,0,0,5,0,0,12,27,7
63463,63,9,49,82,20,0,9,6,19,0,57,42,16
62464,62,77,588,320,93,23,26,2,6,10,327,242,73
76464,76,61,283,256,63,3,12,0,14,7,240,183,66
80464,80,28,123,108,30,12,12,5,11,0,62,79,15
27464,27,29,122,94,25,0,5,4,0,2,67,89,21
25464,25,8,7,17,5,4,0,3,0,0,0,18,2
02464,02,7,53,18,4,5,0,0,2,0,27,17,6
57464,57,30,136,100,23,2,5,0,1,10,84,76,22
60464,60,25,160,111,24,1,5,5,8,1,98,86,20
21464,21,119,474,524,140,16,20,11,22,13,354,488,134
78464,78,14,55,112,23,3,7,1,0,0,68,118,26
59464,59,45,283,182,55,7,3,1,19,11,202,173,64
64464,64,0,10,11,0,5,0,0,1,3,8,8,5
39464,39,3,17,24,2,0,3,0,16,1,15,16,2
51464,51,4,50,32,5,4,0,0,0,0,15,41,12
54464,54,6,13,4,1,0,0,0,4,0,10,3,0
31464,31,5,22,32,7,2,5,2,9,3,37,25,10
50464,50,17,51,67,20,0,4,0,19,0,45,54,13
70464,70,47,227,150,27,4,10,0,6,2,111,132,28
71464,71,8,13,22,10,1,6,0,0,3,0,23,8
24464,24,4,31,31,6,1,5,0,6,0,28,18,9
33464,33,4,34,49,12,3,0,0,2,0,32,28,14
55464,55,0,28,21,8,5,5,0,0,0,0,12,1
38464,38,46,241,250,68,10,15,2,12,12,205,165,66
52464,52,0,10,12,3,5,0,0,0,0,0,14,4
67464,67,25,112,102,27,4,9,0,0,10,64,94,19
61464,61,85,382,350,92,6,19,3,32,17,229,415,84
88464,88,16,73,58,13,2,0,5,6,0,45,54,9
77464,77,260,925,935,225,18,37,19,13,49,826,757,230
08464,08,5,16,13,3,0,0,0,0,3,0,6,0
17464,17,5,15,10,7,0,1,3,0,5,0,18,7
65464,65,13,39,62,24,0,7,0,0,3,55,37,24
32464,32,16,76,90,30,5,6,0,0,1,67,65,25
89464,89,142,673,473,117,14,23,7,11,22,360,442,118
63464,63,10,32,52,11,1,0,0,6,0,37,29,14
62465,62,9,43,26,3,0,0,0,12,0,18,15,1
17465,17,10,61,73,21,0,9,1,21,0,50,55,11
80465,80,1,30,25,9,4,1,1,0,1,13,24,6
27465,27,9,51,39,4,0,0,0,4,5,35,38,12
02465,02,8,63,32,6,2,0,4,22,0,29,27,12
57465,57,56,281,211,45,10,10,4,16,7,176,163,58
76465,76,16,73,62,18,2,5,0,0,0,37,49,21
60465,60,8,25,15,9,0,0,3,0,5,0,21,6
14465,14,9,42,65,12,5,1,3,0,0,46,45,20
21465,21,4,3,15,0,0,5,0,0,0,0,13,7
78465,78,63,168,333,82,9,12,12,3,8,189,336,92
59465,59,19,82,59,13,0,3,0,29,1,66,50,19
25465,25,3,25,24,1,0,3,2,0,5,4,21,2
64465,64,0,15,32,10,0,0,0,19,1,25,17,6
39465,39,11,21,15,3,1,5,2,0,0,19,24,3
51465,51,2,25,20,9,0,0,0,8,0,11,12,0
54465,54,20,89,71,24,1,0,3,10,1,65,56,16
31465,31,0,0,1,3,0,0,0,0,4,3,1,2
71465,71,11,34,30,13,0,5,0,0,0,16,21,9
24465,24,11,27,39,6,0,0,0,6,5,28,28,4
33465,33,20,103,154,44,2,5,6,9,0,132,88,49
55465,55,0,12,7,5,3,0,0,3,0,3,14,4
38465,38,25,131,137,31,1,3,0,21,4,116,92,37
52465,52,9,20,10,0,5,5,0,0,0,5,14,4
67465,67,72,275,251,57,14,11,2,19,18,169,246,54
88465,88,301,1276,892,202,48,76,18,44,45,688,808,215
77465,77,14,72,79,15,3,1,0,0,6,63,52,24
08465,08,4,0,3,5,4,0,0,0,3,0,3,0
65465,65,5,33,46,11,0,2,0,19,0,53,31,16
32465,32,0,10,14,9,1,0,0,13,0,13,14,3
89465,89,10,29,20,11,5,4,3,0,6,2,30,4
63465,63,9,38,63,11,0,6,5,13,6,43,34,10
62466,62,4,42,27,9,0,0,5,0,0,15,10,7
61466,61,35,143,150,29,3,11,0,12,10,98,150,40
80466,80,7,25,10,4,0,1,2,0,4,8,7,2
27466,27,8,44,37,11,0,0,4,0,2,17,35,9
02466,02,3,23,14,4,0,4,0,0,4,9,9,1
57466,57,14,81,58,10,5,0,1,31,6,54,56,13
14466,14,11,43,49,15,6,7,0,0,3,16,33,14
60466,60,12,41,26,1,3,3,0,0,1,17,21,10
21466,21,0,1,10,5,0,0,0,0,1,0,9,0
78466,78,124,419,914,210,24,35,11,35,34,429,827,217
59466,59,63,392,281,72,15,20,4,14,8,301,231,72
25466,25,19,91,90,18,5,8,5,0,3,42,84,24
64466,64,0,17,37,14,0,7,3,0,0,19,21,12
51466,51,3,25,26,3,0,3,4,0,3,18,16,2
39466,39,1,18,11,0,0,5,0,11,0,10,10,1
54466,54,7,31,30,6,0,2,0,10,0,32,27,10
31466,31,13,70,104,39,0,7,0,0,0,97,67,36
70466,70,0,21,14,2,5,4,1,0,6,7,10,0
24466,24,4,33,46,16,0,1,0,3,5,39,36,7
71466,71,0,12,15,9,0,0,0,0,0,14,18,4
33466,33,44,176,230,70,6,21,6,29,5,211,160,72
38466,38,32,169,175,47,2,8,0,33,2,146,124,44
55466,55,10,45,30,5,0,0,1,11,0,24,29,3
67466,67,8,55,49,6,2,0,1,9,0,24,50,10
88466,88,9,25,18,3,6,0,0,2,0,16,10,0
77466,77,12,34,43,12,6,2,0,0,6,24,29,5
08466,08,3,16,7,1,4,0,0,0,1,0,10,0
65466,65,1,8,16,7,3,3,0,1,0,9,10,0
89466,89,11,50,31,4,0,0,0,17,0,20,25,5
32466,32,1,10,19,3,5,3,5,0,0,2,5,8
63466,63,3,19,30,11,3,0,1,0,2,5,21,12
17466,17,65,227,274,63,9,10,7,7,5,185,237,60
62467,62,0,23,21,8,4,2,4,0,0,4,17,2
77467,77,8,26,28,11,6,2,2,0,6,5,17,12
80467,80,9,31,22,0,4,0,0,0,3,12,13,5
02467,02,4,0,7,0,1,4,2,0,5,0,0,2
57467,57,3,33,25,10,0,0,2,20,1,20,22,3
14467,14,3,30,29,12,1,0,2,0,4,22,32,6
76467,76,32,145,124,35,4,8,6,21,5,129,114,38
21467,21,9,12,13,5,0,1,2,7,1,9,21,0
27467,27,246,1324,848,207,41,55,24,63,48,743,850,229
59467,59,60,306,228,58,9,17,12,2,11,217,195,72
25467,25,54,250,225,60,7,15,6,12,9,179,221,57
64467,64,9,48,81,30,0,0,1,39,6,72,57,20
39467,39,4,22,12,7,0,5,0,4,0,22,11,2
54467,54,2,22,27,9,6,0,0,0,0,15,18,2
31467,31,100,488,755,233,15,38,6,10,23,667,462,248
32467,32,5,14,12,11,0,5,2,0,0,8,18,1
50467,50,18,50,64,22,6,9,5,0,0,35,49,13
70467,70,76,416,246,55,4,25,9,37,12,209,226,61
33467,33,3,16,28,7,0,5,0,22,0,19,15,6
38467,38,37,155,173,42,9,5,0,0,11,120,111,50
55467,55,19,116,76,14,6,3,4,3,8,54,70,17
52467,52,7,0,8,4,3,2,1,0,5,0,0,0
61467,61,11,43,37,15,0,0,0,6,2,34,44,15
67467,67,14,54,39,11,5,3,0,0,4,30,46,13
88467,88,23,88,54,18,0,0,0,4,0,50,47,18
08467,08,0,24,13,2,4,0,0,0,0,6,14,0
17467,17,1,30,23,11,4,6,0,0,4,14,25,5
65467,65,0,12,13,8,0,5,4,0,1,13,4,9
89467,89,22,106,65,11,0,6,1,4,2,62,72,20
63467,63,1,3,5,7,0,4,0,6,0,5,2,0
32468,32,2,6,11,0,1,5,0,0,2,0,4,6
62468,62,1,36,23,6,0,0,4,9,4,16,14,10
80468,80,0,19,12,3,0,0,0,6,3,17,15,7
88468,88,104,445,305,80,6,20,4,34,17,240,278,68
02468,02,43,355,184,50,11,8,5,9,7,151,167,46
57468,57,18,92,67,15,3,4,6,0,8,56,53,22
76468,76,32,169,132,35,10,3,0,0,3,140,118,38
14468,14,14,32,43,12,6,1,0,10,0,32,42,11
60468,60,14,43,30,11,1,1,0,0,5,32,25,9
21468,21,2,17,14,8,0,1,0,0,3,4,8,7
91468,91,62,123,214,46,7,3,0,5,5,170,152,50
27468,27,9,82,44,17,5,4,1,0,6,36,43,17
59468,59,7,57,43,11,0,6,0,15,1,55,36,9
25468,25,28,92,100,22,0,3,2,16,5,69,89,19
64468,64,0,8,21,4,0,0,0,0,4,16,13,6
51468,51,10,58,39,9,3,0,2,0,3,29,49,5
39468,39,7,10,9,8,0,0,0,3,5,12,10,2
54468,54,4,9,14,2,0,6,5,2,0,12,5,4
31468,31,0,23,31,4,0,0,3,6,0,25,23,4
50468,50,20,86,106,27,5,9,6,4,0,78,103,31
70468,70,5,6,12,5,0,6,5,0,0,0,16,7
24468,24,3,35,37,12,0,0,0,6,5,33,23,10
71468,71,20,103,92,29,6,6,3,0,7,65,75,25
33468,33,13,34,59,13,2,9,0,17,1,44,33,19
38468,38,108,467,524,144,12,25,11,30,26,415,357,148
55468,55,1,20,7,0,0,0,0,9,2,1,5,0
52468,52,4,22,10,4,0,2,0,0,0,6,12,4
67468,67,15,69,60,11,1,0,0,30,6,46,61,11
77468,77,482,1754,1795,420,34,64,11,159,96,1585,1360,453
08468,08,6,34,14,3,0,0,2,3,3,14,16,1
17468,17,2,18,21,2,0,4,4,0,3,4,17,8
65468,65,2,6,8,4,0,0,0,2,0,7,1,0
89468,89,8,51,33,8,5,3,0,13,0,30,33,13
63468,63,7,39,50,12,0,4,3,7,4,47,28,15
62469,62,12,106,50,9,0,4,2,4,3,48,40,20
38469,38,9,22,17,8,0,5,0,0,5,0,17,9
80469,80,2,21,17,2,2,2,5,8,2,10,8,8
02469,02,14,84,48,8,0,2,2,0,5,23,46,15
57469,57,19,83,56,21,0,3,5,9,1,54,49,14
76469,76,12,48,36,13,0,1,0,2,0,43,32,17
14469,14,7,7,16,0,0,6,2,0,0,0,13,0
60469,60,15,56,32,8,4,0,0,0,2,28,31,13
21469,21,8,57,53,10,0,1,5,16,2,47,58,12
91469,91,34,67,108,29,5,2,0,27,2,96,74,25
89469,89,30,127,101,23,9,4,1,16,1,87,90,18
27469,27,107,560,395,99,15,29,10,34,24,322,352,94
59469,59,4,53,35,13,3,1,0,0,7,40,37,11
25469,25,7,49,49,9,0,0,0,20,7,49,49,14
39469,39,3,9,4,0,0,0,4,10,2,4,9,0
51469,51,0,16,8,0,4,4,0,12,0,7,9,0
64469,64,7,28,41,13,4,3,2,2,2,31,37,15
54469,54,13,48,40,15,4,0,3,1,2,47,28,8
31469,31,3,15,25,10,0,0,0,0,0,9,19,2
71469,71,10,49,36,16,0,0,0,9,2,30,33,16
50469,50,4,37,31,12,0,7,3,1,2,24,37,5
70469,70,11,32,20,2,4,7,0,0,0,12,23,4
55469,55,5,1,12,1,0,6,0,0,3,0,13,6
52469,52,22,74,41,19,4,7,0,12,3,34,44,13
88469,88,2,16,13,0,3,0,2,5,2,9,13,0
77469,77,39,132,121,30,2,2,6,0,6,112,94,31
08469,08,15,74,37,11,7,6,0,4,0,42,34,13
65469,65,0,2,9,3,2,0,3,0,0,0,4,2
17469,17,16,60,67,17,3,0,0,0,0,38,53,20
63469,63,18,73,104,25,3,5,0,0,7,71,66,32
62470,62,2,16,6,2,0,0,0,0,2,7,1,5
25470,25,10,18,16,1,2,5,0,2,1,18,13,10
38470,38,13,40,51,15,4,6,3,0,0,29,31,11
88470,88,49,229,168,47,13,6,2,0,9,129,133,41
80470,80,7,19,17,4,0,5,1,0,6,8,7,3
02470,02,9,74,40,13,6,6,0,0,2,20,29,6
57470,57,1,0,0,0,5,2,0,0,0,0,0,2
76470,76,16,84,62,21,2,9,2,0,3,56,46,23
60470,60,19,122,67,12,7,7,0,0,9,62,57,22
21470,21,2,3,10,0,0,0,0,0,5,0,1,1
78470,78,25,54,117,32,1,8,5,7,8,69,111,34
27470,27,31,140,100,31,4,10,0,0,0,85,86,28
59470,59,50,245,186,45,3,3,2,10,1,204,155,53
39470,39,90,395,350,88,10,16,1,7,19,313,305,87
51470,51,0,0,0,0,0,2,0,0,4,0,0,0
64470,64,9,37,87,24,0,0,3,23,5,71,65,21
31470,31,8,14,14,2,0,4,0,6,4,13,7,1
54470,54,1,6,9,4,0,1,4,0,0,0,9,1
71470,71,12,45,39,6,0,3,0,3,0,27,38,12
33470,33,18,82,105,26,0,2,0,0,4,94,74,37
70470,70,1,26,13,9,1,0,0,5,3,8,16,6
24470,24,2,33,31,7,0,0,0,5,3,32,17,13
55470,55,8,29,21,8,6,4,0,0,1,3,13,5
52470,52,19,67,34,7,1,1,1,18,0,32,42,12
67470,67,8,12,10,1,0,0,2,10,4,11,14,0
77470,77,212,813,812,205,23,38,18,65,31,694,615,192
08470,08,1,17,7,0,2,1,3,0,2,5,13,1
65470,65,6,14,16,9,0,6,0,0,3,5,14,6
17470,17,7,36,34,7,0,2,0,6,5,23,24,11
89470,89,7,15,16,6,2,0,3,0,5,0,13,0
63470,63,94,369,568,152,4,15,13,70,22,466,351,161
62471,62,29,180,98,26,5,8,3,12,6,103,69,20
17471,17,5,30,33,2,0,0,1,0,4,18,22,4
38471,38,28,133,154,42,0,4,0,17,5,114,108,34
88471,88,9,19,14,5,0,0,2,0,0,7,7,0
02471,02,6,14,12,7,4,3,2,0,0,0,11,6
57471,57,4,35,35,8,0,2,1,1,7,27,30,6
76471,76,22,113,104,28,1,9,2,22,5,106,79,32
60471,60,264,1480,973,244,33,60,21,67,66,824,858,217
21471,21,0,0,0,0,5,0,0,0,3,0,0,4
91471,91,506,1150,1852,463,21,54,20,75,66,1443,1247,459
27471,27,6,39,31,8,4,3,1,1,7,17,19,5
25471,25,1,15,12,2,3,0,0,9,0,14,10,6
59471,59,43,294,206,60,11,7,2,32,7,215,178,56
39471,39,21,97,78,15,5,7,2,0,4,66,78,20
51471,51,11,70,48,8,7,2,0,0,0,38,47,6
54471,54,6,7,7,7,0,0,0,0,3,0,8,7
64471,64,5,29,54,11,2,6,4,0,0,46,39,15
31471,31,4,35,45,18,0,1,0,11,6,40,39,20
50471,50,11,26,35,15,6,0,0,0,0,28,34,6
71471,71,0,7,8,3,1,1,2,3,1,9,10,6
33471,33,23,103,149,43,0,5,1,21,10,120,106,50
24471,24,20,68,63,20,4,8,1,2,0,74,48,18
70471,70,5,0,2,0,4,4,0,0,3,0,0,3
55471,55,5,11,8,0,0,0,0,0,0,7,12,0
67471,67,251,899,753,176,41,46,14,25,27,493,778,182
77471,77,7,44,46,13,5,7,3,0,6,26,37,13
08471,08,4,0,4,0,0,3,0,0,0,0,0,4
65471,65,7,12,27,8,0,1,5,0,0,15,12,9
89471,89,12,58,36,14,0,0,0,22,1,40,38,8
63471,63,16,84,111,35,3,6,0,17,6,93,66,33
62472,62,1,29,10,6,4,0,4,1,3,15,16,4
77472,77,9,51,47,15,4,0,1,0,0,33,43,16
80472,80,0,25,15,0,0,5,0,0,0,20,12,8
02472,02,7,72,41,13,3,5,0,0,0,23,32,14
57472,57,1,20,6,3,0,1,3,0,5,4,5,8
76472,76,17,87,62,26,6,0,4,0,7,68,57,18
60472,60,4,12,11,7,5,0,1,0,0,9,7,0
78472,78,2,23,38,11,0,5,0,9,1,21,40,7
21472,21,6,20,29,9,0,2,0,0,2,0,26,11
27472,27,4,39,24,2,1,0,2,0,5,20,25,7
59472,59,16,114,91,27,6,0,0,0,6,80,78,21
25472,25,6,0,0,2,0,0,2,0,0,0,5,2
39472,39,4,25,22,11,0,3,0,1,0,21,28,11
51472,51,37,145,109,19,7,10,0,7,6,80,122,19
31472,31,5,23,40,13,1,0,0,0,2,31,25,15
64472,64,13,55,105,31,0,11,1,23,0,81,80,29
54472,54,27,111,97,25,0,8,3,18,3,84,73,25
50472,50,8,19,31,10,3,0,0,0,3,13,27,3
24472,24,25,95,113,29,0,9,2,29,3,119,76,25
71472,71,10,26,23,7,0,1,0,0,5,7,24,12
70472,70,5,41,26,4,4,0,0,2,1,21,16,10
33472,33,7,37,43,9,1,4,1,4,2,42,37,15
38472,38,6,26,36,12,2,0,2,0,4,17,20,5
55472,55,3,13,8,6,0,4,0,0,3,3,16,6
52472,52,2,16,12,5,0,2,0,0,3,0,16,4
67472,67,149,565,512,113,13,23,9,22,24,333,516,136
61472,61,10,49,40,9,5,3,5,0,3,19,38,8
88472,88,4,19,9,8,6,5,3,0,6,0,12,5
08472,08,4,53,28,4,3,2,3,1,3,25,29,5
17472,17,50,211,227,63,7,11,5,3,7,156,200,59
65472,65,4,7,18,0,0,0,0,0,0,13,9,3
89472,89,13,48,41,16,5,4,2,3,1,24,42,13
63472,63,17,57,88,28,5,8,2,2,0,61,49,21
62473,62,232,1523,816,224,41,60,14,83,38,844,636,237
80473,80,6,46,38,11,7,4,0,5,0,26,24,3
02473,02,1,31,19,5,0,0,0,8,3,15,13,9
57473,57,7,12,6,4,0,3,0,0,4,0,7,5
76473,76,22,112,95,26,2,10,0,18,0,95,87,23
14473,14,5,14,20,7,2,5,4,0,4,0,10,1
60473,60,12,38,23,8,0,2,0,1,2,31,22,11
91473,91,3,21,24,6,0,1,4,8,3,17,13,9
21473,21,18,87,90,21,0,8,0,13,0,63,86,26
27473,27,27,133,82,19,5,0,0,19,3,72,77,25
59473,59,4,34,35,4,0,3,0,12,6,30,23,3
25473,25,25,85,81,15,7,2,3,0,1,62,85,20
39473,39,0,12,16,5,0,4,1,8,0,8,8,1
51473,51,5,11,12,0,2,0,0,2,4,13,12,4
31473,31,3,37,51,16,0,2,1,4,0,44,36,22
54473,54,9,30,22,13,0,6,2,0,4,18,20,9
50473,50,15,32,43,7,0,0,0,10,6,31,44,12
71473,71,7,17,25,4,1,4,0,0,0,12,21,5
70473,70,38,239,147,31,10,7,3,24,4,117,124,30
33473,33,59,241,358,97,10,26,3,40,11,290,219,107
64473,64,6,21,44,12,0,6,1,15,4,34,26,18
24473,24,10,39,35,15,0,6,0,12,5,38,25,10
38473,38,25,103,113,30,3,9,3,0,0,85,68,27
55473,55,1,21,14,7,1,5,0,0,4,0,11,0
61473,61,4,37,23,12,5,0,1,0,4,16,30,3
52473,52,0,14,9,4,5,0,4,0,5,0,4,5
67473,67,33,111,99,27,5,8,6,11,4,76,99,23
88473,88,0,13,10,3,3,0,5,0,0,7,13,5
77473,77,14,39,46,10,0,1,2,10,6,44,31,10
08473,08,12,50,25,6,5,7,0,0,0,8,26,6
65473,65,9,44,54,15,0,0,0,8,6,41,30,15
17473,17,0,14,13,0,4,0,0,0,4,9,7,7
63473,63,7,28,53,17,0,2,5,1,1,47,36,8
61474,61,96,441,399,88,12,26,10,20,10,263,453,93
62474,62,30,203,106,33,7,1,3,0,8,106,82,32
25474,25,0,9,10,6,0,3,4,0,5,0,8,4
80474,80,14,57,44,14,3,1,0,0,3,31,35,8
02474,02,5,54,34,11,0,4,2,0,0,27,28,5
57474,57,155,761,553,144,34,24,2,18,37,474,448,144
14474,14,3,16,30,9,6,4,2,8,0,18,18,3
76474,76,141,739,623,187,37,34,2,69,22,608,511,174
60474,60,13,39,27,11,0,3,1,6,0,22,20,5
78474,78,19,43,106,21,7,0,4,19,2,64,97,32
21474,21,6,47,40,16,0,2,4,0,6,31,41,15
27474,27,27,162,124,27,0,6,4,26,0,100,114,24
59474,59,21,160,107,30,1,2,0,0,5,109,95,31
51474,51,100,498,368,89,16,15,6,45,6,275,385,77
31474,31,2,25,29,11,4,0,4,0,5,13,22,7
64474,64,2,12,26,7,0,0,0,0,0,22,14,7
50474,50,9,45,69,10,6,5,0,18,0,41,54,13
24474,24,6,14,22,9,2,0,0,0,0,16,12,5
33474,33,57,276,407,121,3,14,2,75,11,330,252,97
70474,70,8,13,16,1,3,2,0,0,5,2,5,5
39474,39,12,38,37,6,0,0,4,1,0,41,37,14
54474,54,6,25,17,9,1,0,1,8,2,15,9,5
71474,71,8,27,26,1,5,0,0,0,0,0,23,4
38474,38,254,1118,1195,310,30,49,25,7,35,926,861,324
55474,55,10,37,26,2,0,0,2,0,6,17,28,5
52474,52,6,4,3,3,1,4,0,0,1,0,4,0
67474,67,94,358,337,71,19,23,12,9,19,222,349,92
88474,88,7,4,2,0,3,4,0,0,4,0,10,0
77474,77,9,57,59,10,0,4,0,6,8,57,41,9
65474,65,0,13,12,5,0,4,5,0,0,7,13,10
17474,17,14,69,83,24,6,4,2,0,8,49,79,25
89474,89,12,39,36,12,6,0,0,0,6,13,33,12
76475,76,149,751,631,176,20,44,16,78,14,668,546,176
62475,62,8,44,21,8,0,6,0,0,4,14,23,1
27475,27,4,21,10,9,3,0,2,0,1,6,17,9
80475,80,9,33,24,10,0,2,0,0,0,21,12,6
57475,57,7,62,46,9,4,3,4,0,0,36,37,8
78475,78,10,22,52,10,4,5,0,5,0,30,58,11
21475,21,15,67,57,16,0,0,0,8,3,49,56,12
59475,59,46,302,223,63,8,14,9,0,16,201,168,68
25475,25,32,108,111,29,6,5,4,3,2,91,95,33
39475,39,64,246,231,48,3,7,0,0,9,207,196,59
51475,51,7,7,12,5,0,0,2,0,1,0,5,0
31475,31,24,107,168,50,8,5,0,56,6,148,103,54
50475,50,28,100,131,38,0,6,4,0,4,78,109,36
54475,54,2,26,15,6,1,0,4,4,1,22,13,3
71475,71,194,722,683,180,11,29,12,0,23,489,581,181
33475,33,4,29,49,11,0,1,0,17,7,44,30,16
64475,64,9,20,27,9,0,4,0,9,0,22,23,12
38475,38,60,261,286,69,12,3,0,41,14,250,188,62
55475,55,2,2,8,4,2,5,4,0,2,0,9,5
61475,61,21,74,66,10,3,0,2,13,1,48,81,13
52475,52,6,9,2,2,3,0,3,0,0,2,9,0
67475,67,4,25,28,12,0,4,0,4,0,14,28,12
88475,88,5,23,11,0,2,0,4,0,0,8,14,5
77475,77,95,344,359,93,4,14,4,22,26,279,262,89
14475,14,72,239,309,74,10,23,1,4,10,161,231,83
65475,65,0,2,10,6,4,0,0,0,0,4,2,1
89475,89,9,13,13,1,0,0,0,3,0,14,17,1
62476,62,30,183,85,25,5,2,0,15,3,88,67,20
27476,27,6,57,44,7,6,4,0,1,4,31,38,11
80476,80,14,63,48,11,6,1,2,0,1,18,25,13
02476,02,19,89,41,12,8,0,0,0,0,46,50,17
57476,57,8,52,34,13,4,0,1,9,0,25,24,6
14476,14,5,17,18,11,0,4,3,0,0,16,19,9
60476,60,10,26,13,1,4,6,0,1,0,20,12,2
95476,95,282,1110,1690,436,52,71,32,38,106,1505,1234,455
21476,21,5,15,25,10,0,0,5,0,4,0,24,5
76476,76,228,1179,1024,272,24,66,19,99,39,999,800,300
59476,59,83,490,339,91,12,8,9,14,15,343,285,103
25476,25,5,13,11,0,0,5,3,0,6,0,18,2
39476,39,40,203,172,49,10,16,1,10,4,159,164,32
31476,31,16,72,111,43,2,9,0,0,7,105,75,41
64476,64,11,34,52,11,3,1,4,8,4,46,35,23
51476,51,15,84,66,9,0,6,3,23,6,55,66,14
50476,50,10,25,23,11,0,2,0,0,4,11,27,5
54476,54,5,49,33,7,4,0,0,17,3,32,28,13
24476,24,7,22,24,7,0,0,0,0,4,10,20,3
33476,33,13,63,77,20,1,2,1,24,0,73,59,19
70476,70,6,13,11,2,0,0,0,0,0,0,13,0
38476,38,26,90,107,33,5,0,3,10,2,83,66,31
55476,55,12,94,45,12,3,0,5,10,1,41,42,17
52476,52,2,12,11,0,0,1,4,0,0,2,13,1
67476,67,28,86,68,20,4,9,0,0,7,30,79,14
61476,61,6,37,24,9,0,0,0,0,0,20,40,10
88476,88,0,17,10,1,1,6,0,0,4,7,4,5
77476,77,11,29,27,11,0,1,0,0,0,9,23,3
65476,65,5,10,13,8,0,0,0,0,0,2,1,1
08476,08,10,67,39,7,7,2,2,12,0,35,36,7
17476,17,11,23,36,2,4,0,2,12,0,21,23,3
62477,62,20,122,63,21,0,9,5,14,1,74,49,14
80477,80,5,39,21,7,2,0,0,0,6,19,14,9
02477,02,24,171,94,27,5,10,0,0,9,64,77,26
57477,57,47,199,164,37,7,9,1,4,12,135,129,38
76477,76,11,62,48,15,0,5,0,9,2,58,34,8
60477,60,42,203,121,24,9,2,0,28,6,107,106,29
91477,91,977,2223,3543,934,84,134,59,97,160,2785,2484,909
21477,21,0,12,8,0,0,3,4,5,0,7,13,1
27477,27,20,122,74,25,2,9,0,0,4,50,80,23
59477,59,110,567,396,117,12,27,9,3,18,388,331,121
25477,25,10,45,37,13,0,6,0,0,0,25,31,8
39477,39,9,32,20,5,1,0,2,1,3,25,16,9
31477,31,0,0,11,1,2,0,0,0,3,0,10,4
64477,64,31,108,199,62,4,19,0,62,0,163,146,67
51477,51,11,41,30,4,0,6,5,0,2,22,35,7
54477,54,8,17,22,5,0,0,0,0,0,7,19,8
24477,24,2,21,25,9,0,0,0,6,4,18,12,10
71477,71,12,70,63,11,0,0,0,25,2,45,46,18
33477,33,18,48,72,23,0,6,0,26,3,62,52,17
70477,70,27,113,64,18,0,3,6,5,1,55,68,23
55477,55,12,73,48,7,0,0,0,7,6,29,43,11
67477,67,15,83,74,18,2,4,1,0,7,40,65,11
88477,88,7,10,12,0,3,0,0,0,1,12,11,1
77477,77,23,93,93,16,0,3,2,6,6,77,66,20
65477,65,3,10,12,1,0,1,1,1,3,8,3,4
08477,08,5,24,7,3,0,3,2,0,2,0,11,1
17477,17,7,8,8,0,5,2,3,0,0,1,8,8
89477,89,5,14,9,0,3,0,0,1,0,6,10,1
62478,62,2,40,23,7,1,0,0,9,0,23,22,2
80478,80,2,15,13,4,1,6,0,13,0,9,6,2
02478,02,11,45,20,8,0,2,0,0,2,16,17,4
57478,57,0,10,12,0,2,6,0,0,1,1,7,4
76478,76,6,19,21,10,1,0,2,0,2,13,20,0
14478,14,49,189,217,64,3,8,8,0,15,140,179,57
60478,60,9,50,25,2,1,0,0,2,4,21,27,8
78478,78,6,9,25,6,4,0,4,0,5,6,23,10
21478,21,12,35,38,8,0,5,0,1,0,35,33,5
27478,27,31,151,100,24,6,4,0,19,8,82,93,22
59478,59,27,179,118,33,3,8,1,33,8,135,100,37
25478,25,8,9,13,1,3,6,0,0,0,7,9,1
39478,39,194,814,733,180,26,54,15,92,11,634,625,174
51478,51,6,52,42,11,5,5,3,0,4,4,46,12
64478,64,9,54,94,23,0,11,5,41,5,67,65,26
31478,31,19,126,172,50,5,6,0,38,10,146,102,62
50478,50,14,37,51,13,0,0,0,0,6,18,41,10
54478,54,1,26,23,1,6,6,0,0,0,11,15,9
24478,24,8,20,18,10,1,5,0,0,4,2,16,2
71478,71,2,7,14,0,0,0,5,4,0,9,5,0
33478,33,69,284,401,107,13,26,4,33,5,333,245,116
70478,70,24,108,76,18,1,7,0,3,5,60,60,17
67478,67,75,248,219,59,4,9,1,15,15,151,219,58
38478,38,21,106,119,32,8,9,0,1,7,112,94,36
88478,88,6,13,11,1,0,0,2,0,1,1,9,2
77478,77,32,103,110,26,6,0,1,0,7,89,82,28
08478,08,9,45,22,11,1,2,0,1,0,16,18,6
17478,17,3,0,1,3,1,0,0,17,0,2,0,0
89478,89,22,136,91,25,7,1,0,8,0,70,86,18
65478,65,0,2,5,6,1,0,0,2,3,6,3,4
62479,62,37,243,133,35,13,12,6,14,5,128,110,31
80479,80,5,53,34,11,1,2,0,0,6,21,29,3
57479,57,16,69,43,17,4,2,0,0,2,29,39,12
76479,76,8,11,11,2,0,5,3,0,5,4,14,7
60479,60,13,90,69,12,1,8,0,9,0,58,51,17
91479,91,231,515,800,202,16,16,14,76,34,676,563,220
21479,21,7,10,10,0,3,2,5,0,0,0,11,7
38479,38,55,211,251,66,8,10,8,14,15,172,179,68
59479,59,73,418,303,86,8,11,2,20,8,302,244,94
25479,25,5,49,46,6,5,0,5,0,0,29,37,12
39479,39,11,25,23,4,5,5,0,0,4,27,21,5
51479,51,10,44,31,9,0,0,5,0,0,23,28,5
31479,31,3,1,6,5,2,1,0,0,5,0,11,3
50479,50,7,0,11,8,5,0,4,0,1,0,15,9
64479,64,5,7,27,6,0,3,4,0,0,16,11,12
54479,54,3,13,11,0,0,0,3,12,3,7,4,0
24479,24,34,108,137,43,8,5,4,9,7,110,111,33
71479,71,63,253,237,65,9,12,0,4,10,161,189,62
33479,33,0,16,27,13,0,5,0,16,2,20,13,8
70479,70,0,20,11,2,1,4,0,0,6,0,12,6
55479,55,3,33,18,3,2,0,1,0,0,17,22,4
52479,52,19,97,51,11,5,0,5,7,1,47,64,13
67479,67,16,81,65,15,0,7,0,31,1,41,71,15
61479,61,4,25,20,1,6,2,1,0,5,4,19,1
88479,88,7,41,20,10,0,0,3,0,6,17,21,5
77479,77,344,1257,1232,296,22,46,15,60,58,1077,963,312
08479,08,7,35,21,0,5,4,0,0,0,6,14,8
89479,89,13,35,31,6,0,0,3,6,0,23,24,4
17479,17,5,31,30,10,2,3,0,0,6,25,31,6
65479,65,10,35,55,14,1,6,2,7,0,44,23,15
62480,62,59,458,251,71,14,21,7,1,9,239,177,70
80480,80,5,9,14,0,0,6,0,2,0,7,4,4
02480,02,10,49,33,8,1,7,0,0,0,14,28,9
57480,57,500,2489,1841,497,84,133,58,113,104,1484,1546,450
76480,76,12,52,48,12,2,0,5,0,5,54,33,17
60480,60,18,86,65,13,7,4,2,0,7,38,49,17
14480,14,14,50,60,11,5,1,3,0,2,37,41,18
95480,95,100,453,662,183,13,23,5,60,51,583,482,182
21480,21,8,32,36,8,3,4,3,0,0,20,36,6
27480,27,23,89,52,18,2,5,1,0,7,42,51,20
59480,59,23,116,82,19,4,7,0,17,5,92,75,31
39480,39,8,25,25,2,0,0,0,12,6,29,28,2
50480,50,22,66,82,16,5,5,2,3,5,52,81,20
64480,64,6,12,26,9,1,1,0,7,3,24,13,4
54480,54,1,6,13,4,1,0,0,0,3,0,7,5
24480,24,6,26,30,10,6,4,5,0,0,28,21,10
71480,71,24,78,82,15,0,1,3,0,5,55,73,23
33480,33,26,115,180,52,7,11,5,14,5,142,103,50
31480,31,41,189,278,98,1,14,2,17,7,254,181,86
51480,51,7,22,19,0,0,0,0,1,5,9,12,2
70480,70,9,27,15,5,0,0,2,0,0,5,13,7
38480,38,46,217,245,75,11,1,4,30,7,214,173,66
52480,52,17,56,36,12,4,5,1,0,3,14,40,7
67480,67,51,204,190,46,2,11,5,29,10,135,195,50
61480,61,7,31,24,10,2,0,1,0,4,6,21,6
88480,88,6,6,18,9,0,6,5,0,4,0,19,2
77480,77,24,86,81,25,1,7,0,0,5,53,71,23
08480,08,77,528,294,67,3,13,2,49,14,289,272,84
89480,89,37,191,131,29,6,12,2,0,8,99,133,32
17480,17,14,55,72,16,5,3,3,16,3,50,66,11
65481,65,1,21,24,11,0,0,3,0,3,13,20,7
62481,62,6,27,12,5,0,0,3,0,0,12,5,7
78481,78,311,861,1944,469,26,41,18,35,98,1113,1880,480
59481,59,89,630,466,129,13,25,9,40,26,443,371,125
80481,80,8,57,51,9,7,7,4,0,0,34,30,13
02481,02,13,83,38,9,5,0,0,0,7,42,42,9
57481,57,75,367,259,69,11,20,0,13,14,213,218,70
76481,76,158,806,652,184,25,39,10,71,29,670,556,199
60481,60,17,87,53,12,0,5,0,0,8,34,44,14
21481,21,47,188,207,59,2,14,1,13,15,130,181,56
27481,27,13,60,40,15,2,5,1,0,0,17,35,10
25481,25,9,49,48,14,0,0,0,0,4,22,31,15
39481,39,13,50,44,9,0,8,0,0,0,36,32,13
50481,50,34,109,129,31,4,8,2,0,9,75,110,27
64481,64,9,15,37,11,0,3,0,0,4,12,27,10
54481,54,1,16,13,0,0,1,0,6,0,8,14,0
24481,24,11,46,43,12,0,0,5,6,2,48,42,20
33481,33,5,20,37,9,0,0,1,4,0,22,18,10
71481,71,25,118,117,34,0,8,4,0,8,97,88,25
31481,31,43,168,253,77,1,13,5,0,6,230,160,92
70481,70,8,28,16,5,5,4,4,0,2,0,14,9
55481,55,12,49,34,10,0,2,2,0,0,0,32,11
67481,67,37,145,124,37,8,8,0,0,7,83,121,34
38481,38,23,121,137,32,1,2,4,12,9,102,88,29
61481,61,5,11,5,4,2,2,5,0,0,0,12,3
88481,88,39,198,131,39,5,12,7,5,5,119,110,28
77481,77,8,24,15,10,4,0,2,0,3,9,12,9
08481,08,2,49,30,10,0,7,3,0,0,7,27,9
89481,89,1,11,11,8,4,3,2,0,4,0,13,0
17481,17,9,22,16,7,0,4,4,0,1,2,21,3
65482,65,14,36,50,21,1,4,0,3,0,53,30,18
27482,27,6,23,17,5,2,3,0,0,1,3,11,8
80482,80,2,24,17,1,3,5,0,0,4,6,9,4
02482,02,0,3,4,6,0,0,0,0,0,0,8,5
76482,76,93,410,357,101,15,22,13,27,20,352,276,104
57482,57,53,251,196,47,17,16,0,13,5,165,162,52
60482,60,93,546,358,90,10,16,9,65,27,301,307,86
14482,14,11,22,29,5,1,1,0,0,0,23,31,13
91482,91,15,36,71,20,1,2,5,0,2,59,44,19
21482,21,23,80,87,26,0,6,0,0,0,51,80,27
59482,59,165,966,685,189,29,33,9,71,18,676,574,197
25482,25,12,77,65,24,7,2,3,7,0,52,63,16
31482,31,1,21,21,13,1,5,0,1,0,18,14,7
51482,51,11,70,49,10,4,5,2,16,5,46,55,9
50482,50,6,17,27,6,5,1,0,0,0,6,17,7
64482,64,16,36,86,18,6,3,2,4,6,66,60,30
54482,54,222,1241,1034,278,31,45,14,87,38,909,758,297
24482,24,10,25,33,7,0,4,0,0,0,23,23,4
33482,33,8,19,28,7,3,0,2,4,2,25,17,11
71482,71,29,97,91,30,2,2,0,0,0,72,76,24
70482,70,44,200,125,29,7,13,5,10,11,96,127,25
55482,55,4,18,6,6,4,0,2,0,5,2,10,5
52482,52,0,22,10,3,0,2,0,0,5,3,9,4
67482,67,5716,21150,19120,4539,712,989,304,1264,889,12096,18735,4594
61482,61,12,47,45,10,0,5,5,0,1,10,47,7
88482,88,0,7,3,3,3,0,5,9,4,4,2,0
77482,77,87,317,310,77,5,6,10,18,15,277,226,81
08482,08,3,12,12,2,5,0,0,0,5,0,7,4
89482,89,3,19,7,0,4,2,0,8,6,8,8,7
17482,17,20,73,86,24,4,3,0,0,3,47,70,15
61483,61,77,336,297,74,10,24,4,9,2,176,344,72
62483,62,3,35,24,5,0,0,0,12,0,17,19,7
95483,95,16,47,73,22,6,7,0,0,0,52,45,12
57483,57,84,387,303,85,15,17,0,35,21,272,240,72
02483,02,14,90,45,12,0,1,0,18,0,43,46,6
76483,76,0,28,23,12,0,2,5,0,3,10,24,12
60483,60,14,74,45,13,3,0,5,0,0,25,42,7
14483,14,7,16,28,6,3,4,0,0,4,10,23,2
21483,21,11,32,26,13,0,4,0,0,6,5,31,12
27483,27,10,64,42,13,6,5,0,0,0,34,44,10
59483,59,2,26,16,0,3,0,0,0,0,6,11,9
25483,25,1,3,11,0,0,0,0,0,3,0,7,5
31483,31,193,822,1312,411,28,47,15,92,42,1132,822,405
51483,51,8,56,46,14,3,3,3,10,0,34,47,12
50483,50,20,98,108,33,7,6,6,8,1,82,94,29
64483,64,248,924,1785,551,28,96,22,537,34,1382,1248,520
54483,54,169,841,701,185,24,29,10,55,20,678,553,200
24483,24,0,17,20,6,2,3,0,0,4,16,7,6
33483,33,101,393,593,177,14,35,11,12,20,477,395,160
71483,71,8,46,54,14,0,8,2,8,0,42,38,10
70483,70,3,27,7,6,0,0,0,0,3,2,15,7
38483,38,43,192,211,48,9,10,0,34,11,164,140,60
52483,52,0,7,6,0,5,0,0,0,5,5,10,0
67483,67,5,26,29,9,3,5,0,4,0,23,23,11
88483,88,75,343,230,53,18,7,3,14,10,190,219,50
77483,77,50,181,192,40,4,4,7,0,12,164,155,50
08483,08,16,86,42,8,0,8,0,1,0,46,38,9
89483,89,9,60,47,13,0,0,4,14,3,44,44,13
17483,17,48,164,196,46,10,7,0,0,9,154,176,43
62484,62,5,61,26,8,1,1,0,3,6,26,18,13
80484,80,5,58,41,4,0,4,3,0,1,30,30,9
57484,57,68,326,246,74,8,17,0,8,15,222,202,66
02484,02,14,80,33,9,6,2,0,0,7,40,37,6
76484,76,214,1129,972,285,42,49,4,10,36,933,815,274
60484,60,4,42,35,2,0,0,1,18,0,23,29,5
14484,14,4,21,32,6,6,6,0,0,0,11,24,11
78484,78,8,42,83,20,0,5,0,0,7,42,70,26
21484,21,2,5,12,0,0,3,0,3,0,8,5,0
17484,17,57,212,246,64,7,14,6,28,11,182,201,54
59484,59,122,627,460,130,17,19,10,47,12,474,385,120
31484,31,49,196,327,91,5,10,7,36,6,285,189,94
51484,51,12,41,30,4,2,2,0,0,2,16,22,2
50484,50,145,588,689,189,23,43,5,42,14,437,595,181
64484,64,16,65,111,32,4,3,0,51,0,93,79,30
24484,24,24,91,90,25,0,10,0,19,3,97,78,23
33484,33,32,151,224,64,12,18,3,6,4,172,136,56
71484,71,30,145,126,33,7,2,0,28,7,97,113,34
54484,54,9,23,28,9,4,3,0,0,0,5,16,9
70484,70,2,28,16,8,2,0,0,0,6,1,20,0
55484,55,4,2,5,0,4,4,4,0,2,0,4,2
38484,38,52,206,219,61,3,14,0,12,4,182,168,61
67484,67,18,59,60,13,6,6,0,0,2,26,62,16
52484,52,14,60,36,9,3,3,0,0,3,21,40,11
88484,88,31,163,113,29,7,10,1,17,1,99,101,34
61484,61,101,411,367,77,17,22,11,46,10,240,436,74
77484,77,10,19,30,8,0,0,2,0,4,10,21,11
08484,08,0,16,2,3,0,3,1,0,0,12,3,0
88485,88,7,15,17,7,0,0,1,0,5,0,15,0
62485,62,12,60,30,12,0,3,0,0,0,9,28,10
17485,17,32,109,127,31,9,10,2,7,0,98,110,37
77485,77,22,84,90,23,0,7,4,0,4,82,75,29
02485,02,4,11,3,5,3,3,0,0,5,0,13,1
57485,57,6,12,10,0,0,5,0,5,0,14,8,5
76485,76,11,33,23,4,4,0,2,0,0,25,29,10
60485,60,9,32,20,0,6,1,1,0,2,4,17,0
21485,21,56,250,283,66,7,10,2,17,15,195,232,66
27485,27,22,99,62,11,5,1,6,2,2,62,62,15
59485,59,34,238,174,42,7,10,6,0,12,168,146,46
25485,25,5,21,28,1,1,0,0,5,0,18,24,8
31485,31,7,13,18,6,1,0,0,0,0,4,9,4
51485,51,13,35,25,6,4,0,0,9,0,23,30,3
64485,64,24,105,179,53,0,9,0,39,8,147,131,56
54485,54,9,26,26,4,4,0,1,14,4,17,14,3
24485,24,10,43,40,16,0,8,1,5,4,45,32,17
71485,71,6,36,40,11,4,0,0,0,3,18,33,13
33485,33,26,152,226,65,0,17,0,7,2,160,139,73
70485,70,12,49,32,8,0,0,0,0,4,13,26,10
55485,55,6,13,10,1,3,1,1,0,0,2,2,2
38485,38,257,1111,1265,315,38,44,16,135,55,1031,866,343
67485,67,50,194,187,39,5,11,6,5,9,125,189,38
61485,61,10,33,30,8,0,3,0,0,0,13,23,2
39485,39,16,91,84,16,5,1,4,3,8,76,79,16
08485,08,1,39,23,2,0,3,3,0,0,10,23,2
89485,89,10,23,15,7,4,0,1,3,0,21,15,7
80485,80,31,188,138,23,3,15,2,21,0,87,97,31
17486,17,31,100,111,22,0,7,2,26,0,83,101,25
62486,62,30,188,98,30,4,4,0,1,1,113,83,32
78486,78,150,418,928,230,13,34,13,28,32,537,883,238
80486,80,16,106,72,18,5,9,0,0,2,56,46,14
02486,02,6,12,11,6,1,1,0,0,1,0,6,0
57486,57,0,18,12,1,0,4,0,6,6,8,12,0
76486,76,14,102,82,18,8,1,5,0,6,94,71,26
14486,14,18,50,63,19,3,0,2,3,3,54,46,17
60486,60,12,86,57,19,0,0,0,3,2,50,56,14
27486,27,19,112,71,13,8,4,0,0,5,46,69,21
25486,25,4,49,43,14,0,4,3,0,7,15,43,10
59486,59,61,355,254,73,13,12,6,0,6,269,202,66
31486,31,19,101,165,47,8,5,0,18,5,159,113,55
51486,51,11,55,32,6,5,0,3,0,0,19,40,10
50486,50,10,52,61,13,0,0,0,17,1,38,57,14
64486,64,0,6,13,4,3,0,0,7,0,10,5,0
39486,39,5,17,20,6,0,0,0,0,0,7,12,3
24486,24,11,53,50,12,1,2,0,8,0,59,39,13
54486,54,9,38,40,12,3,2,5,0,3,28,20,9
33486,33,8,26,40,13,0,8,0,16,0,35,23,14
71486,71,266,994,924,258,35,45,22,46,45,748,799,237
70486,70,9,23,13,3,6,3,0,0,0,0,8,1
38486,38,174,794,879,226,5,35,10,57,44,702,614,238
67486,67,51,197,196,39,3,14,4,23,5,130,179,40
52486,52,0,17,9,0,0,2,0,0,0,2,12,1
61486,61,133,526,483,131,18,30,3,26,29,282,569,103
88486,88,116,557,371,99,19,29,8,31,19,297,346,94
77486,77,17,86,92,22,6,0,0,0,0,72,66,21
08486,08,29,177,111,33,6,12,0,0,7,106,99,26
89486,89,10,29,13,1,0,0,1,0,0,10,19,8
62487,62,28,179,94,26,9,2,5,13,5,97,82,26
88487,88,112,579,383,95,24,32,7,34,18,320,364,96
80487,80,8,17,15,0,5,5,2,0,0,2,8,3
02487,02,21,126,63,19,7,8,3,0,0,32,55,14
57487,57,136,630,506,118,26,30,11,19,32,381,410,128
76487,76,12,45,38,8,0,0,1,0,4,29,25,4
14487,14,25,76,95,32,8,8,0,3,2,78,78,30
60487,60,4,57,38,4,2,0,0,0,7,28,27,9
95487,95,174,660,963,258,24,42,14,13,59,871,705,256
21487,21,10,53,56,14,0,2,0,0,0,24,51,19
27487,27,16,83,60,21,7,8,1,0,4,31,58,21
59487,59,38,214,148,49,1,8,0,25,3,166,129,38
25487,25,0,0,8,4,5,3,0,0,1,0,0,5
51487,51,3,37,34,3,0,3,4,5,5,19,37,2
31487,31,7,16,33,6,1,0,0,8,0,35,20,7
50487,50,134,463,543,138,6,24,2,70,11,339,501,127
64487,64,9,11,39,11,6,1,5,0,0,20,22,12
39487,39,40,190,169,42,4,13,7,7,8,171,147,47
24487,24,38,149,148,38,7,14,3,12,1,169,123,45
54487,54,3,7,3,5,4,0,0,4,0,3,4,3
33487,33,22,79,117,39,0,12,0,0,3,99,81,40
71487,71,4,22,26,3,0,0,0,0,0,16,15,9
70487,70,11,46,34,5,0,3,0,0,1,15,34,12
55487,55,2,9,4,7,2,4,0,0,3,4,7,5
38487,38,50,245,272,69,3,4,0,20,8,217,189,83
67487,67,54,217,188,44,3,5,5,0,15,133,201,53
52487,52,8,10,11,1,0,0,0,0,0,8,10,0
61487,61,9,32,25,3,0,1,2,11,0,14,35,7
77487,77,340,1223,1259,302,20,59,10,7,67,1102,990,310
08487,08,35,267,157,46,3,7,7,0,10,119,143,42
62488,62,12,132,76,20,4,4,4,0,0,74,51,16
80488,80,36,204,152,30,3,3,2,20,7,123,116,34
02488,02,8,22,20,5,0,3,0,0,5,0,15,1
57488,57,20,80,60,15,0,4,0,15,0,46,55,11
76488,76,15,63,51,10,2,3,0,3,6,66,45,19
14488,14,260,1039,1265,364,43,64,7,54,38,928,1019,355
60488,60,8,46,30,11,1,2,5,0,6,9,23,5
95488,95,154,548,849,212,9,28,14,28,42,778,599,230
21488,21,3,22,32,9,0,0,5,0,0,17,25,9
59488,59,57,298,218,60,7,8,7,31,16,224,178,64
25488,25,4,10,14,2,4,2,2,6,0,8,10,0
27488,27,6,26,24,3,0,0,4,8,4,17,21,1
51488,51,7,44,25,2,1,2,2,5,6,21,33,5
31488,31,186,816,1282,386,23,31,24,76,30,1146,776,416
50488,50,13,72,78,20,3,3,4,0,1,52,66,18
64488,64,11,30,61,16,2,0,3,3,3,48,36,12
24488,24,9,48,51,13,6,3,2,0,3,55,31,10
54488,54,2,0,6,3,3,1,2,0,0,0,0,4
33488,33,7,29,52,9,4,1,0,3,0,38,33,13
71488,71,0,15,16,5,0,0,4,0,0,4,13,4
70488,70,4,35,27,2,3,0,0,0,0,18,24,2
38488,38,8,61,60,14,0,8,0,17,0,54,54,15
55488,55,8,31,17,1,0,0,5,0,0,13,10,2
67488,67,9,14,20,4,0,2,5,4,3,8,12,2
52488,52,10,43,20,10,2,0,1,6,0,21,29,5
61488,61,0,7,6,1,0,0,4,7,0,6,6,0
88488,88,14,41,22,4,3,0,0,4,0,16,25,8
08488,08,65,380,232,60,10,15,4,21,13,209,205,54
62489,62,95,591,314,84,22,23,3,19,19,292,250,76
80489,80,131,722,521,120,26,17,6,65,25,405,402,94
02489,02,6,60,30,8,6,4,3,0,5,21,21,3
57489,57,5,32,34,12,0,0,0,12,1,21,24,3
76489,76,11,46,49,11,0,5,3,0,0,43,42,16
95489,95,17,43,78,23,1,1,1,5,2,61,48,25
21489,21,2,6,5,2,4,0,5,0,1,1,9,6
60489,60,23,150,97,24,3,10,0,0,7,59,87,19
59489,59,92,569,359,115,21,22,2,0,14,369,337,120
25489,25,11,38,32,10,3,0,1,0,3,5,36,9
27489,27,13,68,57,13,3,6,0,0,6,39,56,11
31489,31,5,30,60,12,0,0,0,6,7,49,28,23
50489,50,9,51,67,16,5,6,5,0,3,39,49,10
51489,51,3,7,1,5,0,3,0,0,0,0,2,1
39489,39,8,53,43,14,5,6,1,1,3,46,49,17
64489,64,12,27,48,14,0,4,0,0,0,35,37,16
24489,24,12,35,40,9,0,0,2,8,0,33,35,9
54489,54,0,15,22,0,1,0,0,2,2,23,14,8
71489,71,18,65,63,11,0,2,0,5,0,50,47,16
33489,33,7,26,37,9,2,0,0,17,0,39,28,11
70489,70,32,158,101,21,3,12,0,0,5,63,81,16
55489,55,7,49,25,10,2,0,3,0,5,12,25,9
38489,38,0,10,16,1,0,1,0,17,3,10,6,7
67489,67,26,102,99,18,0,9,3,0,1,59,84,27
52489,52,4,0,7,0,0,1,0,0,5,0,0,4
88489,88,4,43,34,4,0,5,4,1,0,19,30,2
77489,77,2,21,19,5,0,0,1,0,2,4,19,5
08489,08,7,46,26,1,0,0,0,0,3,19,22,5
62490,62,4,45,25,9,0,6,5,0,0,9,21,12
80490,80,8,48,32,6,6,6,0,0,4,10,23,6
02490,02,8,21,16,6,5,6,0,0,2,0,12,1
57490,57,6,50,30,6,0,0,2,20,6,27,23,9
76490,76,33,141,113,29,9,5,0,8,8,117,93,34
60490,60,14,67,47,11,5,4,3,0,1,22,39,12
78490,78,534,1598,3590,840,57,82,43,84,114,1906,3382,827
21490,21,3,14,20,6,0,3,0,2,2,16,22,4
59490,59,6,31,20,10,1,2,2,0,0,11,17,9
27490,27,2,27,20,8,0,3,2,7,6,13,23,5
25490,25,5,39,38,15,0,2,0,11,7,37,44,7
24490,24,18,95,105,30,4,2,6,41,7,101,75,26
50490,50,14,32,46,12,0,7,0,0,2,18,43,17
51490,51,8,28,14,10,6,0,0,0,4,6,23,4
31490,31,132,494,783,244,11,28,0,43,22,707,518,262
39490,39,13,30,29,10,0,0,5,4,0,23,29,8
64490,64,14,38,61,26,4,7,0,0,1,58,48,22
71490,71,26,121,116,31,3,3,5,0,7,92,104,30
33490,33,39,153,232,75,6,11,1,27,6,190,157,67
54490,54,30,167,136,47,10,6,5,6,7,135,107,44
70490,70,3,2,16,8,5,1,0,0,5,0,13,8
38490,38,42,195,208,55,9,8,0,31,4,171,152,51
55490,55,13,58,29,6,0,5,0,0,0,20,23,12
67490,67,24,82,70,17,4,0,6,14,1,45,80,14
52490,52,22,121,68,13,2,2,0,7,0,54,73,9
61490,61,8,44,28,5,0,0,0,17,0,21,34,10
88490,88,1,23,20,8,1,0,0,0,5,17,16,6
77490,77,16,71,72,17,7,0,3,11,3,65,59,14
08490,08,93,547,301,84,30,22,14,51,24,311,283,99
39491,39,61,271,242,61,10,13,3,31,16,221,205,51
62491,62,135,901,464,139,43,28,11,3,21,395,371,136
95491,95,184,612,917,244,12,28,15,34,55,810,660,225
88491,88,0,0,14,6,5,4,5,0,4,0,9,8
80491,80,0,10,11,5,0,0,0,0,0,3,11,0
02491,02,13,50,34,6,4,2,0,0,3,15,30,10
57491,57,204,1033,754,186,34,42,11,60,41,593,614,212
76491,76,11,81,71,17,1,0,1,8,0,72,52,14
14491,14,10,22,23,7,2,0,4,0,3,0,23,3
60491,60,51,259,150,43,2,10,5,3,8,125,127,36
21491,21,2,12,11,4,0,2,0,0,0,0,10,3
59491,59,286,1725,1223,335,45,60,24,23,53,1214,1039,347
25491,25,3,19,8,0,3,1,4,0,1,4,11,4
50491,50,9,43,45,17,1,0,4,0,0,25,43,17
51491,51,0,13,9,4,0,5,2,0,4,9,8,3
31491,31,2,29,50,15,0,0,0,24,3,35,24,10
64491,64,7,13,31,4,5,7,4,0,3,20,13,5
24491,24,9,52,62,19,7,1,0,15,0,58,54,20
33491,33,11,33,46,16,2,7,0,0,0,21,28,19
71491,71,42,138,132,37,1,3,2,10,10,109,121,34
54491,54,4,42,29,7,4,3,0,15,5,28,19,7
70491,70,17,87,54,10,6,3,2,0,6,38,50,12
52491,52,4,11,9,7,0,6,5,0,0,0,11,4
67491,67,9,32,36,4,0,2,0,15,0,18,24,3
61491,61,93,336,321,73,20,37,26,15,21,157,385,90
08491,08,78,579,320,94,28,17,5,1,1,328,317,88
95492,95,0,4,11,7,1,2,2,0,0,5,3,0
88492,88,4,12,15,8,0,0,0,0,0,0,12,4
62492,62,9,45,16,2,0,3,0,0,2,19,19,8
02492,02,13,85,46,9,7,0,0,0,4,22,41,6
57492,57,12,62,45,15,5,8,0,2,6,38,37,12
76492,76,8,67,57,10,0,5,5,0,6,33,39,22
14492,14,6,39,33,13,0,6,3,3,0,33,28,10
60492,60,15,95,61,16,8,5,3,0,8,64,58,16
21492,21,17,52,58,20,0,0,0,0,1,23,56,18
59492,59,13,94,63,18,1,8,2,1,0,61,56,12
25492,25,1,9,8,0,0,0,4,6,1,2,7,6
27492,27,12,48,28,5,5,1,0,10,6,24,27,9
50492,50,83,213,280,80,16,17,7,22,6,153,253,74
31492,31,13,47,65,16,4,5,5,0,4,41,42,24
51492,51,34,211,154,29,0,2,6,14,4,104,175,39
39492,39,10,25,27,1,0,6,0,0,3,18,20,8
64492,64,3,13,35,14,6,0,1,10,6,21,25,9
71492,71,5,12,20,8,2,0,3,0,5,0,11,9
33492,33,45,192,250,78,5,7,3,11,11,216,161,76
24492,24,0,7,8,0,0,3,2,3,0,2,6,3
54492,54,4,17,13,5,0,2,2,4,0,8,14,2
38492,38,20,74,71,26,0,0,0,10,0,55,51,18
70492,70,21,71,42,16,10,9,0,7,9,34,47,12
55492,55,23,121,77,20,7,7,0,0,0,46,64,10
52492,52,23,93,55,11,3,7,0,0,0,25,52,8
67492,67,23,89,74,13,0,0,0,42,1,49,74,14
61492,61,3,14,10,0,0,0,0,0,0,2,17,7
77492,77,25,78,65,16,0,5,0,8,0,59,58,16
08492,08,9,41,20,3,0,0,3,0,6,25,25,10
25493,25,20,101,87,21,3,2,5,0,7,67,81,21
61493,61,7,5,3,1,5,5,3,0,0,0,5,5
95493,95,0,1,13,2,0,0,0,9,0,3,8,0
62493,62,8,45,22,6,2,0,5,0,0,22,13,4
80493,80,7,35,25,1,6,0,0,12,2,20,18,1
02493,02,6,38,15,0,0,6,3,0,3,17,23,1
57493,57,5,28,30,6,4,5,0,7,0,21,16,6
76493,76,14,57,43,16,0,4,2,0,4,34,38,11
60493,60,11,67,33,13,0,0,1,11,0,33,35,7
21493,21,18,54,59,21,2,1,1,0,7,52,60,14
59493,59,3,30,26,3,0,0,0,0,1,25,23,11
27493,27,80,472,321,89,7,10,2,38,5,294,306,85
50493,50,41,119,160,45,7,9,2,12,0,98,126,36
31493,31,3,6,18,8,3,4,0,1,4,8,7,4
51493,51,3,11,19,3,0,0,4,3,0,11,9,0
39493,39,4,27,30,11,3,5,5,0,5,0,24,3
64493,64,31,97,189,54,2,7,0,53,4,156,135,64
24493,24,6,10,10,0,4,5,2,0,0,2,7,7
33493,33,7,30,48,12,2,0,0,11,0,42,28,10
71493,71,12,39,43,7,0,0,0,12,0,27,35,9
54493,54,56,267,227,52,1,11,2,9,7,194,179,58
55493,55,10,36,26,1,0,4,1,0,4,8,18,0
70493,70,12,69,41,13,0,6,0,22,2,40,35,6
52493,52,0,0,8,5,1,0,4,0,1,0,4,0
67493,67,10,54,59,17,1,7,0,17,2,32,48,15
88493,88,0,0,6,0,0,2,0,0,0,0,4,3
77493,77,82,304,315,74,8,15,6,21,13,283,253,70
71494,71,21,66,62,15,0,4,5,0,1,25,45,19
91494,91,118,279,413,104,6,17,2,22,16,358,298,102
80494,80,3,35,16,4,0,0,0,0,5,17,9,9
62494,62,0,11,4,0,0,4,0,0,4,1,3,5
02494,02,4,30,16,4,2,0,0,0,0,3,13,0
57494,57,11,38,28,10,0,0,5,0,0,0,25,1
76494,76,15,64,52,23,0,2,0,12,2,61,41,21
60494,60,52,257,176,32,4,6,0,30,4,140,136,36
21494,21,7,6,10,0,0,0,2,0,3,4,9,6
14494,14,7,12,16,2,1,5,0,0,0,12,13,5
59494,59,8,21,18,1,0,4,0,0,4,0,15,0
25494,25,18,60,58,11,7,3,5,0,5,36,56,14
31494,31,8,15,29,7,0,0,5,0,0,11,15,5
39494,39,5,40,45,12,5,5,0,0,4,24,40,9
64494,64,8,15,32,14,0,6,2,7,0,24,23,14
24494,24,8,48,52,15,0,0,0,15,6,53,46,10
33494,33,27,90,126,45,2,3,1,14,3,113,84,45
54494,54,1,15,15,0,5,6,3,0,0,0,7,7
38494,38,17,78,87,25,7,3,4,0,8,54,58,28
55494,55,16,79,47,17,0,1,0,0,7,33,51,15
70494,70,13,39,28,4,3,0,0,0,5,24,27,1
52494,52,9,38,27,2,6,0,4,0,2,12,21,0
67494,67,18,69,65,9,0,0,1,1,3,41,59,18
61494,61,25,118,117,30,3,8,0,1,4,73,135,24
88494,88,4,15,10,0,0,0,4,0,4,4,14,7
77494,77,74,279,288,68,0,16,4,2,19,237,205,70
08494,08,15,76,38,12,4,0,0,0,7,36,46,15
27495,27,4,38,23,6,0,2,0,0,1,9,23,8
38495,38,19,60,62,22,6,1,0,0,7,25,48,19
62495,62,5,58,24,8,6,6,1,0,0,34,21,4
80495,80,9,75,54,12,6,0,0,13,1,43,33,6
02495,02,22,157,75,23,0,8,1,18,0,73,71,21
57495,57,2,16,13,8,0,0,4,0,3,11,12,6
76495,76,154,759,645,190,41,40,18,42,32,651,545,177
60495,60,11,55,38,10,3,3,0,5,6,30,37,5
91495,91,7,31,36,11,6,5,0,0,3,30,28,7
21495,21,3,19,13,5,0,0,0,0,1,12,14,1
14495,14,13,55,68,17,2,0,0,12,0,48,51,21
59495,59,52,319,223,63,8,10,5,15,3,222,198,58
25495,25,52,240,218,60,7,12,6,2,17,178,227,57
50495,50,0,3,13,4,0,4,4,0,3,0,9,0
51495,51,0,0,11,0,0,2,5,0,5,0,13,4
31495,31,24,102,153,40,4,6,4,0,2,122,98,45
64495,64,118,464,838,260,20,59,6,167,10,644,599,240
24495,24,7,19,9,4,0,0,4,0,6,4,11,0
39495,39,3,11,10,5,0,2,5,0,0,0,3,2
71495,71,25,89,86,25,0,0,2,0,0,65,76,20
54495,54,106,538,491,152,18,33,12,29,16,434,356,135
55495,55,2,36,19,0,0,0,4,0,3,15,24,6
52495,52,3,14,7,1,0,0,3,0,3,0,6,0
67495,67,161,600,534,127,19,25,6,31,31,328,519,139
88495,88,9,35,24,10,2,0,5,0,1,1,15,7
77495,77,212,826,800,195,19,28,9,69,43,708,588,188
62496,62,10,45,31,10,1,3,0,0,0,15,27,10
80496,80,0,29,20,1,6,1,0,0,0,15,13,0
02496,02,1,24,9,1,4,0,0,3,0,9,5,0
57496,57,6,43,35,9,2,0,1,7,0,30,36,12
60496,60,6,24,20,0,0,5,1,0,6,0,12,8
21496,21,24,131,127,38,1,7,0,3,3,107,123,40
14496,14,2,7,7,0,0,0,0,10,0,1,1,0
59496,59,7,27,17,7,5,0,0,6,0,19,21,8
25496,25,0,11,9,7,4,0,0,0,0,5,13,1
27496,27,10,69,47,11,6,5,0,13,4,38,52,14
50496,50,14,56,66,21,7,3,5,0,0,22,60,11
51496,51,11,42,29,8,0,4,0,0,0,17,28,9
64496,64,90,330,663,202,19,47,9,180,15,503,460,178
24496,24,6,40,39,14,0,0,0,15,0,33,29,11
31496,31,5,27,37,10,0,3,1,7,0,34,17,13
33496,33,47,245,361,91,1,25,1,16,9,259,229,103
71496,71,1,25,24,3,0,2,0,6,0,14,13,2
54496,54,3,49,34,9,4,6,5,0,0,26,23,13
38496,38,35,136,172,43,8,3,0,9,9,129,117,42
55496,55,36,154,91,23,5,6,0,5,0,84,100,25
70496,70,3,2,4,3,0,3,0,0,4,0,0,0
88496,88,6,21,9,0,4,0,2,12,3,8,7,1
77496,77,1,22,27,3,0,4,5,0,0,12,14,10
08496,08,6,22,15,0,1,0,0,0,0,1,11,6
60497,60,5,25,19,9,0,0,1,1,4,19,23,0
62497,62,163,1193,636,170,47,50,8,11,24,612,472,173
55497,55,11,57,38,8,4,0,3,0,2,9,24,10
80497,80,1,19,16,1,4,1,3,7,0,15,19,0
02497,02,31,199,109,24,3,5,0,0,8,86,102,27
57497,57,8,47,28,9,0,2,5,0,0,22,29,13
14497,14,3,23,30,7,0,0,2,23,0,19,25,7
76497,76,171,935,799,210,42,37,15,33,18,829,635,233
78497,78,18,55,119,31,1,0,0,23,1,80,115,31
21497,21,5,21,21,8,4,0,0,11,0,17,24,2
59497,59,63,337,216,62,18,6,7,1,12,214,206,65
25497,25,11,66,74,13,7,0,4,4,3,48,66,22
27497,27,24,152,102,27,3,1,0,12,4,79,91,25
31497,31,42,186,288,93,10,8,1,25,10,246,181,93
51497,51,3,5,2,0,0,4,0,0,0,0,4,0
39497,39,3,13,6,0,1,1,0,2,4,12,10,0
71497,71,54,235,244,59,15,6,4,54,8,180,196,53
54497,54,0,7,7,5,0,0,0,10,0,5,8,0
38497,38,7,25,19,2,0,0,4,0,1,10,13,11
52497,52,12,53,39,12,5,6,6,13,12,7,45,7
67497,67,28,93,89,18,0,8,0,11,4,48,77,15
61497,61,39,177,171,34,7,9,0,0,6,114,200,45
88497,88,19,58,36,7,7,0,1,0,5,21,39,13
08497,08,27,176,104,20,2,7,6,18,12,94,92,23
76498,76,363,1911,1636,461,60,88,40,105,56,1710,1330,462
60498,60,19,88,48,8,4,7,0,0,1,47,41,13
62498,62,724,4877,2626,726,169,148,20,176,91,2705,2028,743
80498,80,16,109,76,12,5,0,3,9,2,43,40,15
02498,02,13,134,59,14,8,9,5,0,6,61,58,11
57498,57,73,369,260,71,12,12,7,9,11,224,224,66
14498,14,11,23,29,3,6,6,0,0,2,15,26,5
78498,78,605,1740,3982,936,76,120,45,128,142,2160,3713,953
21498,21,1,0,10,2,4,3,5,0,0,0,9,0
59498,59,6,49,39,7,0,0,1,13,0,31,23,8
25498,25,0,0,1,4,3,0,1,9,1,2,1,1
27498,27,10,56,31,13,1,3,5,0,0,12,34,9
50498,50,24,97,97,30,8,3,6,1,5,77,84,23
31498,31,0,0,10,0,0,2,0,0,0,2,7,1
51498,51,4,7,3,0,0,0,0,0,5,11,9,0
24498,24,15,88,105,29,5,1,0,7,0,106,80,30
64498,64,11,34,50,14,2,3,3,0,2,39,42,19
39498,39,21,83,69,16,3,4,0,0,2,52,62,20
33498,33,162,640,894,265,22,55,4,75,27,731,612,274
71498,71,8,17,16,2,0,0,2,0,6,12,8,3
54498,54,139,689,551,172,19,32,8,53,26,510,432,154
55498,55,13,65,34,13,4,3,5,0,0,23,28,6
38498,38,17,82,84,21,5,7,6,2,2,76,52,18
70498,70,12,68,56,7,7,10,0,0,1,21,52,20
67498,67,22,84,71,16,7,7,0,1,3,54,83,23
61498,61,2,10,7,2,2,4,0,0,4,0,20,8
88498,88,28,128,84,27,4,2,5,3,6,70,81,21
77498,77,4,36,30,10,3,4,5,0,3,20,31,3
08498,08,15,55,36,6,0,2,0,6,4,31,36,12
33499,33,11,27,37,16,2,5,0,0,0,31,29,13
61499,61,3,16,23,6,0,2,4,7,0,8,23,6
62499,62,10,45,25,6,4,3,5,0,3,20,25,13
80499,80,5,47,27,9,6,0,1,0,3,11,26,9
02499,02,4,0,5,2,4,0,0,0,0,0,0,6
57499,57,41,202,137,39,8,5,4,6,8,112,117,30
14499,14,16,47,61,24,3,6,0,8,0,44,50,23
76499,76,22,146,115,38,9,2,0,2,6,130,98,30
60499,60,2,48,28,7,3,0,0,0,0,25,20,8
78499,78,18,45,87,22,0,0,1,17,0,57,80,18
21499,21,2,17,17,10,1,1,2,1,0,19,15,0
59499,59,43,276,180,42,8,6,0,8,3,191,158,61
25499,25,8,14,17,3,0,0,0,0,0,0,16,2
50499,50,19,53,71,21,0,0,6,0,5,36,50,10
31499,31,170,707,1131,343,29,38,10,128,34,1041,692,351
51499,51,6,17,12,0,0,2,4,0,4,17,16,3
24499,24,26,87,102,29,2,3,0,0,6,99,80,29
64499,64,79,305,606,187,15,46,11,139,8,452,435,175
39499,39,10,19,17,0,0,0,0,16,2,20,12,4
71499,71,140,506,457,133,14,20,12,9,20,319,379,131
54499,54,5,14,11,8,0,3,0,0,0,0,3,8
38499,38,21,110,118,26,4,6,2,25,2,95,78,30
70499,70,3,9,10,3,6,2,0,0,3,0,15,6
67499,67,11,39,33,12,3,6,0,0,0,12,33,13
52499,52,1,0,0,4,5,5,0,0,2,0,6,3
88499,88,10,19,21,8,0,1,4,0,0,0,22,8
08499,08,11,39,25,6,0,6,0,0,0,18,22,3
61500,61,4,12,13,7,6,0,5,0,0,7,14,7
60500,60,131,723,454,106,27,28,2,14,32,391,419,100
62500,62,6,79,46,11,4,7,5,0,0,33,27,6
80500,80,8,91,68,5,2,1,1,0,7,32,48,14
02500,02,20,140,74,18,4,1,2,0,8,52,65,19
57500,57,0,2,0,6,0,0,0,1,5,4,0,0
76500,76,7,53,49,8,0,0,0,14,7,54,39,11
14500,14,6,15,23,6,0,2,1,5,1,15,17,3
95500,95,457,1787,2641,717,53,103,33,146,142,2449,1975,703
21500,21,13,60,61,16,6,2,1,0,2,35,45,12
59500,59,13,50,35,6,4,6,0,0,4,40,35,7
25500,25,4,0,14,0,4,6,2,0,2,0,10,6
27500,27,40,195,149,34,2,7,3,12,9,115,137,36
50500,50,19,59,72,11,6,3,0,3,0,49,55,11
31500,31,11,45,88,29,0,8,0,0,3,71,55,26
51500,51,3,22,13,0,0,0,0,4,3,11,8,0
24500,24,9,23,18,7,0,0,0,0,0,7,15,6
39500,39,62,292,259,54,10,14,0,14,2,246,227,57
64500,64,9,14,39,8,3,4,5,0,0,35,28,15
33500,33,11,37,51,11,0,7,1,0,6,43,32,11
71500,71,5,21,16,8,2,0,0,0,4,2,18,2
54500,54,5,22,19,2,2,6,5,0,6,6,17,9
55500,55,21,82,61,17,0,13,0,20,1,36,47,17
70500,70,7,31,21,7,0,0,0,3,0,11,19,8
38500,38,20,73,66,24,5,0,0,0,4,48,51,21
67500,67,52,186,167,49,1,14,6,18,9,127,165,49
52500,52,17,90,58,10,8,9,0,12,3,39,51,14
88500,88,24,132,87,20,6,3,0,14,6,84,89,22
77500,77,21,54,53,13,2,1,0,4,5,45,46,16
08500,08,5,4,1,6,0,4,3,0,0,0,9,2
60501,60,45,229,152,34,6,4,5,0,12,99,130,35
88501,88,8,7,8,4,0,3,4,0,0,0,14,5
62501,62,7,33,24,2,0,3,0,8,0,16,14,3
80501,80,7,38,24,10,0,7,3,2,2,19,24,4
975501,975,10,46,56,18,3,9,0,11,5,100,35,24
02501,02,0,17,6,4,4,0,5,0,0,0,3,2
57501,57,0,10,8,0,0,4,0,0,1,5,3,0
76501,76,1,17,9,9,0,0,0,0,1,15,16,2
14501,14,3,22,28,5,2,0,5,0,3,12,29,10
78501,78,52,145,343,74,11,12,7,37,17,191,321,81
21501,21,34,121,138,28,3,4,1,3,4,97,119,31
59501,59,29,167,120,35,7,4,5,8,3,136,97,39
25501,25,6,0,7,1,0,2,1,0,0,0,0,4
27501,27,8,36,26,11,0,1,3,0,6,16,28,8
31501,31,15,45,67,24,0,7,0,0,1,50,35,23
24501,24,14,44,50,11,0,5,0,0,1,56,43,21
51501,51,7,28,23,0,4,5,4,0,2,0,23,7
64501,64,8,48,80,27,0,9,2,17,0,54,62,23
39501,39,21,100,92,18,3,2,0,11,9,94,89,29
71501,71,10,11,24,6,5,4,2,0,5,0,22,10
33501,33,51,271,414,126,17,30,2,20,5,336,261,122
54501,54,7,11,9,2,0,1,0,6,0,9,4,0
55501,55,13,66,43,5,0,2,0,14,0,29,41,5
38501,38,36,158,176,47,0,7,2,48,3,160,121,46
70501,70,4,11,9,0,3,0,4,0,2,5,11,0
67501,67,16,61,67,16,2,1,2,1,6,37,65,17
61501,61,10,51,47,10,1,4,4,1,3,32,48,14
77501,77,21,92,96,29,0,0,3,19,5,82,68,27
08501,08,2,3,4,0,0,1,2,0,0,0,5,0
60502,60,5,14,12,8,0,4,0,0,0,0,9,7
78502,78,86,228,542,121,2,11,7,23,21,295,496,127
62502,62,115,787,426,128,16,25,11,25,13,412,333,120
80502,80,0,12,7,0,0,0,0,6,1,14,9,1
02502,02,27,203,97,22,0,8,2,20,1,102,98,28
57502,57,12,37,27,11,5,5,3,0,0,3,21,9
14502,14,1,6,8,0,5,0,0,4,0,12,9,4
76502,76,16,61,50,12,4,5,0,21,0,59,47,11
21502,21,12,63,69,13,4,8,1,0,0,43,65,21
59502,59,26,179,119,36,4,1,3,18,5,136,98,33
25502,25,13,59,49,11,4,5,3,0,3,35,45,15
27502,27,62,317,203,56,12,15,0,0,4,172,209,54
50502,50,477,1693,2054,513,66,118,19,106,54,1319,1811,526
31502,31,11,26,53,9,0,3,0,0,3,40,33,12
51502,51,2,9,12,0,0,0,2,2,1,3,12,6
975502,975,90,521,505,239,35,64,2,59,33,1015,287,237
24502,24,0,9,9,2,0,0,3,0,5,0,8,4
64502,64,11,35,80,26,0,8,0,22,6,64,47,23
39502,39,10,37,26,5,4,1,0,0,0,20,29,3
71502,71,42,187,170,53,2,14,0,25,7,139,148,44
33502,33,5,33,59,11,5,5,0,1,1,48,39,18
54502,54,1,26,21,9,0,0,1,7,0,29,25,2
55502,55,58,287,184,50,11,10,0,0,11,142,167,48
70502,70,0,17,5,7,0,3,0,0,3,3,9,4
67502,67,6,27,21,6,0,3,3,0,4,0,26,10
52502,52,4,5,4,0,0,4,3,8,0,0,3,0
88502,88,8,25,16,6,2,0,4,0,1,2,10,2
61502,61,5,11,11,2,1,0,0,0,0,0,12,0
08502,08,5,10,4,4,3,1,4,0,1,0,3,7
38503,38,55,248,279,74,4,11,0,37,8,246,201,76
60503,60,6,16,11,3,5,0,0,0,0,7,14,6
62503,62,6,49,22,7,3,0,0,5,2,35,22,11
80503,80,1,19,22,3,4,6,1,0,6,5,13,5
02503,02,26,148,67,11,2,8,0,26,1,64,62,11
76503,76,23,159,127,31,9,7,0,1,6,138,94,39
21503,21,3,22,22,1,0,5,2,0,0,3,15,9
59503,59,7,24,12,2,0,0,3,0,5,15,7,9
25503,25,4,14,9,0,0,0,5,2,0,13,13,6
51503,51,5,0,12,5,0,3,1,0,4,0,8,2
31503,31,21,72,122,45,4,1,0,4,8,101,72,43
64503,64,1,1,13,6,0,3,4,0,4,0,9,5
39503,39,5,40,45,13,1,4,0,0,0,38,31,10
71503,71,9,19,15,6,0,2,0,0,0,3,12,3
33503,33,10,45,61,18,2,9,0,0,2,45,46,16
55503,55,0,23,8,8,4,0,1,0,6,0,17,6
70503,70,1,25,10,2,1,5,1,4,2,16,15,6
67503,67,5,20,17,5,3,6,2,0,1,3,20,1
52503,52,5,0,3,0,0,3,0,0,0,0,0,4
88503,88,11,20,12,9,0,2,5,0,6,0,22,9
61503,61,5,22,18,10,0,5,0,13,0,10,23,5
08503,08,3,16,7,5,0,0,3,0,2,8,8,1
14504,14,25,70,90,25,8,4,0,7,2,71,81,22
62504,62,4,42,26,11,0,0,3,0,6,11,12,1
80504,80,1,4,2,0,4,5,0,0,0,7,6,3
02504,02,31,230,127,33,9,5,6,0,2,123,117,25
57504,57,9,45,37,8,2,5,1,1,0,20,22,3
76504,76,5,20,14,0,0,0,2,8,1,12,11,2
60504,60,28,158,91,21,6,6,5,0,9,70,87,27
95504,95,75,298,415,110,6,15,9,40,16,394,299,122
21504,21,5,17,10,0,1,3,0,0,2,4,7,8
59504,59,82,475,338,87,10,22,6,17,23,337,279,100
25504,25,0,8,13,5,4,0,2,0,2,0,15,1
27504,27,31,150,100,21,9,8,3,4,2,96,100,26
50504,50,10,16,26,2,5,0,5,0,0,0,24,8
51504,51,30,130,89,17,4,6,0,0,5,59,104,20
31504,31,7,15,34,10,0,3,2,0,0,32,20,13
24504,24,10,19,18,2,0,2,0,13,6,27,13,5
64504,64,57,162,350,98,9,17,3,77,2,259,228,103
39504,39,10,35,23,4,0,4,2,0,5,17,27,6
71504,71,0,11,12,7,1,0,5,0,4,0,9,1
33504,33,19,60,89,25,1,1,0,0,5,73,50,29
54504,54,20,81,70,19,0,0,2,11,1,61,54,16
55504,55,14,65,40,4,3,8,5,0,1,11,41,9
38504,38,57,246,272,76,12,12,0,0,17,192,203,86
70504,70,12,69,35,7,7,0,2,0,0,33,37,5
67504,67,43,172,158,35,4,4,0,0,6,91,154,29
52504,52,14,51,28,3,2,6,0,0,0,2,32,6
88504,88,2,19,20,2,0,6,5,0,6,5,9,7
77504,77,23,120,122,26,6,7,5,0,13,69,94,32
80505,80,8,35,26,11,2,0,5,0,0,28,29,2
33505,33,33,133,192,57,0,6,1,15,2,141,110,53
67505,67,11,58,60,15,4,0,0,4,6,34,53,17
70505,70,0,28,22,4,0,6,0,0,0,15,9,2
62505,62,7,77,43,13,0,7,3,0,0,31,34,16
02505,02,8,37,21,5,6,2,3,0,4,0,10,6
57505,57,37,161,127,34,3,4,0,0,8,85,101,32
76505,76,5,11,11,1,0,1,4,0,3,2,10,0
60505,60,25,105,75,11,2,5,0,18,5,67,60,17
78505,78,5,33,75,12,0,5,1,10,0,37,69,11
21505,21,9,71,72,21,0,1,4,0,2,43,67,17
59505,59,14,94,74,22,0,0,6,14,3,71,60,21
25505,25,21,116,105,22,2,3,2,30,3,86,96,25
27505,27,1,27,21,7,4,5,0,0,0,2,9,8
50505,50,19,65,81,24,7,3,0,17,0,58,84,21
51505,51,8,64,52,15,0,7,5,0,6,21,45,5
31505,31,9,30,52,14,0,3,0,0,5,29,25,17
24505,24,9,34,43,9,6,2,3,0,5,27,26,11
64505,64,6,26,32,10,0,3,0,13,6,28,23,14
39505,39,0,13,4,0,5,0,0,0,0,7,3,1
71505,71,5,11,6,7,0,5,0,0,0,0,14,6
54505,54,18,87,80,22,0,4,4,14,5,64,56,18
55505,55,79,401,247,57,13,14,2,47,9,193,218,52
38505,38,25,82,102,19,5,9,1,0,4,62,63,27
52505,52,1,13,0,3,2,4,0,0,0,1,1,0
88505,88,1,14,18,1,0,6,4,0,1,14,10,0
61505,61,8,24,18,3,0,0,1,7,2,18,22,11
77505,77,5,36,40,6,4,0,0,0,3,30,31,11
62506,62,47,266,144,46,2,9,0,23,9,129,126,43
02506,02,8,31,12,9,4,1,0,1,0,11,17,4
57506,57,8,40,26,12,4,0,1,0,0,12,25,2
14506,14,9,25,22,8,6,0,3,0,0,11,23,13
76506,76,14,49,47,14,0,8,1,3,0,41,34,18
60506,60,17,102,66,20,1,0,0,0,0,51,57,20
21506,21,13,46,49,14,0,0,1,0,6,13,31,15
78506,78,15,49,127,28,3,1,2,19,5,70,121,26
59506,59,11,57,51,13,0,0,1,0,6,48,44,9
25506,25,1,9,9,3,4,2,0,0,4,0,15,6
50506,50,19,40,57,14,3,8,0,0,0,36,44,19
51506,51,139,668,475,111,25,31,7,50,16,344,513,102
31506,31,206,1005,1550,500,31,60,13,112,55,1377,957,517
64506,64,0,6,21,7,1,2,1,3,3,18,19,8
33506,33,28,174,238,68,8,12,8,0,8,186,153,74
71506,71,29,125,118,27,9,10,0,0,0,72,95,32
55506,55,0,7,2,2,2,0,0,0,0,0,3,0
70506,70,7,63,35,4,7,1,2,0,6,31,27,9
52506,52,3,14,7,5,0,0,0,9,0,8,4,1
67506,67,200,743,677,162,28,34,8,0,23,394,666,166
88506,88,10,56,36,6,2,1,0,8,6,27,29,10
77506,77,25,72,72,18,7,8,0,0,9,39,52,24
62507,62,6,44,19,6,6,4,2,4,1,28,18,7
80507,80,31,187,129,21,6,3,1,1,8,124,108,25
02507,02,5,5,1,6,3,0,0,0,1,0,0,1
57507,57,8,42,33,4,0,4,4,0,0,19,25,4
60507,60,15,71,40,14,4,1,0,2,0,39,44,15
76507,76,16,89,82,24,2,9,5,0,1,80,65,20
91507,91,15,30,38,12,0,6,0,0,0,18,26,14
59507,59,352,2128,1503,445,57,100,31,68,63,1540,1273,428
25507,25,4,13,4,4,4,2,1,2,0,5,4,0
27507,27,97,525,332,90,21,18,9,4,19,292,339,75
50507,50,6,45,48,8,4,0,0,0,0,31,36,17
31507,31,20,105,174,53,5,3,4,11,8,139,104,56
51507,51,101,513,397,88,11,18,6,56,19,257,399,78
24507,24,3,17,7,5,1,2,1,5,0,9,5,6
64507,64,4,14,14,0,1,0,0,12,0,16,6,0
33507,33,4,27,43,11,3,2,3,0,5,34,35,14
71507,71,8,22,19,5,0,1,3,0,0,16,20,7
54507,54,2,15,11,9,0,1,2,0,2,9,15,4
39507,39,6,4,9,0,0,1,0,0,5,0,9,2
55507,55,11,34,23,4,0,7,0,0,6,11,21,4
38507,38,160,715,776,211,21,30,20,36,40,616,540,193
70507,70,12,31,25,5,6,0,0,1,0,17,27,4
52507,52,5,10,1,5,3,0,3,0,0,4,5,0
77507,77,16,38,46,7,0,7,0,2,6,46,31,8
88507,88,4,31,23,4,0,0,0,7,0,24,24,11
61507,61,11,33,32,5,0,0,2,0,6,23,43,5
67507,67,60,190,171,43,4,5,0,32,8,117,179,49
76508,76,9,50,48,16,2,7,1,0,4,27,40,13
62508,62,10,54,32,10,0,6,0,1,0,32,23,7
80508,80,0,12,4,0,1,1,2,0,2,1,3,0
02508,02,5,16,15,5,1,0,0,0,2,9,11,0
57508,57,130,608,454,118,24,29,11,31,20,372,388,123
60508,60,85,480,308,71,16,20,12,9,8,269,280,68
21508,21,7,49,55,13,1,0,0,17,5,37,57,8
91508,91,14,20,36,9,6,6,0,0,1,14,17,12
59508,59,313,1949,1372,375,75,77,19,73,72,1440,1185,390
25508,25,26,124,122,29,6,3,4,9,4,96,117,33
27508,27,7,29,21,2,0,1,0,3,3,13,20,9
51508,51,9,26,17,10,0,0,5,10,3,11,19,5
31508,31,2,0,8,1,4,2,0,0,1,0,0,7
24508,24,2,20,22,4,0,1,4,1,6,26,17,5
64508,64,5,9,25,5,0,2,0,0,5,10,13,4
33508,33,10,57,80,18,2,9,3,0,0,61,54,19
71508,71,15,39,45,10,0,4,5,0,3,25,32,11
39508,39,18,78,66,14,4,4,0,23,7,62,68,16
54508,54,11,32,31,11,4,0,0,0,1,25,21,14
55508,55,4,16,15,4,0,2,5,0,3,6,12,0
38508,38,12,73,76,16,3,8,0,11,4,68,59,23
88508,88,20,65,41,9,0,6,2,0,6,44,40,17
77508,77,58,177,200,53,6,10,5,0,11,160,142,54
61508,61,87,351,312,63,7,20,0,29,19,191,352,76
67508,67,17,57,53,14,0,0,0,0,5,23,47,17
71509,71,19,58,44,7,0,0,3,5,5,35,36,13
38509,38,150,653,725,188,15,34,12,46,38,592,522,192
62509,62,8,52,31,6,2,0,1,0,5,31,28,8
80509,80,15,81,64,12,7,8,0,8,0,51,47,7
02509,02,10,32,10,2,4,3,0,0,0,12,21,1
57509,57,21,81,59,17,2,6,1,0,4,27,51,17
14509,14,6,20,30,6,5,4,0,0,5,27,24,3
60509,60,273,1592,992,248,41,46,18,94,51,856,889,237
76509,76,45,234,202,55,8,12,6,12,5,196,163,52
95509,95,72,268,377,111,8,10,5,59,33,329,285,123
59509,59,140,847,576,165,24,13,14,65,29,631,497,171
51509,51,9,41,29,5,1,0,0,0,5,16,37,3
31509,31,6,11,22,14,0,0,0,5,0,28,20,5
24509,24,16,58,60,14,6,7,4,9,8,59,45,23
50509,50,25,78,89,26,0,1,3,0,0,43,82,16
64509,64,2,14,25,5,0,5,4,9,0,14,12,2
33509,33,6,51,72,24,0,3,0,0,4,56,51,19
54509,54,32,129,126,32,6,2,0,0,7,99,88,37
55509,55,3,40,27,5,0,2,0,0,3,6,18,8
70509,70,4,13,8,1,0,1,3,0,4,0,8,7
77509,77,16,64,58,14,3,1,1,1,2,56,48,12
88509,88,0,18,11,6,5,5,3,0,0,5,8,0
67509,67,16,45,39,10,0,1,0,9,2,22,36,9
14510,14,4,6,8,0,0,0,0,0,0,0,7,4
62510,62,679,4623,2442,657,143,139,32,236,106,2468,1930,685
02510,02,1,22,12,0,0,1,0,8,6,13,11,2
57510,57,39,182,130,29,7,4,0,37,7,104,105,29
60510,60,12,83,51,9,7,6,5,0,0,34,40,14
21510,21,0,17,21,9,2,2,4,0,2,0,22,10
76510,76,6,24,25,3,0,1,0,18,2,20,13,6
95510,95,10,43,62,21,6,0,0,0,5,46,43,14
25510,25,10,33,35,7,5,1,0,0,0,29,32,11
39510,39,23,86,75,22,3,4,2,20,6,68,65,20
50510,50,15,52,67,21,0,5,1,0,3,25,57,15
31510,31,0,12,14,2,1,3,1,1,6,16,8,9
51510,51,8,19,17,0,0,0,5,0,0,0,15,7
24510,24,14,35,48,12,5,2,5,3,0,41,32,12
64510,64,21,64,123,36,0,5,1,21,0,94,70,29
33510,33,2,21,29,8,0,2,4,0,4,12,22,3
71510,71,24,75,65,19,1,1,4,0,0,39,59,21
54510,54,4,40,28,14,0,0,0,4,4,30,28,4
55510,55,3,16,13,5,5,2,5,0,1,0,6,1
70510,70,3,16,16,0,0,0,0,5,5,12,7,0
52510,52,12,65,26,9,5,1,0,0,5,16,32,11
77510,77,14,65,73,23,0,6,0,10,8,66,52,19
88510,88,4,32,19,0,5,3,4,0,0,2,22,9
61510,61,10,25,21,4,0,6,0,0,3,4,33,8
67510,67,17,73,58,10,0,3,0,0,0,45,66,11
38511,38,66,343,365,100,1,22,5,15,12,300,253,104
62511,62,6,20,16,0,6,2,5,0,0,0,12,4
80511,80,5,17,10,0,1,0,0,0,0,13,4,6
02511,02,11,51,27,4,4,2,4,0,1,19,25,10
57511,57,24,154,113,33,5,10,2,0,3,79,82,27
14511,14,0,4,9,0,0,5,1,8,0,13,4,0
60511,60,8,61,31,13,7,0,2,0,0,28,31,9
76511,76,5,23,13,1,0,0,0,2,0,11,15,4
21511,21,2,13,14,0,3,0,0,13,1,14,10,3
91511,91,74,157,251,70,1,14,7,4,14,226,180,74
59511,59,47,278,198,62,13,10,5,0,3,176,173,58
25511,25,9,36,31,13,6,1,0,0,6,24,28,13
27511,27,24,96,71,17,0,8,0,1,4,52,56,22
50511,50,3,14,10,7,3,0,0,1,2,6,13,2
31511,31,10,22,38,17,1,2,0,0,4,35,19,15
51511,51,2,18,18,7,1,0,1,0,0,0,23,8
24511,24,5,21,25,8,6,0,0,5,0,28,27,4
64511,64,56,203,407,114,5,26,5,117,13,296,282,120
33511,33,8,20,40,14,0,4,0,9,0,27,25,9
39511,39,0,9,10,1,0,5,0,0,0,3,5,0
54511,54,1,2,17,9,0,6,5,0,0,0,14,8
55511,55,3,13,7,0,0,0,0,11,3,8,14,0
70511,70,3,25,20,5,5,0,0,11,1,15,15,1
52511,52,3,13,5,1,4,0,0,0,0,2,4,1
77511,77,11,37,51,13,6,0,4,0,5,19,38,16
88511,88,8,9,11,1,1,4,0,0,0,3,5,0
67511,67,40,121,101,34,14,6,4,0,2,48,111,31
70512,70,5,38,21,4,6,7,0,5,0,19,28,7
25512,25,53,272,236,70,8,9,7,0,15,204,218,65
61512,61,0,7,14,1,0,6,2,0,3,0,19,5
62512,62,18,107,56,14,5,7,0,8,2,53,36,13
80512,80,23,134,95,21,2,1,2,17,0,94,78,17
02512,02,8,34,21,5,6,0,5,0,6,0,21,8
57512,57,17,85,70,14,4,2,0,3,6,60,56,20
14512,14,0,4,8,3,4,0,0,5,0,11,5,0
60512,60,8,18,17,7,6,1,0,0,2,0,16,7
76512,76,5,0,7,0,0,0,1,0,3,0,7,0
21512,21,13,51,44,17,0,7,0,0,2,42,39,12
59512,59,1440,8404,5927,1695,238,293,64,347,293,6064,4932,1686
27512,27,4,37,27,3,0,1,1,33,3,23,23,3
50512,50,21,50,57,18,4,6,0,2,7,38,52,19
31512,31,15,70,120,38,7,0,2,0,0,115,83,41
51512,51,3,14,10,0,0,3,0,8,3,2,7,1
24512,24,11,28,34,7,0,0,0,13,4,31,30,7
64512,64,9,14,30,13,2,2,0,11,0,25,28,15
71512,71,64,286,257,63,7,18,3,29,9,198,223,76
39512,39,7,1,12,5,0,1,3,0,1,0,3,4
33512,33,8,27,40,17,2,5,5,0,6,33,28,17
54512,54,3,23,13,7,0,0,0,0,0,3,16,6
55512,55,9,46,29,9,0,2,0,0,6,4,27,6
38512,38,16,70,79,22,1,1,0,31,3,63,51,21
52512,52,18,82,47,13,4,0,0,0,0,31,43,8
77512,77,26,122,129,26,7,1,0,8,8,107,97,26
88512,88,3,33,22,9,0,0,0,8,0,17,19,6
78513,78,34,113,289,62,6,4,11,20,15,165,265,69
62513,62,1,32,21,8,2,3,0,11,0,17,11,1
80513,80,8,25,21,4,0,0,3,6,0,12,9,5
02513,02,4,27,17,5,0,6,0,0,5,0,15,0
57513,57,5,19,17,6,3,0,3,0,6,0,13,9
60513,60,82,480,324,67,18,23,0,7,17,269,295,80
76513,76,14,78,65,19,7,3,0,0,1,58,55,14
59513,59,8,74,45,17,0,7,5,2,1,48,36,11
50513,50,6,19,28,3,6,0,1,0,5,0,26,10
31513,31,8,34,45,11,5,4,2,14,0,47,28,16
51513,51,10,65,44,7,5,0,1,11,4,37,44,13
24513,24,12,34,32,5,0,1,2,1,2,33,29,5
25513,25,2,3,3,0,0,4,0,0,0,2,5,5
64513,64,27,80,155,44,0,7,5,93,1,117,107,42
71513,71,42,148,145,42,1,7,0,0,1,94,124,41
39513,39,11,24,21,11,4,0,3,0,0,18,25,2
33513,33,7,4,12,5,0,6,0,0,5,1,13,3
54513,54,16,60,48,9,0,2,0,22,0,54,33,13
38513,38,3,22,28,10,4,3,0,12,2,20,20,7
70513,70,75,369,236,54,14,18,5,19,14,165,216,59
52513,52,5,6,9,0,0,6,0,0,0,0,12,6
77513,77,125,427,425,106,2,24,1,5,19,354,351,113
88513,88,67,337,222,51,10,15,2,4,4,179,208,44
67513,67,0,12,16,2,1,2,3,4,5,12,18,0
50514,50,8,22,31,4,0,0,0,0,4,15,30,8
62514,62,3,34,16,2,6,1,0,22,1,22,13,1
80514,80,0,22,7,7,5,0,0,0,0,2,15,4
02514,02,25,134,72,13,7,5,0,0,5,57,55,21
57514,57,30,169,114,25,6,5,5,8,4,101,106,30
14514,14,114,451,553,163,22,24,0,21,17,397,438,142
60514,60,6,27,21,0,4,0,0,9,0,10,12,8
21514,21,0,11,12,0,5,0,3,1,2,6,17,6
91514,91,241,536,851,229,18,23,19,17,43,708,579,224
76514,76,31,140,120,27,3,3,0,0,0,119,88,38
59514,59,81,483,355,105,20,18,10,31,24,361,300,101
25514,25,10,30,33,12,0,2,0,0,0,21,35,3
27514,27,16,63,41,12,5,0,0,0,6,19,37,5
51514,51,1,19,17,0,0,6,0,0,0,0,15,2
31514,31,3,0,14,6,0,0,0,0,2,0,8,7
24514,24,10,33,39,7,0,1,5,0,5,21,23,10
71514,71,15,44,43,10,6,5,0,0,5,16,37,14
39514,39,11,18,26,8,5,1,2,0,0,8,17,8
33514,33,58,294,423,104,15,28,8,40,18,329,271,113
64514,64,9,11,23,12,0,1,5,1,0,26,22,8
54514,54,12,66,50,14,0,4,0,0,3,53,46,21
38514,38,6,22,29,3,0,0,5,15,0,21,25,7
55514,55,16,107,63,18,0,7,0,4,2,42,56,12
70514,70,15,78,49,14,0,3,1,21,1,41,43,10
52514,52,13,48,34,6,0,5,1,0,4,21,26,3
77514,77,555,2183,2215,511,54,99,30,88,130,1892,1675,537
88514,88,3,21,20,5,5,0,0,0,0,10,16,6
67514,67,21,73,69,19,0,0,0,19,6,40,65,22
70515,70,4,14,12,1,0,6,0,0,0,0,6,2
62515,62,13,96,55,12,3,3,0,1,6,61,35,10
80515,80,4,13,12,0,0,1,2,5,2,7,13,3
02515,02,7,1,9,4,0,0,3,0,3,0,11,1
57515,57,58,271,201,46,5,8,7,0,5,154,164,45
14515,14,42,185,221,58,7,10,1,38,7,177,178,50
60515,60,10,61,31,9,2,4,4,0,4,31,26,10
21515,21,200,857,909,229,28,29,8,82,12,677,805,243
76515,76,19,74,61,19,7,8,1,2,0,71,46,13
59515,59,17,93,65,19,0,0,0,0,1,59,50,22
51515,51,3,45,35,7,1,3,2,0,0,15,33,4
31515,31,7,41,62,14,0,7,0,0,3,48,31,24
25515,25,12,39,38,9,2,2,0,15,1,32,38,7
24515,24,12,48,59,14,0,0,5,7,0,38,39,16
64515,64,1,17,31,8,1,2,0,21,0,27,18,6
71515,71,7,13,12,8,3,3,0,0,6,0,15,0
33515,33,10,32,55,17,6,7,0,0,4,41,29,16
54515,54,3,31,30,7,0,4,5,8,0,32,18,3
38515,38,49,205,229,58,3,12,6,12,16,169,170,52
55515,55,3,10,11,2,1,0,0,0,1,0,5,5
52515,52,2,16,10,0,5,0,0,0,5,7,15,0
77515,77,25,73,63,17,7,7,2,0,4,60,54,14
88515,88,5,19,21,4,2,0,2,3,0,13,22,0
67515,67,23,76,58,16,0,1,6,7,4,36,62,11
38516,38,129,552,623,180,6,21,8,2,26,446,430,182
62516,62,196,1361,748,188,41,37,12,55,37,724,563,207
80516,80,8,39,28,3,3,2,2,0,2,13,13,4
02516,02,0,12,6,0,0,3,0,5,0,8,0,0
57516,57,17,58,45,6,0,7,0,0,4,32,34,11
14516,14,47,200,224,65,10,13,5,0,7,171,192,63
60516,60,14,51,43,7,0,0,0,0,0,36,38,7
21516,21,3,0,8,7,4,5,0,0,5,0,5,5
76516,76,12,60,56,8,2,7,2,0,0,36,43,18
78516,78,18,58,135,34,0,0,4,0,5,76,139,39
59516,59,26,121,81,26,2,0,0,6,6,84,61,20
25516,25,8,16,14,5,0,0,1,0,0,7,8,2
51516,51,2,7,1,2,0,0,0,0,3,0,3,6
31516,31,23,143,239,60,9,16,3,17,4,201,143,76
24516,24,22,132,133,37,7,7,2,24,5,143,101,33
64516,64,7,24,52,19,5,4,3,0,0,30,38,12
71516,71,18,67,61,12,0,7,2,0,6,39,49,18
33516,33,5,12,22,7,4,0,0,0,5,15,17,9
54516,54,0,0,0,0,5,2,1,0,0,0,0,3
27516,27,35,193,135,38,6,11,4,5,8,112,141,44
55516,55,16,76,42,11,3,7,0,20,0,39,43,10
70516,70,7,36,29,9,2,0,0,3,0,17,26,2
52516,52,0,2,8,0,0,3,0,0,0,0,9,0
77516,77,14,77,82,22,0,5,0,14,6,64,53,13
88516,88,189,819,531,136,24,39,7,40,22,467,489,133
67516,67,29,81,88,14,1,3,0,0,4,51,87,23
59517,59,21,115,68,21,5,0,0,0,4,80,70,17
62517,62,8,42,29,6,0,0,0,4,0,22,13,11
80517,80,6,31,16,4,0,6,2,0,0,6,11,4
02517,02,10,57,32,8,0,0,0,0,3,18,25,6
57517,57,7,35,27,6,4,0,4,3,0,23,17,4
60517,60,26,112,71,25,4,7,0,0,5,65,77,21
76517,76,71,420,376,113,23,22,10,24,18,337,304,91
21517,21,15,48,53,13,5,0,0,17,3,43,48,14
78517,78,506,1517,3359,802,38,110,32,195,110,1811,3168,800
27517,27,62,272,199,55,14,9,0,0,6,123,176,53
25517,25,10,23,31,11,0,6,2,0,3,5,31,9
50517,50,8,21,26,2,2,0,2,0,3,17,16,9
51517,51,4,26,11,4,6,1,0,0,1,3,21,1
31517,31,34,154,255,90,0,5,0,24,6,211,150,80
24517,24,6,6,12,4,0,0,2,0,4,4,8,0
71517,71,5,32,30,4,0,1,0,0,0,11,28,10
55517,55,15,80,57,9,2,13,4,0,2,26,42,12
39517,39,13,58,57,10,4,7,2,13,1,48,52,15
33517,33,35,151,192,65,0,11,1,11,6,178,122,52
64517,64,5,9,24,6,0,6,0,6,0,19,11,11
54517,54,1,29,24,10,0,2,4,0,0,19,15,9
38517,38,176,798,877,228,29,34,10,34,40,675,573,224
70517,70,11,65,41,5,7,2,0,0,1,23,40,13
52517,52,0,17,8,0,0,3,0,13,0,9,12,0
77517,77,51,214,208,46,1,14,5,4,12,202,157,54
88517,88,2,22,20,9,0,0,4,3,0,15,20,3
67517,67,17,84,65,23,1,0,4,0,8,43,75,23
55518,55,0,26,8,10,3,0,0,3,5,6,9,7
70518,70,1,20,16,8,0,0,0,0,0,0,13,1
62518,62,2,26,14,7,0,0,0,4,0,9,16,7
80518,80,13,67,40,7,3,1,0,0,6,37,29,4
02518,02,3,54,27,9,2,5,1,0,0,22,30,6
57518,57,14,51,35,14,2,4,0,0,5,26,26,9
60518,60,7,29,17,9,0,0,0,0,0,14,21,8
21518,21,1,20,24,5,0,3,0,12,0,21,20,6
76518,76,14,57,53,17,2,3,0,0,5,26,40,18
78518,78,7,6,23,0,0,2,1,0,0,2,19,5
59518,59,11,65,47,16,0,0,2,0,0,43,39,11
27518,27,24,104,63,14,0,4,3,0,0,49,72,22
25518,25,0,15,18,6,0,3,0,0,0,16,17,0
50518,50,10,39,43,15,6,4,0,0,3,5,38,13
51518,51,16,88,62,16,6,8,0,0,3,33,73,16
31518,31,12,48,88,22,5,3,0,16,0,65,46,23
24518,24,10,27,24,6,0,6,4,0,0,13,25,2
64518,64,18,72,136,33,0,3,0,36,0,111,96,46
71518,71,13,35,38,12,0,0,1,6,0,28,32,6
39518,39,0,10,5,7,0,0,0,0,1,2,5,7
33518,33,17,95,152,46,6,9,1,16,6,119,86,39
54518,54,27,109,96,21,0,4,4,15,4,83,75,31
38518,38,13,75,75,16,4,3,0,3,1,60,59,19
52518,52,8,19,7,5,2,3,3,0,0,0,16,1
77518,77,10,24,21,3,0,0,0,1,2,27,16,6
88518,88,0,0,7,0,5,2,0,0,5,0,0,0
88519,88,23,102,76,18,5,10,0,0,5,33,69,17
67519,67,198,797,710,161,27,33,5,73,34,441,681,167
33519,33,205,912,1282,371,28,74,21,102,37,1036,853,374
62519,62,20,102,66,16,8,3,0,12,0,64,39,11
80519,80,15,72,50,7,4,3,0,3,0,41,43,11
02519,02,4,38,15,7,0,1,1,0,0,8,21,3
57519,57,5,28,14,0,1,0,0,0,4,11,17,3
14519,14,7,19,9,0,0,0,1,1,1,16,11,1
60519,60,1,32,15,7,2,2,2,0,0,21,11,9
76519,76,0,9,5,4,2,0,3,4,5,10,3,0
21519,21,3,40,36,13,6,0,2,0,0,24,32,10
91519,91,15,28,57,19,2,0,0,6,0,41,29,13
59519,59,39,236,178,47,12,10,0,0,3,174,133,49
25519,25,28,100,93,30,2,6,3,0,9,58,90,25
50519,50,13,49,56,15,0,2,0,8,3,46,43,11
51519,51,0,4,5,6,0,0,0,0,5,0,3,1
31519,31,7,11,22,5,4,0,0,21,0,19,14,4
24519,24,11,43,48,8,0,2,0,24,2,41,30,12
64519,64,80,290,532,138,9,27,7,113,22,420,363,152
71519,71,10,25,25,0,5,0,0,0,0,2,15,6
39519,39,5,20,16,1,6,1,0,6,2,22,13,1
54519,54,17,62,59,13,0,0,0,0,0,53,44,14
55519,55,46,213,128,32,5,8,1,24,5,108,134,26
38519,38,68,278,321,88,6,11,11,37,10,278,214,89
70519,70,0,12,12,0,0,4,0,9,1,11,4,2
52519,52,0,5,6,1,0,0,0,12,0,6,2,0
77519,77,37,109,125,27,0,6,4,0,5,105,90,24
14520,14,13,75,97,20,2,3,0,31,7,68,74,23
60520,60,6,38,18,0,3,5,0,7,3,18,15,2
88520,88,15,50,37,9,0,0,5,0,0,14,28,8
62520,62,69,450,231,71,16,17,4,27,10,235,185,61
80520,80,1,29,17,0,5,0,1,2,0,11,13,1
02520,02,10,91,55,14,0,2,0,10,0,46,46,14
57520,57,0,1,6,0,0,1,0,0,0,8,3,3
21520,21,2,12,18,9,0,2,0,0,1,11,19,2
78520,78,29,84,184,42,7,2,6,0,4,87,168,49
59520,59,38,208,137,38,6,7,0,21,5,145,126,35
76520,76,18,76,77,17,3,6,0,3,4,65,57,17
27520,27,7,15,13,3,3,4,0,0,0,0,16,7
25520,25,1,26,28,2,4,0,0,3,2,21,16,3
51520,51,6,11,13,0,3,0,0,0,0,3,10,4
31520,31,4,5,19,4,0,3,1,0,2,0,6,9
24520,24,185,903,964,261,39,59,12,124,19,984,712,254
64520,64,22,59,118,36,6,5,0,12,8,85,72,27
71520,71,29,119,105,34,7,7,3,0,0,65,92,26
39520,39,17,54,50,13,7,0,5,6,2,43,50,12
33520,33,9,30,29,5,2,0,5,0,2,28,25,7
54520,54,15,45,41,10,3,0,3,0,7,33,30,15
55520,55,13,56,35,9,1,7,0,2,0,31,31,14
38520,38,20,71,82,28,5,1,6,0,1,61,64,27
70520,70,7,9,16,8,1,2,4,0,0,0,6,7
52520,52,8,34,15,0,6,0,2,0,0,8,16,8
77520,77,19,79,79,24,0,3,5,16,3,79,65,24
67520,67,171,659,591,143,20,31,10,42,27,377,585,161
62521,62,9,43,16,6,0,0,0,5,0,28,11,1
38521,38,0,6,15,0,0,0,0,10,0,6,4,5
80521,80,5,35,27,7,0,0,0,6,0,20,14,0
02521,02,29,229,121,26,1,12,1,0,7,84,107,33
57521,57,69,306,224,47,1,12,7,0,9,185,183,55
60521,60,14,57,46,5,0,4,0,9,0,31,42,10
76521,76,6,16,11,8,2,0,1,0,0,6,13,9
21521,21,26,93,94,26,7,2,0,10,3,80,93,19
91521,91,655,1493,2361,632,66,98,30,142,126,1917,1665,599
59521,59,9,57,39,10,5,6,0,0,0,30,32,11
27521,27,7,11,20,1,0,6,4,0,6,0,15,7
25521,25,3,21,17,1,0,3,0,15,3,15,17,11
50521,50,2,12,24,10,1,4,0,5,0,13,11,0
51521,51,6,29,20,0,4,0,0,7,2,16,21,8
31521,31,11,28,55,21,0,1,3,0,2,48,31,23
24521,24,15,96,101,24,0,2,4,6,6,109,67,33
64521,64,6,35,76,27,0,4,0,23,2,49,57,18
71521,71,9,12,11,1,0,1,0,4,2,16,9,4
33521,33,10,74,91,32,1,9,2,7,2,90,65,26
54521,54,26,159,146,38,5,6,0,4,11,122,110,32
55521,55,5,44,24,1,0,0,1,0,4,22,17,7
70521,70,4,33,12,2,0,0,0,0,6,10,23,7
77521,77,59,205,197,55,3,5,5,35,9,182,152,54
88521,88,14,40,29,10,1,5,3,0,0,20,26,10
67521,67,11,59,51,10,4,0,5,14,1,36,46,13
76522,76,26,138,135,45,5,11,0,13,10,138,95,33
80522,80,0,13,8,0,4,3,2,4,0,8,12,0
62522,62,4,56,27,6,0,6,4,0,0,21,16,9
02522,02,7,7,3,0,0,0,0,0,1,7,11,0
14522,14,11,32,46,7,7,4,0,7,5,30,43,14
60522,60,8,39,18,4,2,0,5,6,0,25,18,1
21522,21,10,46,51,10,0,0,1,7,7,31,37,9
78522,78,15,52,132,36,6,2,0,0,0,71,125,26
59522,59,53,300,205,63,8,9,9,14,5,199,177,49
27522,27,10,66,45,15,2,3,0,0,0,17,46,14
25522,25,4,26,16,2,3,4,5,0,0,13,20,4
50522,50,12,29,41,9,6,6,0,0,0,0,34,12
31522,31,0,3,4,8,0,0,4,11,0,6,2,0
51522,51,9,51,37,10,2,7,5,0,0,7,36,5
24522,24,6,34,36,11,6,2,1,5,3,44,36,8
71522,71,46,175,162,43,8,11,1,33,6,127,159,48
39522,39,0,21,12,4,5,1,0,0,0,7,8,6
64522,64,8,29,69,26,2,0,5,10,7,55,49,15
33522,33,625,2695,3898,1144,92,247,61,245,118,3193,2547,1106
54522,54,5,13,18,6,0,0,0,0,6,0,13,8
55522,55,5,6,11,5,5,6,4,0,1,0,12,1
38522,38,7,34,39,14,1,5,5,0,6,11,20,11
70522,70,7,14,12,3,6,2,5,0,2,0,18,4
77522,77,10,35,36,13,0,0,0,0,0,19,22,9
52522,52,7,58,24,3,5,2,2,0,5,18,33,11
88522,88,2,6,8,2,0,0,0,0,2,3,10,6
67522,67,19,69,66,20,0,5,0,0,3,35,62,20
95523,95,10,34,54,17,4,4,2,0,2,35,33,19
62523,62,130,845,436,122,32,20,2,0,15,434,347,115
02523,02,1,10,9,2,4,0,3,0,1,0,12,0
80523,80,27,192,127,29,10,6,5,10,1,104,91,29
60523,60,30,143,88,18,0,2,0,21,3,88,86,24
21523,21,7,20,17,3,1,4,0,0,1,4,22,3
76523,76,9,22,24,6,2,2,0,0,2,3,17,11
59523,59,69,403,265,77,11,10,5,18,19,274,225,79
25523,25,18,97,82,21,7,0,4,0,9,61,75,28
50523,50,60,284,359,78,13,13,11,50,10,193,308,85
31523,31,38,140,221,78,1,13,5,2,8,184,149,66
51523,51,3,34,31,10,0,5,4,0,0,9,27,5
24523,24,11,38,48,14,0,7,0,0,0,31,35,11
71523,71,31,119,102,31,0,1,0,20,5,80,105,35
39523,39,6,26,26,2,0,0,0,0,2,17,15,3
64523,64,13,53,85,31,5,1,4,30,6,67,59,29
33523,33,27,154,240,75,6,15,5,8,7,205,160,66
54523,54,0,14,16,9,0,2,0,11,1,10,16,3
55523,55,11,23,21,0,5,6,3,0,1,0,14,9
38523,38,16,87,105,29,1,5,0,22,5,86,63,28
70523,70,11,29,28,5,0,1,5,0,0,2,26,9
52523,52,5,7,3,1,0,0,3,0,5,4,4,3
77523,77,7,23,25,5,0,0,0,5,0,27,15,9
88523,88,6,30,18,1,4,3,2,0,0,12,9,3
67523,67,108,385,344,81,17,24,5,0,12,199,344,83
62524,62,38,221,133,34,0,15,0,9,13,114,80,25
02524,02,14,124,67,16,3,3,0,0,0,63,48,10
80524,80,9,73,55,13,1,0,3,22,0,49,38,9
57524,57,3,14,14,8,2,0,0,0,0,0,10,8
14524,14,4,31,36,13,3,1,0,0,0,26,35,6
60524,60,48,312,201,50,10,10,8,2,8,179,175,54
76524,76,0,11,10,3,0,0,0,17,0,16,13,4
21524,21,0,15,9,7,0,1,4,1,0,8,7,0
59524,59,124,772,553,172,9,28,5,18,15,579,472,148
25524,25,15,88,96,19,1,2,1,17,0,75,81,16
27524,27,26,120,75,22,0,9,0,0,0,64,78,21
31524,31,4,6,12,6,2,2,0,7,0,13,8,1
51524,51,12,39,27,7,6,0,0,0,4,17,39,12
24524,24,3,11,16,10,2,4,0,7,0,14,10,1
64524,64,12,21,56,19,0,5,4,2,0,32,36,16
71524,71,3,23,20,8,2,1,0,0,0,12,14,10
33524,33,1,32,38,9,0,0,0,7,5,33,30,7
54524,54,0,9,15,3,0,2,3,0,0,9,4,8
38524,38,168,777,809,226,23,21,0,61,21,654,576,219
70524,70,1,24,20,5,0,1,1,0,0,3,17,2
52524,52,13,47,19,9,4,1,3,0,2,6,17,5
77524,77,15,41,39,12,5,0,2,0,0,19,28,8
88524,88,14,38,30,10,4,1,0,16,1,19,21,3
67524,67,14,72,67,12,7,0,5,4,2,40,69,17
21525,21,23,108,111,28,7,6,5,0,8,55,105,22
62525,62,222,1507,785,224,46,57,16,36,24,792,634,218
80525,80,2,23,25,0,0,6,0,0,0,15,19,6
02525,02,13,122,63,12,4,0,0,0,5,49,47,17
57525,57,0,2,10,1,0,4,0,0,1,0,10,4
60525,60,5,20,14,9,0,1,0,0,2,11,11,9
91525,91,46,88,145,35,0,6,4,38,3,123,105,33
59525,59,58,321,226,63,5,15,5,26,3,231,201,62
50525,50,11,31,35,11,0,5,0,0,1,1,25,13
25525,25,12,37,32,6,2,7,0,0,4,25,27,9
27525,27,10,43,32,11,2,0,5,3,0,21,22,7
31525,31,15,52,81,26,4,6,2,0,7,37,42,27
51525,51,68,296,203,45,10,6,3,32,10,132,233,46
24525,24,8,18,19,8,2,0,2,0,6,14,22,6
64525,64,10,51,99,32,7,6,0,0,2,69,70,30
71525,71,19,63,69,17,0,5,0,0,6,50,50,14
39525,39,6,37,32,5,0,0,0,12,3,34,34,11
33525,33,26,109,159,50,0,9,1,0,6,138,110,47
54525,54,15,82,71,23,0,4,1,0,5,48,52,23
55525,55,1,7,4,2,1,0,0,0,0,5,10,1
38525,38,15,47,52,18,3,0,0,0,1,33,34,20
70525,70,4,30,17,10,5,4,4,0,1,2,20,5
52525,52,1,17,11,0,4,6,3,0,2,0,9,0
77525,77,14,34,31,9,3,2,3,0,3,26,26,7
88525,88,9,19,14,0,0,3,0,2,4,8,20,6
67525,67,53,198,171,45,9,5,0,6,7,94,178,50
31526,31,156,607,1004,316,23,43,13,106,28,869,642,323
80526,80,6,19,20,7,0,3,0,7,0,11,7,1
62526,62,6,24,17,2,1,0,0,0,0,4,8,6
02526,02,4,16,7,1,3,3,5,0,1,0,14,4
57526,57,11,40,36,6,0,6,2,5,0,28,34,7
60526,60,25,152,93,27,0,7,2,0,7,70,85,27
76526,76,3,17,23,0,4,0,0,0,3,16,21,4
21526,21,0,2,7,3,0,0,0,0,1,0,10,6
91526,91,8,9,8,1,5,1,0,0,2,5,7,8
59526,59,389,2236,1563,450,69,74,37,77,78,1544,1334,479
25526,25,30,151,155,42,10,13,2,1,6,109,132,39
51526,51,12,43,32,12,0,0,5,6,0,27,43,4
24526,24,19,58,69,17,0,4,3,18,7,68,52,16
71526,71,9,49,40,14,6,4,0,0,6,10,32,15
64526,64,27,82,155,46,1,7,5,53,5,136,119,45
39526,39,119,476,428,114,15,23,2,41,18,395,378,105
33526,33,2,17,22,5,0,2,4,0,3,15,13,10
54526,54,205,1023,873,267,24,44,13,51,33,746,644,246
55526,55,13,34,29,5,5,4,0,0,0,19,20,2
38526,38,8,45,62,10,2,0,0,20,0,39,40,10
70526,70,13,104,71,16,0,3,0,5,3,53,64,13
52526,52,1,14,12,5,1,0,5,0,2,5,10,4
77526,77,3,28,22,7,0,2,0,14,1,23,25,2
67526,67,52,205,200,52,9,10,2,11,6,138,186,42
88526,88,7,64,37,9,0,2,0,10,1,28,38,11
14527,14,8,51,61,12,0,1,0,18,0,40,48,23
21527,21,11,26,28,11,4,0,0,10,3,25,28,6
31527,31,4,8,24,7,0,5,0,0,0,12,10,10
33527,33,163,753,1071,308,22,56,10,49,36,844,676,310
62527,62,6,43,23,4,0,2,1,0,5,21,19,11
02527,02,6,70,35,7,4,4,0,0,5,34,37,14
80527,80,7,55,37,9,2,0,3,0,3,27,22,8
57527,57,12,43,36,13,2,6,0,0,7,0,29,7
76527,76,8,48,40,10,2,2,4,9,3,42,30,11
95527,95,49,175,257,71,1,12,0,18,9,226,172,65
60527,60,2,24,13,0,0,3,2,0,0,5,8,8
59527,59,250,1477,1056,312,53,56,23,43,44,1113,907,301
27527,27,3,35,29,4,0,2,0,0,5,14,19,11
25527,25,117,532,538,139,19,27,10,69,14,388,480,141
24527,24,18,80,87,31,8,11,0,18,4,100,75,22
51527,51,13,34,35,11,4,4,0,0,5,0,27,11
71527,71,3,19,26,3,0,1,2,9,0,19,17,5
64527,64,28,80,165,51,0,5,6,70,0,124,112,49
39527,39,3,10,11,8,0,6,0,5,0,10,10,2
54527,54,19,93,90,19,2,9,2,3,0,83,58,18
55527,55,13,78,52,15,2,0,4,2,7,38,47,16
38527,38,19,51,66,16,2,5,1,0,4,44,40,20
70527,70,1,20,8,0,0,3,5,0,2,1,6,0
77527,77,18,60,66,18,1,4,0,0,1,52,54,9
67527,67,12,36,36,9,0,3,0,20,5,22,31,4
88527,88,2,22,10,5,5,0,3,0,6,7,12,5
21528,21,7,12,16,4,2,0,5,0,0,0,20,9
33528,33,8,55,66,16,5,0,3,20,3,61,43,17
27528,27,101,546,361,88,18,24,4,0,22,295,355,85
62528,62,177,1234,659,192,33,28,10,40,26,648,504,179
02528,02,8,38,17,4,3,0,0,0,6,1,23,9
80528,80,0,0,6,0,0,0,0,0,3,0,0,0
57528,57,7,13,10,0,0,0,1,1,0,6,10,0
14528,14,7,31,49,10,5,1,1,2,3,39,30,7
60528,60,4,16,19,0,0,4,0,2,6,7,12,2
76528,76,8,68,66,22,3,1,1,19,2,59,44,13
78528,78,0,18,37,9,0,0,5,0,3,18,33,10
59528,59,35,199,149,46,9,9,3,0,4,132,112,38
50528,50,13,30,32,13,0,4,0,0,6,21,33,11
31528,31,0,11,23,9,0,0,0,11,0,19,10,4
25528,25,1,5,7,0,3,0,0,14,0,9,7,0
24528,24,2,17,10,2,3,3,0,0,2,15,9,1
51528,51,0,16,18,8,3,0,0,0,0,12,13,0
71528,71,59,237,236,63,11,16,1,14,3,181,196,69
64528,64,1,15,32,10,1,0,5,8,0,16,20,3
39528,39,13,51,43,10,0,0,2,6,6,44,37,5
54528,54,309,1606,1380,374,60,97,18,83,50,1219,1044,390
55528,55,3,7,8,0,3,0,1,0,2,0,9,1
38528,38,30,138,142,36,3,2,3,0,7,110,98,38
70528,70,16,69,44,14,3,0,1,1,0,45,43,14
52528,52,6,28,9,0,0,5,5,0,0,6,8,8
77528,77,30,136,132,38,0,0,4,0,11,111,104,39
67528,67,23,69,61,10,0,4,2,0,3,19,59,18
88528,88,10,28,13,9,4,2,0,0,0,10,12,4
33529,33,565,2493,3495,1028,51,237,38,219,121,2909,2352,1005
62529,62,42,275,153,35,3,11,5,1,0,146,118,40
02529,02,1,38,13,9,0,6,0,4,1,11,9,4
80529,80,0,27,26,9,4,3,0,0,3,5,13,9
57529,57,46,273,205,56,4,18,5,29,15,166,172,41
14529,14,12,29,26,12,0,1,0,2,0,27,21,9
76529,76,3,35,31,5,1,6,2,7,0,35,32,11
21529,21,0,3,1,0,2,2,0,7,2,4,6,0
95529,95,15,72,100,31,6,4,0,5,3,85,62,21
60529,60,5,13,9,0,0,0,3,0,1,1,8,4
59529,59,9,55,36,7,0,7,0,0,0,35,29,10
27529,27,18,62,45,12,0,0,1,8,4,35,51,7
50529,50,0,10,8,3,0,0,0,8,0,11,4,0
31529,31,1,5,11,0,3,3,1,6,0,15,3,0
25529,25,40,151,160,41,5,4,4,0,12,70,149,41
24529,24,6,23,18,5,3,6,0,8,6,23,13,2
51529,51,15,55,40,14,3,0,0,2,3,36,41,11
71529,71,11,44,29,5,4,3,0,0,6,20,30,15
64529,64,8,21,46,9,3,5,0,0,5,35,25,8
39529,39,0,6,2,3,0,0,0,0,5,9,7,0
54529,54,2,0,5,2,5,0,0,0,0,0,4,6
38529,38,101,433,486,144,11,10,9,33,23,395,325,116
70529,70,10,52,39,6,3,0,0,13,4,28,30,7
52529,52,30,160,82,10,12,4,0,23,2,78,85,27
77529,77,39,153,161,45,1,5,1,22,11,156,130,36
67529,67,110,422,378,96,16,14,13,28,17,243,347,94
88529,88,3,15,10,7,3,1,4,0,0,7,8,4
62530,62,15,93,51,11,5,0,0,0,2,48,31,15
02530,02,2,13,2,5,5,0,0,0,4,0,10,0
80530,80,8,87,71,16,0,0,0,15,1,54,44,7
57530,57,15,63,49,17,0,5,1,0,0,29,42,17
14530,14,54,217,256,76,11,16,9,0,14,171,209,68
76530,76,7,33,21,12,1,6,1,0,3,10,22,6
78530,78,3,28,46,17,0,0,0,14,3,27,42,14
21530,21,9,18,21,2,0,3,0,0,0,17,18,11
60530,60,5,40,26,0,6,0,4,0,4,10,20,5
59530,59,6,51,33,5,1,0,0,10,0,38,22,13
27530,27,8,0,10,3,4,6,0,0,4,0,9,4
31530,31,0,23,36,12,0,2,1,1,0,29,17,15
51530,51,16,67,51,14,0,7,5,0,3,26,57,14
71530,71,16,63,60,20,4,7,3,8,2,43,54,16
64530,64,2,16,38,15,4,8,3,7,4,30,34,11
39530,39,30,105,92,27,5,4,3,0,9,66,89,18
33530,33,24,81,111,31,0,9,0,0,7,98,70,34
54530,54,0,7,14,2,0,0,0,4,0,15,8,0
55530,55,4,13,13,1,0,6,0,0,2,0,6,3
38530,38,45,249,257,76,4,7,6,0,18,223,191,68
70530,70,4,22,16,9,4,0,2,0,0,8,21,7
77530,77,9,33,37,14,4,0,3,0,0,25,31,12
67530,67,18,53,49,6,11,4,0,0,3,19,55,17
88530,88,86,394,267,68,9,22,4,0,21,175,246,80
71531,71,10,26,27,11,0,2,0,0,3,7,22,9
62531,62,27,166,81,25,2,8,2,0,8,72,61,27
02531,02,1,20,11,0,2,0,4,0,3,0,12,4
80531,80,2,13,19,8,0,0,3,0,0,0,13,7
57531,57,28,114,72,23,0,5,0,6,7,73,59,17
14531,14,1,9,3,0,0,2,0,0,0,3,2,2
60531,60,58,284,189,44,11,7,0,0,12,140,168,50
76531,76,6,38,31,11,0,2,0,0,5,38,25,14
78531,78,100,300,662,163,11,24,3,50,25,384,647,175
21531,21,11,39,49,15,0,0,0,7,0,35,50,9
59531,59,4,46,28,7,2,6,0,0,6,20,23,6
27531,27,10,34,16,0,5,0,4,0,3,8,22,4
50531,50,24,77,88,28,6,1,4,0,3,44,73,29
31531,31,1,5,10,0,5,1,1,0,5,10,1,3
24531,24,6,18,19,7,0,0,0,14,0,26,15,1
51531,51,45,228,175,40,8,9,0,30,2,133,188,37
64531,64,0,6,3,0,3,0,5,0,0,0,0,7
39531,39,2,24,20,3,2,0,4,9,0,17,16,7
33531,33,10,23,43,10,3,6,2,6,5,29,29,7
54531,54,1,8,11,0,0,2,0,0,0,0,6,6
55531,55,7,46,25,1,0,5,2,5,0,21,18,6
38531,38,12,55,60,16,3,0,0,18,0,59,45,22
70531,70,0,13,9,1,3,2,0,0,5,0,13,7
77531,77,40,171,172,43,9,7,1,18,6,144,133,44
67531,67,8,45,36,8,5,3,4,0,0,11,34,11
88531,88,55,230,158,35,3,12,1,46,4,130,139,34
62532,62,36,205,120,32,11,11,0,0,3,84,92,35
02532,02,29,169,98,22,0,8,3,8,4,90,80,17
57532,57,1,29,19,11,5,0,0,1,2,17,19,11
76532,76,15,102,84,19,5,8,0,5,3,93,69,31
21532,21,25,108,116,28,2,8,0,20,3,98,99,25
59532,59,9,38,22,9,0,0,0,7,0,25,20,9
50532,50,134,498,582,163,22,26,5,56,14,413,514,149
31532,31,5,9,11,8,0,0,0,0,0,4,1,0
25532,25,78,357,346,75,5,25,3,30,19,263,315,88
51532,51,24,92,72,16,0,3,4,0,5,27,65,13
24532,24,8,11,18,5,0,0,4,6,4,13,10,4
64532,64,4,4,5,3,0,0,4,0,0,0,6,7
71532,71,5,7,5,1,0,0,0,0,4,10,7,5
39532,39,2,9,10,0,0,5,0,0,0,0,6,0
33532,33,6,39,56,15,3,0,0,21,0,49,38,23
54532,54,4,20,18,2,1,1,2,9,3,16,22,3
55532,55,8,39,23,6,2,0,5,7,0,25,19,9
70532,70,20,73,45,14,7,4,0,2,2,43,48,8
77532,77,7,8,5,0,0,3,0,0,3,3,12,0
38532,38,25,86,102,23,4,3,4,7,6,78,76,25
67532,67,36,115,111,19,2,10,0,33,1,73,106,30
88532,88,0,11,12,8,0,0,5,0,6,0,14,1
62533,62,5,28,11,1,3,5,4,0,0,13,8,1
80533,80,62,436,297,49,17,20,9,27,8,249,221,58
02533,02,5,19,14,4,0,2,3,0,2,0,8,2
57533,57,33,140,99,32,5,1,2,20,3,90,79,29
14533,14,6,8,14,2,0,3,3,0,0,2,16,3
60533,60,49,255,172,34,2,4,0,17,11,149,153,34
76533,76,42,197,167,43,4,6,7,0,11,162,144,42
21533,21,0,12,20,8,1,0,4,0,1,0,15,4
91533,91,43,106,164,51,0,1,4,12,12,145,125,50
27533,27,22,88,57,14,7,0,0,0,6,21,58,15
59533,59,29,206,135,46,6,12,5,29,1,155,116,34
50533,50,7,21,25,10,0,0,0,0,0,3,19,2
25533,25,0,0,5,0,5,4,0,0,0,0,0,0
31533,31,35,173,263,79,4,17,2,17,14,231,150,80
24533,24,0,5,13,3,4,3,5,0,0,5,12,0
51533,51,7,20,17,0,0,3,2,0,0,1,9,5
71533,71,16,78,73,12,5,2,4,0,6,40,58,14
64533,64,6,39,65,17,6,4,5,22,1,51,41,22
33533,33,38,187,286,76,2,19,12,24,8,225,189,77
39533,39,9,32,27,11,0,0,5,0,0,4,23,6
54533,54,65,291,241,68,4,12,2,6,4,240,177,63
55533,55,46,236,144,39,9,14,2,15,2,119,145,40
70533,70,0,18,11,7,0,0,1,0,0,0,14,8
38533,38,13,74,79,18,2,8,3,0,0,74,66,29
77533,77,81,293,281,71,7,4,0,11,23,274,227,85
71534,71,6,12,17,0,0,0,5,5,0,5,9,0
33534,33,17,68,87,31,0,0,0,0,1,76,65,26
62534,62,83,579,308,100,10,21,9,19,9,317,225,91
02534,02,6,0,9,5,0,3,1,0,0,0,2,0
57534,57,52,236,195,49,8,12,0,4,8,155,160,53
60534,60,25,123,76,24,6,6,4,0,0,36,74,18
14534,14,7,35,44,14,6,0,0,0,0,30,42,14
76534,76,27,133,115,37,0,8,5,0,3,115,86,34
21534,21,16,85,86,14,6,5,0,5,0,58,68,19
91534,91,123,285,454,130,11,12,7,14,21,386,317,109
27534,27,23,113,70,14,8,1,5,0,6,51,73,20
59534,59,18,101,76,22,6,7,0,0,5,51,58,18
25534,25,6,26,23,8,5,4,3,0,2,0,21,3
31534,31,2,17,30,9,2,0,2,0,2,22,15,3
51534,51,5,22,22,2,0,3,0,6,1,19,15,6
24534,24,23,111,127,38,4,4,3,11,2,141,106,37
64534,64,3,15,22,8,0,0,3,0,2,11,21,10
39534,39,10,29,25,3,0,6,0,0,0,25,28,10
54534,54,17,67,54,10,5,2,2,0,0,52,39,12
55534,55,3,14,2,0,2,0,0,1,2,6,8,1
70534,70,5,20,19,6,3,0,0,0,0,3,9,4
52534,52,47,238,121,28,11,9,0,12,6,106,146,25
67534,67,21,80,87,14,3,8,4,9,6,53,78,14
77534,77,22,73,86,23,7,1,0,0,1,70,63,18
62535,62,5,29,22,5,4,0,5,0,1,13,11,0
80535,80,6,36,23,8,0,0,1,0,0,9,20,1
50535,50,27,88,116,25,9,4,5,0,2,73,105,23
02535,02,0,20,13,2,0,6,5,0,4,0,11,1
57535,57,40,216,156,36,2,10,6,0,11,123,128,35
60535,60,13,37,29,10,5,1,0,0,0,11,30,11
14535,14,16,64,80,20,7,5,0,3,6,57,61,27
76535,76,9,60,53,12,6,7,2,0,1,31,44,8
21535,21,67,288,306,66,14,20,3,2,10,211,272,74
95535,95,27,109,154,39,7,0,0,0,12,126,109,45
27535,27,14,63,45,12,3,7,3,0,5,15,47,15
59535,59,37,209,167,38,7,12,4,7,9,165,130,43
25535,25,2,22,25,6,5,6,2,2,0,17,21,3
31535,31,20,67,98,27,3,6,0,7,0,83,55,32
24535,24,8,22,30,11,2,0,3,0,5,25,28,5
51535,51,113,530,413,104,16,14,17,14,13,247,438,91
64535,64,12,34,60,24,1,0,0,8,6,47,51,18
71535,71,10,64,54,16,4,0,3,17,6,42,44,15
39535,39,18,50,54,7,6,1,0,15,5,40,38,12
33535,33,108,426,612,175,12,33,11,56,25,510,422,193
54535,54,9,35,30,6,2,0,0,0,0,12,18,6
55535,55,4,8,4,4,0,1,0,0,0,0,5,0
70535,70,7,30,18,7,0,4,0,2,0,8,12,0
38535,38,4,27,35,7,0,5,0,7,4,24,17,7
52535,52,22,94,55,11,8,2,0,11,0,42,51,7
67535,67,30,130,111,30,4,2,0,34,6,81,123,23
14536,14,49,201,237,70,3,10,0,31,7,190,196,68
33536,33,5,28,27,10,2,0,0,0,4,27,17,15
62536,62,22,104,67,14,7,7,0,4,1,56,41,17
80536,80,11,43,37,1,5,1,0,8,4,22,18,1
02536,02,1,13,12,0,4,6,0,0,1,0,13,0
57536,57,3,26,29,11,1,2,0,6,2,18,14,2
60536,60,7,13,22,9,2,0,5,0,2,0,20,2
76536,76,27,132,114,40,6,8,0,16,6,123,91,34
21536,21,11,35,31,3,0,0,5,0,3,17,30,3
78536,78,5,28,57,19,0,1,0,0,1,20,50,14
27536,27,17,67,47,7,4,8,0,7,5,46,46,8
50536,50,5,16,23,0,0,5,0,0,5,0,21,4
59536,59,17,130,90,24,0,3,4,14,2,100,76,23
25536,25,5,23,23,4,5,5,4,0,2,6,17,4
31536,31,1,28,37,19,6,0,2,0,2,30,25,14
51536,51,52,264,200,36,4,8,0,15,5,138,200,42
24536,24,10,29,28,9,2,0,3,0,6,7,18,10
64536,64,16,55,105,26,2,8,1,45,1,74,66,34
54536,54,63,316,272,72,9,24,9,16,6,250,217,69
55536,55,5,0,5,0,0,0,0,0,5,0,0,0
70536,70,5,16,8,4,5,4,0,0,4,5,6,8
38536,38,34,142,155,43,0,2,1,28,6,126,102,36
52536,52,4,10,1,0,3,0,4,3,0,0,0,2
67536,67,7,23,25,10,6,0,4,0,1,0,18,9
55537,55,0,15,10,6,2,0,0,0,0,0,11,0
38537,38,151,617,689,180,21,27,6,42,29,554,464,194
62537,62,2,17,13,5,3,2,0,0,5,0,14,2
80537,80,1,15,11,0,0,0,0,4,3,7,2,5
02537,02,7,23,17,0,5,0,0,0,2,13,17,0
57537,57,138,712,538,128,10,45,12,65,41,431,445,136
60537,60,72,450,293,65,12,17,6,45,14,262,249,72
76537,76,2,19,13,1,4,0,0,9,6,19,8,5
21537,21,9,10,10,5,2,4,5,0,0,9,16,2
78537,78,125,379,833,214,14,19,13,23,25,436,764,198
27537,27,22,114,79,18,4,9,2,1,1,74,84,21
59537,59,13,69,50,13,0,0,1,17,0,57,38,14
50537,50,10,35,56,17,0,0,0,7,5,31,36,17
31537,31,1,22,28,12,1,0,0,0,0,7,20,11
25537,25,9,25,27,10,1,4,1,0,6,7,32,8
24537,24,8,27,27,3,4,3,3,0,3,33,19,12
51537,51,2,10,27,9,9,5,0,1,0,7,16,3
71537,71,1,19,12,1,5,0,3,12,0,12,11,1
39537,39,18,63,54,8,0,1,0,0,7,38,52,14
64537,64,7,11,17,10,4,4,0,1,6,9,11,3
54537,54,15,92,75,17,8,9,6,0,0,55,64,24
33537,33,10,39,62,18,2,0,4,21,0,52,37,20
70537,70,5,40,31,2,0,0,3,0,1,22,30,6
67537,67,20,61,52,7,5,0,5,0,1,28,52,17
14538,14,26,133,160,44,9,8,0,14,13,124,144,44
38538,38,114,485,516,149,13,9,3,31,21,398,334,141
62538,62,9,76,36,8,7,7,0,7,6,40,31,6
80538,80,1,29,21,0,0,0,0,0,6,18,7,0
02538,02,5,16,6,3,0,0,0,0,0,0,0,5
57538,57,7,48,34,12,6,5,4,0,3,13,22,9
60538,60,11,40,27,9,0,0,0,0,0,9,21,10
76538,76,6,30,33,11,5,1,0,0,0,18,30,11
21538,21,7,12,17,7,0,0,4,0,0,1,15,7
91538,91,26,46,82,16,0,0,0,25,0,73,53,19
27538,27,7,73,44,12,6,0,0,4,6,34,43,10
59538,59,5,54,43,13,6,4,0,0,7,41,27,9
50538,50,13,47,59,14,4,8,1,0,3,5,52,18
31538,31,3,17,35,8,0,0,4,10,6,23,14,5
24538,24,24,85,100,24,5,7,0,6,8,99,70,31
51538,51,3,12,13,0,0,4,0,0,0,1,14,7
25538,25,0,11,14,0,5,5,0,0,5,0,13,4
71538,71,11,38,46,6,1,0,0,8,3,27,40,13
64538,64,10,39,94,27,0,9,0,28,4,63,54,28
54538,54,12,53,42,10,0,1,2,0,0,28,36,16
39538,39,0,13,4,3,0,2,0,0,0,6,5,1
33538,33,10,42,58,19,4,1,0,7,7,44,42,13
70538,70,0,17,7,7,0,0,0,0,0,0,10,5
52538,52,5,41,24,2,6,1,3,9,0,12,19,4
67538,67,43,196,181,45,3,9,4,10,6,104,159,42
62539,62,6,50,18,2,0,0,0,22,0,21,13,2
02539,02,16,110,63,9,4,7,0,10,3,48,52,16
57539,57,6,9,8,4,0,0,2,0,0,0,3,1
60539,60,43,209,145,36,8,4,5,6,11,128,114,33
21539,21,7,6,5,2,5,0,5,0,0,0,8,0
95539,95,240,976,1429,409,37,51,28,53,94,1292,1032,396
27539,27,15,64,45,9,2,6,0,0,0,24,37,10
59539,59,18,141,86,33,0,2,4,3,9,96,82,31
50539,50,35,159,185,45,5,6,5,23,4,132,154,41
25539,25,141,640,621,150,21,34,6,58,19,494,589,168
51539,51,7,4,1,4,0,4,0,0,4,0,6,0
31539,31,6,2,7,6,4,0,0,5,0,7,1,0
71539,71,1,15,16,6,0,0,1,0,5,4,5,0
64539,64,0,10,27,11,0,2,0,27,0,22,20,5
54539,54,1,37,30,10,4,0,0,0,4,9,25,10
39539,39,7,29,33,10,2,0,4,0,0,25,29,8
33539,33,63,295,426,128,7,28,12,50,17,352,296,124
70539,70,12,62,44,10,5,0,0,9,5,30,35,13
38539,38,11,60,67,24,0,5,0,1,8,65,55,14
52539,52,0,16,11,0,3,0,0,3,0,1,2,0
67539,67,73,299,257,63,3,18,12,14,24,165,255,59
62540,62,34,258,137,37,11,8,0,2,8,131,107,40
80540,80,8,41,26,5,3,2,4,0,0,8,22,2
02540,02,29,238,117,29,3,7,6,0,3,91,105,32
57540,57,128,614,441,107,16,22,6,28,30,373,378,119
60540,60,17,81,55,9,1,0,5,4,0,38,42,11
14540,14,4,39,44,10,0,5,0,1,0,32,33,14
76540,76,1649,8918,7516,2158,266,372,99,513,280,7673,6107,2165
21540,21,194,772,844,219,10,41,24,46,13,592,743,221
91540,91,161,378,626,165,12,14,11,16,24,484,419,151
50540,50,11,56,62,14,6,7,2,10,4,39,56,20
27540,27,17,89,60,12,0,0,5,7,0,58,57,22
25540,25,6,31,35,5,0,0,0,18,0,32,28,6
24540,24,29,151,157,53,7,10,0,48,4,162,121,53
31540,31,4,22,36,7,5,0,4,0,1,31,27,12
71540,71,96,345,302,86,12,15,5,14,17,243,265,83
64540,64,46,188,332,107,12,21,9,79,10,272,243,105
54540,54,12,71,67,14,3,0,5,0,5,51,47,17
39540,39,11,25,20,11,0,7,1,0,2,12,29,11
55540,55,8,5,11,5,1,0,5,0,0,0,4,7
70540,70,0,13,8,2,0,2,0,0,0,4,8,3
33540,33,67,290,407,118,7,24,3,4,15,341,265,120
38540,38,38,159,153,50,1,7,2,9,9,131,103,47
52540,52,0,0,7,0,3,0,0,0,3,0,0,6
67540,67,26,118,98,19,1,8,0,33,1,61,98,27
14541,14,0,11,23,4,3,1,0,8,0,10,13,5
27541,27,6,24,21,4,0,1,0,0,3,8,19,4
62541,62,8,19,17,5,0,6,0,0,2,0,13,1
80541,80,4,25,16,10,2,3,0,7,0,15,16,8
02541,02,11,66,33,6,0,0,4,3,4,40,37,8
57541,57,23,87,67,16,2,5,0,0,2,50,46,11
60541,60,8,56,37,7,2,0,3,3,4,31,25,8
76541,76,37,173,146,33,8,6,0,0,2,147,110,38
21541,21,2,32,33,9,4,4,0,0,2,10,31,8
95541,95,17,75,99,27,0,7,3,0,9,83,73,28
50541,50,41,158,170,48,2,12,5,0,7,123,147,50
59541,59,24,151,96,34,8,8,0,0,2,101,77,25
31541,31,54,240,363,107,5,17,5,9,11,340,240,120
25541,25,6,39,43,5,0,7,0,9,3,26,38,15
24541,24,5,7,7,0,0,2,0,0,0,9,6,7
71541,71,13,42,37,13,0,0,5,0,0,13,32,9
64541,64,2,17,40,12,0,7,0,26,2,31,22,9
54541,54,0,19,24,0,5,5,0,0,5,4,16,7
55541,55,15,83,45,17,2,8,3,8,0,42,41,8
70541,70,6,32,19,8,3,0,3,3,0,9,13,4
33541,33,16,88,138,47,5,10,0,4,6,117,90,43
52541,52,7,25,21,7,0,0,5,0,3,0,23,0
67541,67,13,60,49,13,0,7,0,0,4,28,49,9
62542,62,0,35,15,9,0,6,4,0,4,6,17,2
80542,80,13,96,71,9,6,0,5,12,0,50,41,9
02542,02,2,18,13,0,0,5,1,0,0,8,3,4
57542,57,21,129,86,19,9,9,1,0,1,69,78,29
60542,60,19,130,77,19,5,2,0,16,0,63,64,23
14542,14,9,60,61,13,3,4,1,21,0,54,56,15
76542,76,4,32,24,3,0,7,0,6,4,26,27,5
21542,21,13,48,52,11,6,3,4,0,6,38,53,18
27542,27,30,135,90,21,0,4,0,0,5,66,77,25
50542,50,19,50,49,8,5,3,2,0,1,36,48,15
59542,59,16,67,49,10,0,4,0,0,0,55,42,10
31542,31,2,20,35,10,0,1,5,12,0,30,19,11
25542,25,50,183,171,43,2,8,5,32,3,133,170,52
51542,51,9,6,21,4,4,5,0,0,0,0,20,8
24542,24,0,5,7,6,4,4,0,0,0,0,9,2
71542,71,48,165,166,37,9,4,6,14,7,124,133,43
64542,64,0,5,13,0,0,5,5,0,1,0,12,1
54542,54,56,279,259,65,9,10,1,11,8,209,183,59
70542,70,3,31,18,6,0,1,3,7,4,23,17,2
38542,38,6,36,52,8,0,5,0,16,0,38,30,12
52542,52,6,12,2,1,5,5,0,0,0,0,11,1
33542,33,21,76,114,35,0,3,6,0,2,88,66,27
67542,67,18,51,50,15,1,1,0,2,0,34,41,9
62543,62,54,344,200,46,13,18,2,14,5,197,148,49
80543,80,0,19,9,0,0,6,1,0,0,1,9,7
02543,02,47,340,169,46,5,11,7,11,5,158,164,37
57543,57,36,200,144,44,7,9,6,15,7,121,131,33
60543,60,7,18,6,2,0,0,0,0,0,6,8,5
14543,14,58,243,300,79,12,13,4,20,6,223,249,88
76543,76,18,80,64,14,6,4,5,22,0,67,48,13
21543,21,3,19,25,9,0,5,0,8,2,13,20,9
95543,95,0,20,24,2,0,4,2,0,0,27,17,10
27543,27,24,113,65,22,4,4,1,8,0,56,69,15
50543,50,34,124,167,49,0,10,0,4,9,109,141,43
59543,59,27,128,96,27,2,10,0,8,2,100,89,25
51543,51,0,13,8,0,0,0,4,2,1,11,5,4
24543,24,28,119,112,37,5,10,0,0,0,125,86,35
31543,31,2,10,15,0,5,6,2,7,2,10,5,1
71543,71,164,603,579,156,19,28,7,29,9,435,523,156
64543,64,7,20,36,14,0,5,4,18,6,28,25,8
54543,54,3,13,12,2,0,0,0,14,2,18,12,2
39543,39,5,20,20,4,0,4,0,7,3,14,18,10
55543,55,35,179,111,25,2,10,0,0,1,74,89,24
33543,33,18,82,107,33,0,5,0,6,4,87,79,35
52543,52,15,101,45,14,0,2,0,5,0,46,55,16
38543,38,61,236,251,71,0,4,5,4,18,197,171,64
67543,67,66,253,231,50,14,16,2,6,14,143,207,52
70544,70,7,20,11,1,0,0,3,0,5,0,16,0
33544,33,34,139,213,55,3,12,2,33,8,182,135,75
62544,62,8,26,22,6,1,3,1,0,0,7,17,3
80544,80,2,35,23,9,2,2,2,0,4,5,13,4
02544,02,20,112,53,16,0,5,0,0,3,48,45,9
57544,57,15,85,61,12,1,9,1,31,6,52,55,16
60544,60,4,38,14,2,6,0,4,0,6,9,24,1
76544,76,1,21,17,12,2,0,0,2,6,26,25,4
91544,91,24,43,71,17,0,2,0,0,2,44,48,14
27544,27,8,31,20,2,5,1,0,0,2,10,22,5
59544,59,272,1554,1058,299,41,65,35,47,56,1001,927,320
21544,21,6,0,13,6,0,0,0,0,5,0,3,2
31544,31,9,20,30,7,0,1,0,13,3,30,17,15
25544,25,9,27,28,5,0,1,0,1,0,14,21,1
51544,51,14,85,54,8,0,4,0,13,0,36,66,18
24544,24,13,51,46,13,4,0,4,0,6,50,38,10
71544,71,11,16,24,3,1,0,0,0,4,11,16,11
64544,64,0,3,11,0,1,4,0,0,0,4,11,3
54544,54,7,18,10,9,0,0,0,0,5,10,8,7
55544,55,7,8,6,6,2,4,2,0,4,0,2,0
38544,38,580,2559,2845,755,65,130,42,183,114,2265,1966,756
52544,52,8,52,22,16,3,9,0,4,0,17,30,16
67544,67,226,870,787,191,33,23,18,102,27,514,798,196
02545,02,2,26,16,5,0,0,0,1,0,9,15,4
62545,62,1,24,8,2,0,0,4,13,2,8,9,6
80545,80,12,76,58,11,6,7,1,2,3,49,43,9
57545,57,76,329,266,66,7,18,5,2,23,209,208,68
60545,60,8,70,50,12,1,2,0,0,6,38,32,7
76545,76,42,246,204,61,3,13,3,26,2,213,178,61
78545,78,302,903,2080,507,29,47,30,70,69,1078,1946,498
27545,27,6,17,12,4,4,0,0,0,6,7,19,0
59545,59,34,180,126,37,7,4,5,0,2,101,101,30
21545,21,26,97,104,30,0,5,0,5,0,81,82,24
31545,31,3,23,23,11,0,2,1,0,0,26,20,7
25545,25,4,14,22,8,0,0,3,0,0,14,11,0
51545,51,9,75,57,6,3,0,4,1,1,34,49,11
24545,24,6,4,19,7,5,6,5,0,0,0,12,0
71545,71,30,120,104,29,4,6,0,5,0,86,92,24
64545,64,203,661,1254,376,27,105,16,295,18,960,872,367
54545,54,0,30,21,6,1,5,3,0,3,9,18,5
39545,39,0,21,15,0,0,0,3,1,5,19,19,7
70545,70,2,24,12,7,0,4,3,3,0,13,9,4
55545,55,478,2389,1388,331,55,87,32,98,53,1032,1359,346
33545,33,28,114,165,39,0,13,0,10,8,131,107,45
38545,38,225,935,1034,286,33,47,12,64,37,881,734,280
52545,52,0,16,12,0,0,2,5,0,5,0,13,5
67545,67,22,67,56,15,0,0,0,12,3,37,67,11
50546,50,85,321,364,85,19,11,8,18,25,220,322,108
02546,02,0,32,12,0,1,0,0,17,2,12,22,5
62546,62,8,59,28,8,1,2,4,0,1,30,31,12
80546,80,13,89,75,18,0,5,0,9,2,59,45,15
57546,57,27,116,93,20,8,8,5,19,7,72,76,18
60546,60,5,11,14,0,0,1,2,0,6,0,13,7
14546,14,6,27,22,6,6,0,0,0,0,15,22,12
76546,76,8,33,21,5,3,2,2,0,0,27,21,12
91546,91,32,91,134,30,7,5,0,19,9,116,101,32
21546,21,7,33,32,12,0,0,0,0,0,7,29,11
27546,27,11,30,22,10,3,5,2,0,0,0,26,2
59546,59,31,181,126,33,6,7,1,0,9,111,104,30
31546,31,0,13,20,1,0,4,0,0,1,14,6,7
25546,25,5,5,5,2,0,5,4,0,5,0,8,1
51546,51,14,64,48,9,5,2,2,0,4,31,40,5
24546,24,3,0,2,0,1,2,3,0,2,2,5,0
71546,71,12,40,45,13,0,3,0,0,3,35,37,13
64546,64,45,155,275,82,9,18,4,85,7,204,197,81
54546,54,23,106,92,31,0,10,0,0,6,71,61,26
39546,39,8,43,37,11,6,0,2,0,4,23,36,13
70546,70,2,39,26,1,0,1,1,0,0,11,25,8
55546,55,2,16,8,2,0,4,4,0,5,12,15,0
38546,38,26,106,113,29,2,6,0,9,4,104,85,28
33546,33,8,36,55,10,0,6,2,8,2,42,33,14
52546,52,3,0,0,0,5,0,0,0,1,0,0,4
67546,67,24,83,85,25,3,2,2,0,6,39,85,21
02547,02,0,7,6,4,0,3,0,0,0,6,3,5
76547,76,9,73,58,21,5,3,5,5,3,66,56,15
62547,62,1,13,3,1,4,0,3,4,0,10,1,2
80547,80,3,27,27,9,0,6,2,0,0,16,18,2
57547,57,27,104,83,18,7,2,0,0,0,64,63,23
60547,60,13,97,67,9,5,2,0,1,3,58,52,21
14547,14,7,13,18,1,3,0,0,4,4,16,13,2
91547,91,15,41,50,11,0,5,0,0,2,47,41,17
21547,21,2,24,24,7,1,2,0,0,1,11,25,8
27547,27,26,127,86,15,1,8,0,0,2,69,75,19
59547,59,16,108,88,19,8,3,5,1,1,93,77,22
31547,31,154,611,990,297,19,46,1,64,47,882,600,311
25547,25,64,288,283,81,1,18,6,0,13,218,280,70
51547,51,7,15,13,7,0,5,1,0,0,0,22,4
24547,24,114,546,585,164,15,40,8,103,28,587,426,171
71547,71,6,36,32,7,2,2,2,0,0,21,24,6
64547,64,123,455,849,255,14,31,11,243,28,680,616,258
54547,54,475,2481,2160,612,110,130,42,112,100,1825,1572,598
39547,39,24,81,67,17,2,3,0,0,0,51,66,20
70547,70,9,22,10,8,1,6,0,0,5,6,15,3
55547,55,6,9,9,0,0,5,1,0,5,0,12,0
33547,33,23,91,124,43,4,3,1,13,2,100,83,33
38547,38,162,683,758,207,3,13,11,88,42,646,545,202
52547,52,3,40,19,0,4,0,1,1,0,18,22,10
67547,67,65,267,237,56,3,6,3,30,17,145,227,49
02548,02,12,71,35,10,2,5,1,0,3,8,35,8
62548,62,239,1708,911,271,68,50,19,19,57,904,717,269
80548,80,10,59,46,4,3,0,4,0,0,26,28,7
57548,57,19,81,64,12,4,6,0,0,0,43,54,13
60548,60,9,77,47,15,0,0,0,0,1,41,42,15
76548,76,21,88,72,16,6,6,0,0,0,52,57,21
78548,78,6,26,72,18,0,3,0,0,3,43,61,17
21548,21,6,25,25,11,0,2,3,0,0,9,18,5
27548,27,34,177,120,26,7,5,0,0,4,82,116,31
50548,50,2,11,13,2,4,0,3,0,0,3,18,7
59548,59,14,86,62,16,7,5,0,0,7,45,47,22
31548,31,1,4,10,3,0,4,1,0,1,3,6,0
25548,25,6,18,20,1,3,2,1,0,5,9,13,3
51548,51,8,51,40,5,2,5,2,0,2,16,46,5
24548,24,5,30,30,12,6,0,0,0,3,28,20,13
71548,71,8,26,31,4,6,0,0,18,0,19,25,4
64548,64,0,14,17,5,4,0,3,9,0,18,21,4
54548,54,16,72,52,16,5,8,5,0,5,30,48,17
39548,39,5,10,11,0,0,5,0,0,3,5,5,1
70548,70,5,26,15,0,0,0,0,26,0,9,15,0
38548,38,128,566,587,163,16,26,8,15,28,464,422,172
33548,33,31,101,162,43,0,8,0,0,3,132,103,52
52548,52,2,11,14,6,0,0,0,0,0,0,13,7
67548,67,26,105,92,20,0,2,6,9,0,69,94,24
71549,71,9,29,33,9,2,0,0,0,0,14,24,6
70549,70,0,7,10,5,4,2,0,0,0,0,13,6
62549,62,20,183,102,25,9,5,0,0,8,89,78,20
80549,80,21,89,61,9,0,6,4,13,2,59,50,11
02549,02,19,164,87,23,4,13,0,3,5,66,75,15
57549,57,22,99,79,14,3,8,2,0,3,61,67,18
60549,60,4,26,19,4,5,0,0,0,0,19,22,8
21549,21,2,12,13,5,0,0,2,0,0,0,14,1
50549,50,11,46,42,15,1,1,0,6,0,35,38,12
91549,91,932,2080,3349,875,74,110,54,136,162,2738,2332,886
59549,59,8,52,31,4,0,4,1,0,1,34,30,7
76549,76,9,16,10,2,6,5,0,0,0,4,18,7
31549,31,4,0,7,0,0,1,0,0,4,0,0,1
25549,25,15,66,67,18,3,5,0,1,0,52,64,20
51549,51,8,8,12,7,0,3,0,0,0,0,16,2
24549,24,4,32,31,9,0,4,4,13,0,39,24,12
64549,64,24,75,150,40,5,13,5,2,6,112,94,45
54549,54,94,434,379,113,4,11,5,17,18,331,298,123
38549,38,0,9,1,0,0,0,0,0,0,8,4,3
33549,33,10,24,38,16,0,3,0,12,0,36,26,11
52549,52,0,0,1,6,0,5,2,0,3,0,3,0
55549,55,8,11,5,0,0,0,0,2,0,11,8,6
25550,25,3,29,28,6,0,5,0,2,3,15,23,2
62550,62,35,219,113,33,6,11,0,3,9,117,81,37
80550,80,3,28,14,0,0,0,1,0,0,5,17,8
02550,02,1,19,5,0,6,2,1,3,0,6,14,0
57550,57,76,415,303,73,10,18,8,5,16,257,255,73
60550,60,10,39,20,1,0,0,0,16,0,16,17,0
14550,14,7,0,15,7,5,5,0,0,5,0,14,0
76550,76,26,147,130,40,9,7,1,1,0,137,105,33
78550,78,43,108,264,57,5,5,4,38,14,147,249,69
21550,21,8,2,20,5,0,0,0,0,6,0,19,5
27550,27,9,52,35,7,0,4,0,0,1,26,28,4
50550,50,70,334,425,99,24,21,23,4,26,234,364,111
59550,59,59,378,285,86,9,18,8,23,17,291,239,75
51550,51,9,42,26,12,4,0,0,0,4,3,37,12
31550,31,8,55,77,19,0,3,5,17,1,66,51,20
24550,24,21,108,124,38,0,3,1,17,8,127,93,40
71550,71,26,93,88,18,8,8,6,0,8,43,77,21
64550,64,15,62,111,30,6,9,5,9,7,71,75,29
54550,54,4,49,35,6,4,0,0,0,7,27,27,13
39550,39,9,26,29,6,0,0,0,0,5,13,16,7
70550,70,317,1784,1116,270,45,100,32,99,53,834,1051,273
38550,38,7,21,21,10,0,0,0,0,4,2,9,1
33550,33,619,2718,3888,1124,83,260,49,206,137,3104,2576,1146
52550,52,74,390,210,51,8,27,8,21,12,146,223,37
67550,67,45,207,185,40,5,9,0,4,14,121,163,42
62551,62,3,50,23,2,0,2,3,2,0,21,21,4
02551,02,6,16,9,6,0,0,4,1,0,6,7,6
57551,57,9,21,21,9,5,0,5,0,0,0,20,10
60551,60,10,41,24,5,0,7,0,0,1,26,30,9
76551,76,18,106,95,30,0,8,0,1,8,103,68,25
78551,78,775,2332,5149,1281,90,135,45,198,184,2865,4970,1225
50551,50,61,203,250,63,13,13,6,9,5,186,216,72
59551,59,32,218,147,48,9,3,0,27,10,168,123,51
51551,51,4,21,25,8,0,0,0,3,2,16,18,0
25551,25,0,11,14,6,2,2,4,0,0,5,19,0
31551,31,9,41,67,28,0,3,3,0,2,55,46,27
24551,24,56,261,264,68,20,27,7,7,6,257,214,81
71551,71,5,10,15,7,1,0,0,1,0,12,12,0
54551,54,0,3,12,2,0,1,0,0,5,0,8,2
64551,64,3,22,40,14,0,4,0,10,4,24,26,9
55551,55,59,239,130,43,11,15,8,6,8,66,123,40
38551,38,6,0,4,0,0,0,2,0,0,3,0,6
33551,33,4,34,49,19,0,5,4,0,2,32,38,14
39551,39,0,22,18,6,3,3,0,0,0,11,9,1
67551,67,111,430,391,90,13,11,11,88,22,257,381,90
62552,62,25,179,92,27,3,4,0,0,4,87,74,32
80552,80,22,183,112,26,1,3,6,19,4,106,84,22
02552,02,8,29,17,1,2,2,0,0,4,15,16,2
57552,57,20,109,85,27,9,2,0,16,9,69,63,21
60552,60,3,38,28,4,0,0,2,13,0,28,18,8
14552,14,11,53,58,18,0,0,2,3,5,37,43,20
91552,91,259,599,938,253,8,35,10,76,43,801,644,257
21552,21,4,2,6,3,1,0,0,0,0,0,8,4
27552,27,5,26,20,0,3,2,3,0,5,16,17,8
50552,50,13,38,38,8,0,7,0,8,6,25,35,7
76552,76,179,869,718,209,41,42,12,42,35,757,603,202
59552,59,2,26,15,11,5,0,0,4,2,17,16,7
51552,51,6,34,26,6,2,1,0,0,0,3,25,9
25552,25,0,10,13,6,0,6,0,6,4,6,11,4
31552,31,0,12,16,11,4,0,0,0,0,14,12,8
24552,24,6,27,32,6,5,3,4,0,1,31,29,9
71552,71,12,59,60,19,7,0,3,0,3,33,45,17
54552,54,0,9,14,0,3,1,0,0,0,8,4,8
39552,39,9,41,36,7,0,0,2,0,5,28,36,3
64552,64,4,20,30,7,4,0,0,0,3,19,24,3
55552,55,1,13,6,6,0,3,0,0,1,1,8,1
70552,70,3,37,23,8,0,2,4,0,6,3,22,4
38552,38,13,47,48,20,0,0,2,19,0,45,33,11
33552,33,16,100,127,39,2,5,0,14,7,110,97,39
67552,67,14,42,47,12,7,0,4,1,7,23,44,5
62553,62,11,58,28,3,0,7,0,2,2,28,29,5
80553,80,11,60,41,8,3,6,4,0,4,11,29,5
02553,02,2,32,21,3,6,0,3,0,1,14,21,0
57553,57,24,108,72,22,4,0,0,0,9,52,63,13
60553,60,6,42,28,12,4,3,0,0,0,15,31,6
91553,91,245,537,859,216,33,28,15,10,43,684,590,219
21553,21,6,9,12,1,0,3,0,6,1,14,7,2
27553,27,11,56,34,10,3,7,1,22,0,30,33,7
50553,50,13,32,36,15,5,0,1,0,0,17,35,5
76553,76,6,36,36,14,4,1,0,4,0,38,21,9
59553,59,141,844,573,171,22,39,16,42,31,575,486,170
51553,51,8,19,24,5,0,0,0,0,4,4,26,5
25553,25,8,50,44,11,0,0,5,0,0,23,41,10
31553,31,27,87,156,50,2,9,6,3,2,125,88,39
24553,24,49,175,190,50,9,3,2,12,5,188,135,45
71553,71,9,31,25,4,0,0,5,9,0,30,23,7
54553,54,1,27,19,2,1,5,0,7,6,18,14,4
39553,39,12,35,38,10,0,4,1,0,0,17,35,11
55553,55,40,192,129,27,7,12,5,0,1,89,118,31
70553,70,6,24,12,6,1,0,3,0,0,10,7,3
38553,38,338,1495,1746,428,22,59,25,123,74,1381,1166,452
33553,33,16,75,115,29,1,10,2,22,0,105,86,29
67553,67,9,31,32,6,0,6,4,0,5,18,39,12
27554,27,104,508,333,82,15,16,3,22,15,293,323,86
24554,24,8,65,60,15,4,5,4,0,7,73,55,11
14554,14,37,154,186,55,5,13,6,0,2,113,148,51
62554,62,4,21,8,3,2,3,0,0,2,0,7,3
80554,80,22,110,87,11,3,3,6,0,8,67,70,18
02554,02,31,173,88,18,4,6,0,0,7,85,78,17
57554,57,16,109,80,13,3,5,6,12,0,59,56,20
60554,60,11,60,36,13,3,0,0,11,0,32,37,7
76554,76,7,44,35,11,6,3,0,4,0,43,32,6
95554,95,15,78,108,37,0,1,0,0,5,112,86,36
21554,21,15,80,86,28,2,0,0,14,0,64,80,21
50554,50,42,157,203,55,7,16,4,0,7,115,157,54
59554,59,16,81,60,10,2,1,0,5,2,62,50,14
25554,25,0,15,14,0,5,6,4,9,0,13,14,1
31554,31,3,23,27,5,1,5,3,5,3,23,14,15
71554,71,9,16,17,3,6,3,4,0,0,0,7,8
54554,54,7,5,12,3,1,0,2,3,0,4,3,0
39554,39,7,32,29,2,0,1,5,0,4,15,23,5
64554,64,1,17,26,12,0,4,3,0,0,7,11,10
70554,70,2,23,12,8,0,0,0,6,0,11,17,8
38554,38,36,205,220,61,10,2,6,6,1,164,157,65
55554,55,5,24,21,3,2,0,4,0,6,1,15,6
67554,67,27,120,108,25,1,4,0,18,4,72,108,21
33554,33,39,227,308,99,8,22,0,23,13,256,208,93
70555,70,3,33,12,3,2,3,1,5,0,8,15,4
33555,33,89,416,592,173,7,41,2,85,27,512,411,198
62555,62,106,823,467,116,28,33,10,36,14,438,346,116
80555,80,17,87,74,11,0,0,0,7,5,61,56,12
02555,02,44,303,170,41,10,9,4,23,10,140,151,29
57555,57,8,17,9,7,2,0,0,0,2,3,4,2
60555,60,3,9,9,0,0,1,0,0,0,4,1,5
14555,14,8,49,44,20,3,5,0,0,0,35,44,12
76555,76,24,112,102,31,0,3,4,7,0,110,84,23
95555,95,361,1431,2125,574,43,86,22,154,116,1967,1511,562
21555,21,38,177,186,52,2,4,0,0,10,124,165,43
27555,27,1,33,24,9,3,0,0,8,0,14,18,2
59555,59,30,175,129,36,1,7,0,0,9,125,101,31
51555,51,8,14,13,3,1,0,0,0,6,6,17,7
25555,25,32,132,114,30,9,4,2,24,2,89,114,30
31555,31,5860,25853,40664,12887,740,1499,495,3395,1248,35867,25466,12917
24555,24,15,51,60,21,0,6,2,11,0,67,40,15
71555,71,60,205,209,56,5,5,6,16,2,159,176,50
54555,54,1,7,7,5,0,0,4,13,0,5,3,0
39555,39,10,39,29,4,1,7,5,0,5,12,27,3
64555,64,1,15,25,4,4,0,4,0,0,4,15,10
55555,55,1,6,0,2,0,4,0,0,0,0,3,1
38555,38,21,105,131,36,8,1,0,3,10,102,77,27
67555,67,11,26,28,4,5,0,0,4,1,21,34,3
31556,31,11,31,46,22,3,5,3,0,0,41,30,21
62556,62,7,50,24,5,2,3,0,2,0,26,22,9
80556,80,16,94,63,9,2,8,6,0,0,31,51,17
02556,02,2,4,8,3,5,1,0,0,1,0,11,6
57556,57,84,402,293,85,15,17,0,8,13,202,254,72
60556,60,8,37,27,3,0,0,0,9,5,16,18,7
14556,14,48,180,200,58,5,16,0,12,8,163,167,52
76556,76,32,131,122,35,4,4,0,0,8,118,86,31
91556,91,19,35,56,12,2,4,2,0,1,28,36,7
27556,27,1,12,5,0,0,0,3,0,4,6,7,0
21556,21,3,26,29,11,0,0,0,0,4,13,26,2
50556,50,20,59,86,27,1,2,2,0,3,43,76,25
59556,59,10,36,27,5,5,2,4,0,6,12,29,13
51556,51,4,39,26,4,3,3,4,4,0,27,25,6
25556,25,2,0,9,3,0,4,5,0,0,0,2,0
71556,71,15,69,53,10,2,2,0,7,3,39,54,19
39556,39,6,15,10,1,0,0,0,0,0,3,8,6
64556,64,8,30,48,20,3,3,0,0,0,44,41,20
55556,55,4,0,10,0,2,1,1,0,0,0,7,5
38556,38,25,128,141,39,6,5,0,0,7,96,97,31
54556,54,3,17,10,4,0,0,0,1,0,12,5,5
67556,67,5,36,23,5,2,0,0,7,1,16,27,7
54557,54,53,281,241,60,4,16,7,49,6,225,177,64
80557,80,9,81,64,7,0,2,2,0,5,53,51,15
62557,62,78,478,244,80,18,14,5,7,12,263,194,70
02557,02,0,24,8,0,5,0,0,11,1,17,6,1
57557,57,29,106,78,15,0,1,0,27,0,74,67,16
60557,60,15,50,35,10,6,4,0,0,0,22,29,11
14557,14,27,115,139,35,9,7,3,0,8,93,125,40
76557,76,34,136,116,40,2,8,0,16,4,123,108,34
78557,78,13,56,132,26,3,0,2,27,4,67,112,37
27557,27,10,62,44,12,4,0,0,0,0,39,39,15
21557,21,7,11,15,0,0,3,4,0,5,0,12,9
59557,59,48,289,218,61,12,15,6,8,12,225,176,57
51557,51,11,73,48,7,6,5,0,0,0,33,60,14
25557,25,8,52,48,8,2,0,1,10,0,43,37,7
31557,31,476,2137,3395,1090,74,119,48,260,117,2952,2111,1055
24557,24,151,665,690,197,25,33,4,77,16,708,549,200
71557,71,17,71,64,25,0,4,0,6,8,59,57,25
39557,39,1,26,18,11,0,4,3,0,0,20,26,6
64557,64,8,30,67,14,2,4,0,12,0,53,39,23
55557,55,7,22,7,0,0,4,1,0,3,5,7,2
70557,70,9,28,15,0,0,0,0,0,4,14,14,1
38557,38,96,449,496,137,12,20,0,23,21,411,331,138
67557,67,19,97,83,13,0,0,2,21,2,47,83,15
70558,70,8,21,14,0,2,6,0,5,0,8,9,8
02558,02,54,411,198,56,11,14,4,0,19,132,192,50
62558,62,8,24,12,1,6,1,3,6,0,10,12,7
80558,80,5,32,30,1,0,4,3,0,0,19,22,1
57558,57,0,10,8,7,4,0,3,0,0,4,10,0
60558,60,16,63,32,10,1,0,1,5,4,31,31,14
76558,76,25,124,93,29,5,10,0,0,1,99,73,30
14558,14,27,102,127,30,9,11,3,20,4,100,100,33
78558,78,5,21,53,17,0,6,1,0,0,26,48,13
27558,27,5,21,10,3,2,0,4,0,0,9,20,3
21558,21,23,96,112,29,0,3,0,0,0,77,99,31
59558,59,44,257,173,56,5,10,0,0,8,158,155,52
51558,51,1,20,9,7,0,3,3,0,4,0,21,6
25558,25,33,167,151,42,0,7,8,0,16,114,156,43
31558,31,4,24,42,20,0,4,1,2,0,40,34,13
24558,24,6,53,46,17,0,4,3,4,4,47,46,10
71558,71,38,135,119,36,3,11,6,0,8,57,103,35
54558,54,3,38,29,13,0,1,0,4,0,26,19,13
39558,39,13,33,25,6,6,3,0,0,6,19,33,10
64558,64,55,195,354,107,8,28,1,135,14,265,257,109
38558,38,41,185,224,54,10,12,0,8,14,183,136,54
67558,67,23,81,80,19,0,5,6,23,1,57,75,15
60559,60,23,127,71,14,6,3,1,0,6,64,75,17
62559,62,19,176,88,19,8,0,0,3,6,103,69,26
80559,80,0,18,20,2,0,1,0,24,1,9,9,0
02559,02,11,84,43,13,1,3,5,0,5,28,44,12
57559,57,4,21,18,7,0,6,0,11,0,14,12,9
76559,76,6,51,56,14,1,8,4,2,1,52,37,11
14559,14,3,28,34,5,2,2,0,0,1,20,32,13
78559,78,4,30,54,11,3,1,0,6,3,31,62,9
21559,21,17,77,74,16,0,0,0,4,3,58,65,24
59559,59,45,273,203,59,9,11,1,32,6,211,154,67
51559,51,88,403,287,77,20,9,0,0,19,199,316,76
25559,25,4,26,21,11,2,0,0,0,0,9,24,7
31559,31,1,0,0,0,4,5,0,0,1,0,0,2
24559,24,6,25,34,4,3,1,2,18,2,34,20,5
71559,71,20,67,71,21,7,7,0,0,2,32,60,19
54559,54,6,37,30,9,1,0,0,0,4,24,28,8
39559,39,7,40,35,10,0,2,0,3,5,37,36,5
70559,70,11,39,20,8,5,3,0,0,3,1,24,10
55559,55,6,7,0,0,0,0,0,0,1,0,9,0
38559,38,103,455,465,134,13,22,0,28,18,375,334,121
64559,64,16,51,116,28,8,4,0,38,1,76,68,26
67559,67,11,36,33,9,5,5,0,0,0,23,27,8
62560,62,113,847,450,122,16,22,3,1,21,430,349,124
80560,80,6,29,27,1,0,6,0,9,0,21,16,7
02560,02,9,46,23,10,5,1,2,0,5,1,20,0
57560,57,10,76,58,14,5,0,5,0,0,47,54,18
60560,60,17,115,74,15,6,3,1,13,1,74,62,19
76560,76,22,128,103,34,3,10,0,0,2,100,93,26
91560,91,15,26,36,7,3,4,0,0,6,23,34,12
27560,27,8,37,34,8,0,0,0,19,1,21,21,4
21560,21,11,28,36,13,0,0,0,5,1,24,32,10
59560,59,244,1520,1063,299,57,63,15,82,51,1141,917,324
51560,51,8,21,16,2,0,2,0,0,0,2,20,3
25560,25,72,330,321,81,9,21,4,41,15,254,292,80
31560,31,14,39,58,22,0,0,5,10,6,52,35,23
24560,24,8,19,15,1,1,0,1,5,0,17,13,2
38560,38,32,135,172,48,3,11,9,0,3,133,108,54
54560,54,3,10,5,2,0,0,0,0,0,0,9,0
39560,39,15,77,56,16,2,6,4,0,0,55,58,11
70560,70,1,36,22,8,1,6,0,0,0,1,18,7
55560,55,4,23,9,4,0,1,0,0,4,10,7,8
64560,64,8,19,27,5,0,0,0,0,0,11,23,6
31561,31,226,1040,1631,515,34,63,30,151,34,1417,1024,522
62561,62,5,38,19,7,0,2,0,0,4,13,10,3
80561,80,144,844,614,123,23,36,7,13,13,497,436,129
02561,02,9,34,13,4,1,0,3,0,1,5,19,0
57561,57,21,112,82,23,6,7,5,0,0,63,72,15
60561,60,6,32,15,0,5,0,3,4,1,13,17,9
76561,76,174,874,751,215,30,40,20,38,12,694,609,215
78561,78,8,26,59,22,0,1,0,2,6,42,65,19
27561,27,16,102,64,18,0,2,0,4,8,52,53,16
21561,21,17,44,56,7,0,1,0,1,0,45,52,12
25561,25,5,38,40,5,4,0,2,0,6,22,29,11
71561,71,5,30,23,7,0,2,1,13,0,18,28,5
54561,54,0,5,2,2,1,3,4,0,3,0,7,1
39561,39,12,48,40,5,3,5,5,0,2,28,36,7
55561,55,0,3,11,7,3,1,4,0,0,0,9,3
70561,70,35,171,101,22,7,13,1,14,7,83,107,26
38561,38,34,153,179,49,0,5,6,0,6,137,126,44
62562,62,1,35,19,4,2,0,5,12,0,16,13,4
80562,80,2,33,27,6,6,0,0,0,6,6,18,4
02562,02,10,41,22,1,0,0,4,0,0,12,10,2
57562,57,19,107,89,23,5,3,4,4,3,67,73,24
60562,60,63,332,223,46,13,4,2,33,15,179,175,46
76562,76,23,114,91,26,1,2,0,9,8,107,85,26
14562,14,68,264,338,100,15,17,1,2,11,222,263,87
78562,78,34,93,196,53,0,4,6,6,4,107,192,48
27562,27,116,644,428,120,13,32,9,38,7,374,412,109
21562,21,5,20,29,3,4,0,2,6,0,21,21,3
50562,50,63,209,274,59,14,20,1,0,10,152,240,73
59562,59,17,82,56,19,6,2,4,0,0,47,38,10
51562,51,50,288,215,43,3,5,9,15,17,160,232,46
25562,25,2,30,23,7,0,0,0,2,4,25,23,12
31562,31,1,8,16,4,0,0,1,0,4,19,11,10
24562,24,5,33,37,11,4,1,0,5,0,31,21,5
71562,71,6,35,28,7,0,3,0,2,0,26,19,4
54562,54,1,24,14,3,5,0,0,0,4,11,10,9
70562,70,7,31,10,5,0,0,3,0,3,5,17,3
55562,55,5,15,13,1,2,1,5,0,4,0,17,4
38562,38,153,655,744,190,14,34,11,85,27,599,507,184
62563,62,166,1201,644,162,25,28,11,100,31,644,474,175
80563,80,5,15,11,1,2,0,0,10,1,5,5,2
02563,02,3,33,19,0,0,0,0,0,2,6,15,5
57563,57,12,33,30,10,3,1,0,0,0,13,18,12
60563,60,13,93,58,18,7,5,0,9,4,46,45,14
76563,76,23,150,125,42,3,8,4,2,5,131,109,41
14563,14,10,46,44,14,3,1,0,13,0,33,34,9
95563,95,327,1194,1796,466,44,71,17,63,90,1630,1323,483
27563,27,32,137,104,27,0,6,1,0,1,83,89,20
21563,21,2,11,22,2,0,0,3,0,6,9,13,4
50563,50,7,31,34,10,2,6,0,0,0,1,29,10
59563,59,11,32,30,12,2,6,0,0,2,12,21,5
51563,51,0,8,12,1,3,0,0,3,0,4,15,7
25563,25,8,10,8,6,2,2,0,0,0,6,12,3
31563,31,34,116,192,68,4,11,0,15,11,162,117,67
24563,24,6,30,34,14,0,5,0,0,2,21,27,10
71563,71,5,4,11,6,5,3,0,0,3,0,13,1
70563,70,19,83,55,14,8,4,0,0,4,26,50,18
55563,55,6,9,8,4,0,3,4,0,4,0,9,0
38563,38,467,1960,2238,598,51,104,28,174,74,1770,1503,586
54563,54,36,157,144,32,4,4,3,0,7,132,95,36
59564,59,60,370,257,72,9,13,11,35,17,277,225,83
62564,62,16,71,34,10,5,0,4,14,5,36,28,8
02564,02,12,95,42,10,3,8,1,0,4,47,35,11
57564,57,22,87,55,9,7,7,4,0,6,37,52,20
60564,60,5,43,21,8,2,0,4,5,0,17,28,2
76564,76,6,34,23,4,1,2,0,0,3,29,27,5
27564,27,5,59,31,4,0,3,2,3,0,36,34,12
78564,78,9,37,90,26,0,0,2,4,0,41,81,19
21564,21,10,50,58,13,0,2,0,0,7,30,41,16
50564,50,32,122,142,43,4,8,8,15,2,82,122,45
25564,25,27,104,104,23,4,3,0,1,7,89,95,24
51564,51,20,79,70,17,6,0,3,3,1,40,64,15
31564,31,0,16,15,2,4,0,0,21,0,13,11,2
24564,24,17,66,75,25,5,5,2,0,8,65,54,26
71564,71,20,99,84,28,0,5,0,19,7,62,71,20
70564,70,12,56,28,12,0,2,4,0,0,18,31,8
54564,54,7,23,15,6,0,4,3,0,0,4,15,9
38564,38,2,22,24,9,0,0,0,11,0,24,22,2
27565,27,17,82,56,9,0,0,0,26,3,44,46,8
62565,62,7,14,2,0,0,2,5,0,1,0,7,0
80565,80,1,10,4,2,4,2,0,5,4,3,4,5
02565,02,9,50,17,2,5,3,0,7,3,15,18,3
57565,57,24,99,71,18,3,1,4,0,1,42,57,20
60565,60,13,64,40,16,7,7,0,10,5,34,35,7
76565,76,22,122,115,26,3,7,1,45,0,118,87,22
14565,14,3,31,38,11,6,6,0,2,4,35,30,9
78565,78,12,26,44,13,2,0,0,0,4,22,38,15
21565,21,15,56,62,17,0,3,0,0,0,45,61,12
50565,50,77,285,342,87,12,23,6,23,12,251,304,83
59565,59,22,100,65,24,5,4,6,0,7,41,62,13
51565,51,0,8,9,5,3,5,4,0,3,0,13,8
25565,25,1,33,24,4,0,3,0,3,6,18,29,3
31565,31,15,65,98,37,0,0,0,28,2,86,60,36
24565,24,3,42,33,11,0,4,2,17,0,41,27,7
71565,71,17,78,69,18,3,4,3,0,8,49,61,17
54565,54,12,41,29,5,4,0,5,0,4,18,19,9
39565,39,0,6,6,7,0,2,0,6,3,9,7,3
70565,70,3,2,0,0,0,5,0,2,1,2,7,2
55565,55,2,10,8,2,3,6,5,0,4,0,4,0
38565,38,215,917,1068,277,23,38,26,64,43,799,689,275
80566,80,7,45,40,5,0,0,0,6,0,31,28,9
25566,25,7,28,26,12,0,0,5,0,0,17,27,12
62566,62,23,137,64,14,7,1,3,4,2,66,60,18
02566,02,24,177,89,28,4,10,3,6,7,85,89,29
57566,57,67,340,247,57,24,8,7,49,21,190,200,56
60566,60,4,31,18,4,0,0,0,12,0,18,14,6
14566,14,67,261,309,86,4,16,5,52,11,244,271,82
95566,95,56,192,289,76,14,18,6,0,11,238,205,77
21566,21,4,17,19,0,0,6,5,0,0,0,10,7
76566,76,15,84,62,22,6,8,3,0,0,57,53,13
59566,59,95,588,433,98,17,21,7,32,21,423,343,114
51566,51,9,36,32,8,0,0,0,3,4,22,38,2
31566,31,12,50,81,29,1,8,2,0,4,61,49,20
24566,24,5,45,46,19,0,0,0,0,0,51,42,18
71566,71,24,93,92,20,8,0,0,0,3,70,74,18
54566,54,4,15,5,0,0,0,0,8,0,4,12,0
55566,55,13,32,23,9,0,3,5,0,5,0,28,11
70566,70,9,34,20,2,3,6,0,0,5,6,24,1
38566,38,40,209,228,57,0,8,0,13,11,172,157,55
38567,38,15,68,85,16,2,7,2,0,7,54,58,17
62567,62,11,94,50,15,8,0,4,3,6,54,50,18
02567,02,6,56,22,2,2,0,4,4,5,32,27,2
57567,57,0,31,23,9,0,0,0,0,0,13,17,1
60567,60,19,161,99,29,4,8,5,14,3,86,83,20
78567,78,21,54,121,24,0,8,4,0,1,44,118,32
21567,21,3,28,35,10,0,0,2,0,0,16,31,6
76567,76,0,20,27,2,0,3,2,10,0,27,11,5
27567,27,8,36,19,7,0,0,5,0,3,19,22,4
50567,50,27,99,100,25,1,9,5,1,1,77,91,32
59567,59,14,59,39,12,0,3,0,0,1,38,36,10
51567,51,21,79,56,7,1,6,0,4,3,34,62,9
25567,25,7,18,14,0,0,0,0,10,2,8,8,0
31567,31,3,39,56,14,0,0,0,4,0,44,39,20
24567,24,9,34,32,13,5,3,5,0,6,16,17,4
71567,71,3,34,34,6,6,0,4,7,0,24,21,4
54567,54,15,50,43,16,6,4,0,0,0,27,36,12
55567,55,4,18,15,0,1,0,0,2,2,7,12,6
39567,39,7,32,30,10,4,0,0,7,0,25,29,3
70567,70,0,27,15,0,6,1,0,4,0,11,15,1
62568,62,21,120,63,15,4,6,0,0,2,49,45,17
80568,80,3,45,40,2,4,4,1,12,0,32,24,9
02568,02,2,26,17,4,0,0,0,0,0,16,17,8
57568,57,49,205,143,32,6,8,3,6,11,133,125,42
60568,60,4,47,28,8,0,5,0,6,0,29,25,7
76568,76,12,79,67,15,1,2,4,8,0,73,56,18
91568,91,61,134,229,53,4,8,6,20,6,182,146,53
21568,21,17,83,84,22,7,1,0,0,2,41,78,20
27568,27,7,61,38,13,0,3,0,14,1,31,32,11
50568,50,21,54,61,21,2,8,2,2,0,40,55,19
59568,59,8,63,38,13,2,1,1,5,0,38,40,11
51568,51,14,44,37,3,5,3,5,0,0,15,31,8
31568,31,5,17,39,10,4,0,5,3,0,28,22,8
54568,54,1,33,23,3,0,0,4,2,5,28,26,10
55568,55,11,42,31,6,0,0,0,17,2,17,20,7
70568,70,0,4,11,0,1,0,2,0,0,0,9,5
39568,39,0,2,6,5,3,0,1,0,0,3,0,6
24568,24,21,92,99,31,7,11,6,19,1,102,81,35
71568,71,0,0,9,3,0,5,4,0,0,0,5,1
62569,62,15,100,54,14,0,1,0,13,0,62,39,15
80569,80,5,49,38,4,0,5,4,3,0,36,23,12
02569,02,14,71,34,11,0,1,0,0,0,32,26,10
57569,57,12,41,32,5,3,1,0,4,1,22,18,5
60569,60,5,36,30,5,0,6,0,0,0,20,16,9
27569,27,3,44,24,5,3,2,0,0,6,10,27,12
21569,21,2,25,23,12,2,0,0,4,0,25,26,6
76569,76,8,31,25,4,3,4,1,0,0,0,24,9
14569,14,6,27,29,4,4,3,2,3,4,29,21,4
78569,78,18,48,108,32,5,5,2,0,8,60,109,28
50569,50,12,36,45,14,0,3,3,0,2,26,35,17
59569,59,322,1901,1371,367,54,45,22,115,57,1425,1111,374
51569,51,10,56,40,14,0,6,4,0,7,26,49,10
25569,25,10,53,56,11,7,0,3,0,1,42,48,7
31569,31,3,36,49,20,6,0,0,15,4,42,28,22
24569,24,1,13,19,8,5,2,0,0,3,11,8,3
54569,54,4,23,23,0,0,4,0,3,0,17,16,3
39569,39,20,68,57,8,0,5,5,0,6,37,49,14
55569,55,7,26,13,6,6,0,1,0,0,8,21,9
70569,70,6,11,2,0,1,2,0,4,0,3,9,0
51570,51,7,15,17,3,0,5,0,0,0,0,8,4
80570,80,84,569,384,85,18,29,10,25,19,347,299,82
62570,62,262,1905,1024,279,66,62,19,51,30,1015,775,300
02570,02,0,28,20,1,0,4,0,0,0,11,18,0
57570,57,14,48,40,14,1,0,0,13,5,29,27,10
76570,76,10,24,26,5,5,0,0,0,1,21,19,4
60570,60,31,194,123,33,9,8,1,24,14,101,113,30
27570,27,0,13,17,0,0,3,0,1,6,10,13,0
91570,91,563,1281,1996,518,65,57,13,87,117,1623,1385,524
21570,21,0,14,21,1,5,4,0,17,1,9,12,0
50570,50,9,43,48,13,2,0,0,11,0,30,50,15
59570,59,31,140,106,34,0,0,4,0,9,115,90,24
25570,25,6,0,5,1,0,0,0,0,5,0,0,0
14570,14,63,245,297,72,15,8,3,14,11,208,231,86
31570,31,4,23,40,14,0,6,0,2,0,36,24,18
24570,24,0,4,11,4,0,0,5,0,0,0,0,6
71570,71,17,63,52,17,6,0,2,15,0,41,49,14
54570,54,7,44,35,5,0,6,0,0,2,28,28,14
39570,39,0,17,25,6,0,5,0,5,3,22,13,0
55570,55,10,34,16,8,1,0,0,16,0,10,16,0
62571,62,105,679,352,102,24,32,2,3,16,362,270,89
80571,80,16,73,47,10,0,5,0,0,2,29,39,10
02571,02,16,115,49,8,1,7,2,0,7,32,56,19
57571,57,39,155,115,35,1,3,6,18,5,94,90,30
14571,14,12,25,37,12,5,4,1,0,2,23,25,13
60571,60,3,6,6,0,0,0,3,0,0,2,11,5
27571,27,5,53,34,9,3,4,0,0,0,27,28,10
78571,78,94,302,691,148,17,17,6,25,35,367,637,164
21571,21,2,18,29,11,0,1,5,0,6,4,27,7
76571,76,14,81,76,17,0,8,4,11,8,77,56,26
59571,59,99,558,390,124,12,19,10,4,27,381,336,118
50571,50,0,0,7,1,0,5,0,0,4,0,4,1
25571,25,9,57,45,9,0,7,0,7,4,37,45,15
51571,51,27,139,107,21,6,3,3,0,7,81,103,23
31571,31,10,24,41,19,4,0,1,0,4,29,24,7
24571,24,28,163,157,43,3,9,6,46,2,177,122,40
71571,71,19,50,43,15,3,0,4,0,3,34,48,16
54571,54,13,79,64,22,2,3,0,22,0,67,48,14
39571,39,11,31,30,11,1,1,0,0,6,0,25,1
55571,55,6,24,13,4,5,0,3,0,4,13,9,7
70571,70,2,7,0,0,0,0,5,0,0,0,8,0
62572,62,15,110,66,12,1,4,0,3,5,58,49,16
80572,80,13,64,46,3,1,7,4,0,0,27,30,4
02572,02,13,80,39,12,0,3,1,22,2,35,37,7
57572,57,57,284,210,55,10,15,5,24,11,189,159,41
76572,76,6,24,16,3,3,0,0,0,2,14,13,1
14572,14,18,84,89,22,1,3,3,14,3,74,77,21
60572,60,5,54,33,5,0,6,0,9,3,31,25,10
27572,27,4,51,29,5,6,3,5,0,3,9,32,10
95572,95,348,1362,2035,542,42,77,24,105,121,1857,1470,563
21572,21,6,30,41,4,0,5,1,11,0,34,30,8
59572,59,38,219,152,40,8,4,0,44,2,175,126,44
50572,50,1,25,31,3,6,4,0,0,0,17,23,4
51572,51,7,33,26,10,4,3,5,0,0,6,30,1
25572,25,4,8,15,4,0,5,0,0,5,0,14,3
31572,31,51,229,342,118,6,9,1,20,12,309,207,108
24572,24,1,18,21,1,6,1,5,0,4,15,15,10
71572,71,11,26,19,3,5,5,1,0,1,12,21,6
54572,54,7,62,55,15,0,4,4,0,5,20,42,18
39572,39,8,51,41,10,6,8,1,0,0,33,39,13
70572,70,7,40,25,8,0,2,0,8,2,25,23,7
55572,55,3,13,4,0,4,4,0,2,1,0,7,0
70573,70,2,20,17,0,0,0,3,0,0,5,16,5
62573,62,96,616,334,98,13,20,6,10,9,311,277,90
80573,80,9,71,38,8,2,0,0,13,0,32,36,7
02573,02,3,15,1,0,0,1,1,2,0,5,7,0
57573,57,6,16,16,6,6,0,3,0,0,3,14,3
76573,76,11,64,44,20,3,4,0,0,6,48,34,20
91573,91,323,710,1179,307,23,46,20,88,61,940,819,306
21573,21,5,27,27,3,0,0,2,13,2,30,27,8
60573,60,4,42,31,10,0,6,0,0,0,29,29,8
59573,59,0,9,6,4,4,6,4,0,5,0,15,7
51573,51,314,1469,1079,244,38,49,13,10,56,718,1127,238
25573,25,0,0,0,0,3,1,0,0,0,0,0,6
31573,31,64,313,476,152,9,20,3,14,12,427,289,148
71573,71,8,26,26,7,5,0,0,0,0,0,25,9
24573,24,16,63,81,18,5,1,0,8,0,74,61,22
54573,54,2,20,22,9,0,3,4,0,1,0,17,2
39573,39,24,91,92,23,3,2,4,2,0,86,85,20
55573,55,49,245,164,35,8,14,0,31,2,109,147,31
57574,57,15,63,37,7,2,8,1,0,6,24,34,16
62574,62,11,37,19,9,0,0,0,3,0,23,19,4
80574,80,6,2,12,3,5,2,3,0,3,0,9,1
02574,02,31,224,102,24,9,9,5,4,9,106,90,21
76574,76,17,70,63,24,6,1,3,0,3,58,44,22
14574,14,42,173,197,48,9,7,5,12,6,168,177,59
60574,60,14,95,50,14,5,5,2,0,2,43,54,16
95574,95,163,591,899,258,23,36,4,62,45,801,665,236
21574,21,8,43,50,17,3,0,0,0,0,32,49,16
50574,50,7,23,34,11,1,7,0,0,6,13,37,13
59574,59,268,1565,1063,313,34,47,14,80,55,1122,906,302
51574,51,6,19,15,2,0,5,3,0,0,0,22,4
25574,25,9,18,17,2,1,0,0,7,0,21,15,9
31574,31,57,231,358,118,5,17,5,13,12,331,243,108
71574,71,24,97,95,29,3,0,0,0,5,63,71,30
24574,24,8,26,30,9,0,0,0,9,1,41,25,13
54574,54,10,69,58,13,0,5,0,0,7,53,52,22
39574,39,27,87,75,23,1,4,5,0,7,75,71,22
70574,70,8,12,12,0,3,0,0,0,0,4,3,4
55574,55,0,11,12,0,0,0,0,0,0,9,3,1
80575,80,0,8,10,0,0,4,4,1,3,3,9,3
02575,02,40,261,137,29,6,3,3,16,2,127,124,35
57575,57,45,184,144,42,4,11,0,0,11,125,109,35
76575,76,520,2640,2200,645,89,138,46,136,82,2232,1801,634
14575,14,13,52,61,17,6,0,0,0,7,22,49,20
78575,78,168,494,1094,243,17,36,11,0,47,512,1025,252
21575,21,11,35,33,6,4,1,3,6,1,23,40,12
60575,60,68,413,253,62,15,20,0,41,9,225,231,63
50575,50,21,69,90,21,0,1,0,0,7,58,67,22
59575,59,10,57,38,16,0,3,1,5,5,46,40,7
25575,25,28,92,93,28,0,5,5,0,4,78,91,18
24575,24,4,23,23,6,3,6,4,3,4,30,19,4
31575,31,29,96,149,45,0,8,5,15,9,146,102,51
54575,54,35,193,163,51,6,7,1,24,12,162,123,49
39575,39,6,12,4,2,0,1,0,0,0,10,10,0
70575,70,17,108,63,23,0,1,4,17,3,54,73,12
55575,55,6,14,4,7,5,0,0,0,0,4,3,3
71576,71,5,37,29,9,0,3,0,0,5,15,31,14
62576,62,0,24,6,0,0,1,4,9,1,7,9,0
80576,80,13,54,33,4,5,0,0,6,0,26,21,5
02576,02,11,60,29,6,4,0,0,0,0,24,24,10
57576,57,24,96,80,17,1,1,0,0,8,54,65,23
76576,76,31,127,116,34,3,8,3,0,0,94,93,32
60576,60,17,64,38,6,1,2,5,2,0,37,45,15
78576,78,38,114,226,55,5,4,0,8,13,135,222,54
21576,21,5,21,19,6,0,2,0,0,1,4,12,6
27576,27,23,85,58,15,0,5,1,0,8,50,59,20
50576,50,28,105,114,34,2,12,2,3,2,83,111,37
59576,59,39,255,182,51,11,9,1,3,12,182,151,47
51576,51,32,189,131,27,8,1,0,8,9,97,132,26
39576,39,28,86,88,29,4,12,4,0,5,59,91,31
14576,14,8,53,75,16,0,2,2,24,0,47,55,15
24576,24,9,27,31,9,1,0,0,0,0,33,26,3
31576,31,2,21,39,17,5,0,0,30,0,34,21,9
54576,54,0,9,12,5,2,0,0,3,0,13,12,0
70576,70,1,29,20,8,4,2,0,2,3,12,16,0
62577,62,5,15,8,0,0,0,4,0,1,0,8,6
80577,80,5,30,19,7,5,2,0,0,6,0,18,9
02577,02,0,22,7,5,6,2,1,0,4,0,11,0
57577,57,8,48,39,15,7,0,4,0,4,35,34,10
60577,60,56,263,157,45,11,5,3,1,11,122,151,45
21577,21,28,121,130,34,2,6,0,26,4,110,118,33
76577,76,17,63,57,14,1,7,0,1,0,65,48,22
27577,27,9,61,47,13,1,4,0,0,4,43,36,8
91577,91,168,393,659,171,11,28,5,8,32,528,470,163
50577,50,3,24,40,4,4,7,2,0,0,16,34,12
59577,59,14,101,74,15,2,3,3,4,4,71,49,14
51577,51,1,21,19,9,0,1,5,0,2,0,25,5
39577,39,9,40,38,10,2,0,0,12,0,35,37,5
31577,31,6,7,14,3,0,0,0,7,0,22,10,11
71577,71,11,17,27,8,4,6,0,0,4,0,24,5
54577,54,7,23,20,3,0,0,0,0,0,0,9,9
70577,70,15,63,44,15,1,7,0,0,5,25,36,7
24577,24,15,64,70,21,3,2,5,0,7,59,57,19
55577,55,2,7,8,0,0,0,0,0,0,3,11,1
71578,71,10,34,32,10,1,6,3,0,4,25,35,7
62578,62,4,20,15,2,0,6,0,0,0,1,4,4
80578,80,10,92,74,20,1,9,6,0,4,56,52,17
02578,02,2,9,10,6,3,0,0,0,0,0,11,0
57578,57,11,81,57,19,5,1,6,0,3,30,42,17
14578,14,34,151,173,49,10,17,0,0,6,128,145,46
91578,91,18,31,55,7,5,1,0,0,0,26,38,17
21578,21,3,36,32,4,0,0,0,11,0,22,32,12
76578,76,1,34,24,8,0,0,0,23,0,26,17,8
27578,27,12,86,56,17,6,0,5,0,7,31,51,8
60578,60,27,135,85,22,6,2,3,13,4,79,71,22
50578,50,0,10,14,0,0,5,1,0,5,2,8,1
59578,59,35,229,160,42,8,8,0,30,10,166,138,47
51578,51,4,2,9,4,0,4,5,0,0,0,10,3
25578,25,113,502,484,119,21,30,8,36,11,405,446,117
31578,31,23,90,141,46,0,2,2,24,4,141,94,43
54578,54,324,1701,1435,424,50,99,26,80,64,1274,1077,404
70578,70,2,24,18,5,0,4,0,9,0,12,18,8
55578,55,7,25,23,4,6,2,1,0,4,0,17,1
62579,62,19,100,54,16,8,0,0,0,4,20,43,16
80579,80,20,127,87,25,7,9,6,2,0,77,70,20
02579,02,5,22,10,7,0,1,0,0,1,13,10,5
57579,57,0,14,17,7,0,4,0,7,0,5,5,0
60579,60,10,56,43,5,0,4,0,0,6,30,33,14
27579,27,1,15,6,6,5,2,0,0,0,5,5,1
91579,91,102,217,338,93,8,5,0,16,12,284,243,98
21579,21,2,19,24,11,0,0,4,8,4,18,27,2
14579,14,33,133,143,39,3,10,0,17,5,96,126,38
50579,50,33,125,170,37,8,12,0,5,4,109,151,41
59579,59,34,207,141,33,2,10,0,0,1,138,127,42
51579,51,5,24,23,8,0,0,0,0,2,4,18,0
25579,25,9,22,14,6,3,0,0,0,4,15,16,0
31579,31,19,73,104,28,6,5,3,0,8,81,59,34
71579,71,9,19,24,3,0,0,2,0,0,9,11,10
54579,54,8,39,44,11,2,2,4,0,0,30,31,15
39579,39,24,103,108,24,7,2,0,12,0,90,95,20
70579,70,9,84,49,11,3,2,1,0,0,42,42,14
55579,55,7,9,11,5,1,0,4,0,2,3,7,0
62580,62,15,79,35,15,0,6,0,0,5,31,37,16
80580,80,5,41,24,3,5,0,0,0,6,18,24,9
02580,02,20,119,57,15,6,8,5,0,4,32,58,17
57580,57,10,32,18,0,5,1,0,0,1,13,12,9
76580,76,20,111,85,32,4,10,4,0,8,81,69,27
27580,27,59,347,233,54,12,14,0,1,12,211,226,64
95580,95,53,210,307,80,3,11,2,13,14,286,227,83
21580,21,9,17,19,3,1,3,0,0,0,9,12,0
50580,50,9,46,65,10,2,6,0,0,4,34,58,18
59580,59,99,601,389,120,26,11,11,19,18,395,339,120
51580,51,7,64,52,5,0,5,0,1,0,29,51,11
25580,25,200,969,937,218,24,60,12,58,42,724,853,228
24580,24,2,32,36,9,0,2,0,0,0,35,28,7
31580,31,19,88,127,34,5,4,0,5,1,124,77,40
54580,54,178,819,694,192,31,49,16,23,31,612,532,205
71580,71,12,49,50,8,3,4,5,3,2,35,33,16
70580,70,7,22,21,8,6,1,0,4,0,13,10,2
55580,55,0,5,1,0,2,0,0,4,4,7,2,5
62581,62,11,53,31,4,6,0,1,0,0,18,26,12
02581,02,7,54,32,10,1,4,0,0,0,28,28,8
57581,57,9,46,44,4,0,0,0,2,4,38,36,5
76581,76,13,43,46,14,3,0,4,5,0,40,33,7
60581,60,133,807,497,129,24,37,7,6,18,394,432,123
91581,91,25,70,108,29,0,6,0,21,0,86,81,31
21581,21,7,15,13,0,0,2,1,13,0,17,15,3
59581,59,82,501,359,97,6,20,5,9,17,375,299,106
51581,51,10,31,22,7,0,4,1,0,0,18,20,2
24581,24,22,93,92,24,3,6,0,28,2,94,71,28
31581,31,29,124,189,68,7,6,0,16,9,173,112,67
54581,54,8,42,38,12,0,7,0,0,3,14,30,12
71581,71,5,38,28,12,1,0,0,4,0,22,26,5
39581,39,10,29,24,10,0,5,5,0,2,14,16,9
70581,70,23,102,76,13,8,0,1,0,7,53,57,21
55581,55,0,23,9,0,0,2,0,6,0,7,10,5
71582,71,19,87,67,19,4,0,0,0,6,52,67,25
62582,62,16,112,62,12,0,5,0,15,0,67,47,13
80582,80,21,153,117,22,10,4,9,0,12,79,81,32
02582,02,1,14,6,5,0,0,3,0,0,1,8,7
57582,57,64,334,222,54,9,19,4,11,15,202,187,61
76582,76,5,38,32,9,3,2,4,0,6,14,29,8
14582,14,16,60,87,17,0,5,0,0,4,59,75,28
60582,60,19,125,85,16,1,3,0,14,5,78,66,23
27582,27,46,236,161,49,10,10,9,7,13,129,147,44
95582,95,472,1727,2572,679,57,93,33,120,142,2258,1862,671
21582,21,21,80,88,21,4,6,3,0,1,51,75,14
50582,50,79,286,354,101,18,34,4,7,9,251,316,93
59582,59,19,113,80,23,0,2,4,0,0,77,72,18
51582,51,19,74,53,11,0,0,0,11,1,39,53,12
25582,25,4,18,13,4,0,0,0,0,3,4,19,8
24582,24,15,48,51,21,5,6,4,0,7,41,38,14
31582,31,88,378,586,188,12,27,4,3,21,514,365,183
54582,54,6,18,25,6,1,1,0,2,5,12,17,0
39582,39,27,98,89,25,2,2,0,0,4,70,76,26
70582,70,2,15,14,2,1,0,0,0,0,5,11,2
55582,55,0,13,8,0,1,0,2,14,4,6,4,1
62583,62,13,101,50,9,0,0,4,1,5,51,38,8
80583,80,10,50,26,9,0,0,0,2,3,27,23,5
02583,02,0,13,1,0,0,3,0,3,0,1,10,0
57583,57,1,22,18,6,2,0,0,0,5,0,9,8
76583,76,13,35,28,13,0,3,4,0,6,25,29,11
60583,60,7,57,35,10,6,5,0,0,7,27,37,8
21583,21,0,7,10,0,0,2,0,0,0,0,8,5
59583,59,9,64,51,7,6,0,0,3,0,48,35,15
51583,51,10,36,27,6,2,0,0,2,0,23,24,1
25583,25,10,22,27,2,0,3,1,0,3,12,28,8
31583,31,18,77,143,48,6,5,1,0,7,106,89,46
54583,54,8,58,42,13,3,3,1,0,5,39,32,13
71583,71,28,113,103,32,7,0,6,0,5,55,82,26
39583,39,3,20,24,1,0,1,5,13,3,19,13,0
70583,70,2,6,15,5,4,5,5,0,2,0,10,5
55583,55,9,43,19,1,0,2,1,12,0,13,24,1
62584,62,41,257,128,39,7,6,0,0,2,120,110,40
80584,80,31,213,145,28,4,4,6,18,0,119,105,35
02584,02,6,16,14,8,6,6,1,0,3,0,11,5
57584,57,11,92,57,14,2,5,0,4,8,53,57,12
76584,76,2,26,25,3,0,0,0,3,0,28,19,10
60584,60,128,700,445,101,17,22,11,16,21,360,381,97
27584,27,7,40,35,4,4,2,0,0,3,23,28,5
95584,95,16,57,79,20,0,5,5,0,7,53,52,19
21584,21,51,234,251,65,4,14,1,14,19,188,238,58
50584,50,13,32,44,15,2,5,0,0,5,16,34,14
59584,59,13,118,81,20,0,5,0,0,8,70,71,26
51584,51,4,16,10,6,4,6,0,8,0,10,13,1
25584,25,8,13,14,4,3,2,1,0,0,7,10,0
24584,24,21,103,103,33,0,9,3,4,6,111,83,36
31584,31,93,460,724,233,12,36,7,84,23,658,439,254
54584,54,29,151,129,32,8,3,5,0,10,94,95,32
71584,71,37,131,117,39,2,1,0,14,10,107,103,29
39584,39,7,24,18,1,4,4,1,0,0,8,18,8
55584,55,0,17,14,1,0,4,0,2,0,7,15,1
62585,62,14,73,37,12,2,0,5,0,6,18,31,11
80585,80,57,329,237,59,20,13,2,12,11,194,169,53
02585,02,9,40,20,3,3,2,5,0,0,14,26,9
76585,76,9,40,39,15,4,4,1,3,4,43,31,8
60585,60,5,35,24,1,0,0,0,24,0,24,20,10
95585,95,736,2984,4406,1212,85,169,35,341,225,4032,3256,1207
21585,21,19,99,108,25,6,5,3,8,9,79,107,25
50585,50,38,117,139,37,6,4,5,0,0,94,126,31
59585,59,89,467,330,94,16,20,4,37,14,347,291,96
51585,51,21,104,87,15,2,6,5,17,1,57,88,18
24585,24,17,64,61,21,7,0,0,0,0,55,52,17
31585,31,24,121,207,63,3,12,0,5,5,181,127,68
54585,54,15,57,46,12,3,0,0,0,7,36,33,16
71585,71,40,160,154,35,10,6,0,5,8,123,118,37
39585,39,5,1,6,0,2,0,2,1,0,0,5,0
39586,39,5,0,4,1,2,5,0,0,4,0,0,0
62586,62,13,78,46,11,0,8,0,3,0,43,34,11
80586,80,4,24,18,7,6,0,0,0,0,1,6,8
02586,02,7,33,18,0,6,1,4,0,0,13,11,4
57586,57,7,25,18,9,5,4,0,0,6,0,16,2
14586,14,7,16,28,1,0,6,1,0,0,18,14,2
76586,76,18,78,75,20,0,4,1,0,0,64,53,20
60586,60,29,154,110,31,7,6,0,0,3,91,91,30
27586,27,0,24,17,6,0,0,1,12,0,10,21,1
78586,78,827,2462,5560,1295,110,167,40,113,181,3011,5207,1333
21586,21,19,73,77,23,2,1,0,0,2,46,71,20
59586,59,154,852,623,171,12,31,9,65,41,690,519,192
51586,51,8,18,23,4,5,1,2,0,4,8,14,4
25586,25,26,100,96,28,0,2,3,0,5,71,89,26
31586,31,17,52,80,25,0,6,5,0,2,71,53,22
24586,24,22,97,99,26,1,6,4,0,3,99,67,33
71586,71,10,31,28,10,5,3,0,0,6,9,27,9
54586,54,12,86,80,24,0,0,6,1,5,79,63,19
55586,55,0,12,12,1,2,0,1,6,0,12,12,1
62587,62,193,1324,727,207,36,49,15,44,21,733,542,212
80587,80,4,7,9,4,4,5,0,0,0,0,10,7
02587,02,8,76,37,12,7,4,5,0,0,22,29,8
57587,57,10,34,25,9,5,4,1,6,0,21,18,5
14587,14,57,218,262,78,12,8,4,0,10,167,203,58
60587,60,34,205,134,32,3,10,0,0,12,104,125,28
27587,27,18,127,81,20,5,9,0,0,7,77,80,22
76587,76,16,94,80,19,4,4,0,0,4,69,70,25
21587,21,2,32,24,2,6,2,1,0,5,26,24,10
91587,91,174,398,630,165,7,28,12,67,33,545,432,171
50587,50,4,0,0,0,2,0,0,0,4,0,0,1
59587,59,16,83,49,14,3,0,0,0,1,53,53,15
51587,51,10,31,26,3,2,3,4,8,0,15,22,1
31587,31,30,111,183,48,0,11,5,26,5,168,130,56
24587,24,16,89,94,30,0,12,0,26,0,109,80,30
54587,54,3,21,21,1,0,2,5,1,0,22,14,11
62588,62,45,294,174,50,11,12,6,12,3,163,135,48
80588,80,14,70,51,15,2,0,2,0,6,24,37,14
02588,02,1,11,12,2,2,4,4,0,0,0,2,0
57588,57,32,152,116,28,8,13,4,1,9,82,104,22
14588,14,10,29,22,5,2,0,2,1,0,19,26,6
76588,76,16,62,47,18,0,0,0,14,5,56,42,10
60588,60,11,51,43,5,4,3,0,0,0,29,39,12
78588,78,21,48,107,20,0,8,1,12,2,57,103,25
21588,21,1,7,6,0,4,2,0,0,3,2,12,5
50588,50,22,62,76,24,6,5,0,0,0,34,74,23
59588,59,200,1295,950,254,28,35,11,12,42,970,761,261
51588,51,12,32,31,9,0,1,0,0,0,7,34,7
25588,25,0,9,8,2,2,2,0,14,0,5,5,1
31588,31,166,724,1169,357,11,49,17,82,54,1023,720,358
54588,54,7,57,43,14,0,0,4,3,3,44,39,16
71588,71,39,134,130,36,7,5,1,0,4,94,105,34
62589,62,25,190,114,28,8,8,0,0,4,110,75,27
80589,80,0,13,15,0,0,0,0,7,2,6,9,8
02589,02,4,48,21,7,5,0,2,10,0,18,24,1
57589,57,65,324,245,60,8,12,0,51,7,228,215,61
14589,14,24,72,84,27,0,0,0,24,1,67,76,21
76589,76,1,22,26,8,5,0,5,0,4,14,15,9
60589,60,76,402,260,61,7,13,2,7,16,201,223,56
27589,27,32,155,99,26,4,8,0,0,2,82,101,29
21589,21,4,6,5,0,0,1,1,0,0,9,12,5
91589,91,953,2232,3464,923,67,128,61,147,154,2840,2389,891
50589,50,13,26,42,7,0,0,2,0,0,17,36,15
59589,59,56,358,259,82,6,11,2,33,17,289,236,64
51589,51,8,25,17,2,5,1,0,0,1,8,21,0
25589,25,6,4,14,2,2,2,0,0,4,0,14,6
31589,31,28,110,167,57,0,3,6,0,4,142,93,56
71589,71,11,55,47,10,1,6,1,0,0,20,42,17
54589,54,9,21,16,0,0,0,2,0,5,6,10,6
31590,31,4,2,4,0,4,2,0,0,1,9,4,1
50590,50,8,40,51,8,0,3,0,15,0,31,37,10
62590,62,6,6,5,3,0,0,1,1,0,0,5,2
80590,80,11,48,43,3,3,4,0,7,0,31,35,4
02590,02,7,32,15,7,1,1,2,0,0,0,18,6
57590,57,3,26,21,6,0,0,2,0,0,10,22,6
76590,76,13,38,36,11,0,0,4,8,6,33,30,14
60590,60,27,125,80,19,8,1,0,7,4,68,70,13
27590,27,10,42,28,1,3,3,0,0,6,8,25,5
14590,14,5,9,21,9,2,2,2,0,0,0,18,9
21590,21,35,143,152,39,5,5,0,29,9,107,138,35
78590,78,6,31,61,17,2,1,3,17,0,39,56,13
59590,59,26,125,81,25,5,9,3,0,8,72,71,20
51590,51,16,50,34,14,0,0,0,11,1,34,35,5
25590,25,4,9,5,6,1,6,2,0,4,3,4,0
54590,54,18,83,75,20,7,5,3,0,7,42,50,24
71590,71,26,72,76,21,7,8,2,0,8,29,67,26
14591,14,18,77,93,25,7,2,0,0,0,50,67,28
31591,31,5,8,9,8,0,4,0,0,3,8,6,3
71591,71,14,54,49,15,4,1,4,0,4,23,45,11
50591,50,49,158,210,52,8,6,5,0,8,122,164,47
62591,62,10,31,25,0,0,0,0,1,0,16,19,6
80591,80,0,26,19,8,5,0,3,0,3,0,17,3
02591,02,8,26,18,2,1,0,0,0,5,1,12,0
57591,57,242,1203,876,243,29,40,15,32,43,729,726,211
76591,76,61,340,291,80,19,9,2,16,8,278,224,78
60591,60,50,246,157,41,13,4,3,37,6,142,134,32
27591,27,14,73,57,18,2,7,3,2,3,51,49,10
21591,21,23,91,87,17,2,6,2,2,0,72,88,26
78591,78,33,124,262,60,5,1,0,18,15,160,244,56
59591,59,25,116,73,18,8,1,0,0,5,80,68,22
51591,51,9,27,27,7,4,2,0,0,0,6,29,1
25591,25,3,20,16,7,2,0,2,8,5,14,12,2
54591,54,4,35,29,14,0,3,0,23,0,28,30,5
31592,31,41,143,224,80,7,13,0,20,11,200,153,78
62592,62,19,95,43,15,6,0,0,0,0,54,41,9
80592,80,13,94,60,18,0,6,0,0,1,51,52,12
02592,02,6,37,23,3,6,2,0,0,3,7,18,0
57592,57,15,46,32,8,2,0,5,6,7,29,33,11
76592,76,21,89,90,30,7,13,1,0,10,67,72,31
27592,27,3,41,27,8,0,7,0,0,6,16,20,11
60592,60,21,93,67,11,6,3,0,17,8,55,53,12
14592,14,38,140,156,40,7,3,4,0,0,112,142,48
21592,21,5,24,26,8,3,0,2,17,0,17,24,3
95592,95,28,103,143,48,3,4,5,0,8,131,118,48
50592,50,58,237,254,69,9,14,2,17,7,165,222,67
59592,59,93,547,372,98,7,22,1,13,16,416,340,117
51592,51,4,40,24,9,0,0,0,10,3,22,28,10
25592,25,16,72,61,18,1,4,0,0,8,52,59,17
54592,54,7,32,36,6,5,3,4,0,2,21,25,6
31593,31,2,2,16,6,0,0,1,0,0,3,9,5
80593,80,9,39,29,8,0,0,0,2,0,24,22,11
62593,62,0,22,11,0,0,0,0,0,5,5,8,3
02593,02,29,208,102,20,8,4,0,3,0,90,99,18
57593,57,34,140,111,21,1,11,0,17,0,81,87,20
14593,14,11,59,89,18,0,9,3,16,0,55,73,20
76593,76,17,84,70,25,8,0,5,0,6,55,56,25
27593,27,38,219,146,36,3,14,0,27,11,132,157,39
60593,60,3,20,22,2,4,5,0,0,0,16,9,3
21593,21,0,13,10,5,0,0,0,0,1,7,13,3
91593,91,61,139,234,46,1,10,6,5,10,173,147,57
50593,50,15,51,65,13,7,3,6,0,6,49,59,15
59593,59,14,118,82,19,0,6,0,12,7,77,63,17
54593,54,5,38,43,16,0,2,0,0,0,32,30,15
62594,62,9,56,34,10,5,3,3,0,0,20,19,11
02594,02,1,36,15,2,0,1,0,1,0,14,21,2
57594,57,1,9,10,4,0,0,0,7,2,8,7,3
76594,76,36,159,148,46,0,9,0,0,7,159,109,36
27594,27,13,43,33,5,2,6,1,0,3,16,20,3
60594,60,9,53,35,6,6,0,0,0,7,29,29,8
21594,21,8,16,27,3,3,0,0,11,0,12,15,0
95594,95,20,81,126,36,1,3,1,5,5,116,84,36
50594,50,26,93,123,29,3,12,2,3,0,87,95,28
59594,59,28,146,103,24,4,4,0,0,6,91,87,31
51594,51,1,0,11,6,0,4,2,0,5,0,1,0
25594,25,3,37,30,10,4,0,2,4,0,33,31,5
54594,54,0,13,12,2,4,0,3,8,0,16,15,5
80595,80,7,36,29,11,0,0,0,9,3,19,22,5
62595,62,30,176,93,28,3,7,2,5,2,107,76,27
02595,02,6,30,9,8,0,6,4,0,0,3,7,6
57595,57,0,8,8,0,1,3,2,0,0,0,3,0
14595,14,7,20,33,3,3,3,0,5,4,24,26,4
76595,76,49,234,206,61,8,8,8,6,10,184,174,52
27595,27,24,121,79,16,3,5,0,20,0,76,83,25
60595,60,10,58,39,5,0,3,4,1,6,29,36,12
21595,21,5,14,16,7,5,0,0,6,0,19,13,7
59595,59,19,76,51,12,6,6,4,0,0,43,46,20
51595,51,0,15,11,7,3,5,0,0,6,0,18,0
25595,25,5,9,13,9,0,1,0,0,6,1,19,2
54595,54,10,70,56,10,0,3,0,5,0,58,48,14
62596,62,11,50,23,4,0,0,0,0,2,26,13,10
80596,80,7,36,24,10,6,6,0,0,3,13,12,2
02596,02,11,123,54,9,1,2,0,6,0,58,53,19
57596,57,26,108,75,17,0,8,0,0,4,66,59,17
76596,76,39,176,150,44,2,14,6,0,5,156,136,48
60596,60,4,30,27,4,0,2,2,6,1,14,19,4
21596,21,14,36,47,5,6,3,0,0,0,25,40,7
50596,50,14,32,41,9,3,5,0,0,5,20,29,10
59596,59,16,93,66,22,3,3,4,0,4,41,55,12
51596,51,7,50,34,13,0,0,1,0,1,20,38,8
25596,25,3,0,10,3,1,0,1,0,4,0,0,6
54596,54,16,99,75,22,0,9,5,3,6,78,57,29
62597,62,4,37,25,11,0,6,0,0,0,27,12,12
80597,80,19,137,82,23,7,5,0,9,3,70,70,15
57597,57,76,353,247,59,5,10,5,32,11,219,218,67
76597,76,21,77,66,22,1,0,0,12,0,67,55,20
27597,27,16,86,63,18,3,6,1,3,7,45,48,9
60597,60,46,266,172,35,3,4,0,0,4,146,156,35
21597,21,0,0,11,6,0,0,3,0,0,0,5,6
78597,78,10,36,94,18,0,0,1,2,4,57,89,17
59597,59,12,99,66,14,2,3,1,10,3,78,66,16
50597,50,26,91,115,25,7,9,0,0,0,58,95,26
51597,51,5,40,27,7,0,0,0,21,1,28,33,3
25597,25,3,29,20,2,2,0,1,18,5,15,23,3
54597,54,10,48,48,12,7,5,2,2,0,43,30,18
62598,62,20,108,50,15,4,0,4,5,0,61,37,10
80598,80,38,207,154,33,7,11,1,0,9,104,99,24
02598,02,16,144,69,10,5,1,3,1,8,67,60,11
57598,57,65,288,223,58,8,13,0,27,8,197,172,48
14598,14,10,19,28,11,0,3,4,9,0,18,20,4
76598,76,16,55,52,13,1,6,0,0,7,44,49,13
27598,27,33,173,113,29,2,3,3,29,7,105,111,34
60598,60,28,144,90,25,0,7,0,2,2,78,89,28
21598,21,9,20,28,1,3,0,3,0,0,0,26,10
95598,95,332,1257,1848,484,40,56,21,108,105,1798,1374,509
50598,50,6,36,41,5,0,0,5,0,1,12,38,13
59598,59,103,640,448,115,18,22,8,23,7,465,394,130
51598,51,10,59,44,8,5,3,1,9,3,25,41,7
25598,25,17,56,48,14,0,7,3,0,7,12,54,17
54598,54,7,24,22,12,3,0,0,5,0,16,16,12
62599,62,1,42,17,11,0,0,0,0,0,29,23,2
80599,80,10,43,34,8,0,1,0,0,0,14,27,8
02599,02,3,40,15,6,0,4,0,0,0,23,23,3
57599,57,11,55,35,7,0,1,2,14,0,28,35,14
76599,76,74,419,348,107,9,21,1,71,12,348,284,112
27599,27,31,141,97,26,5,2,1,1,9,93,98,25
60599,60,2,39,25,8,1,0,0,0,2,23,22,10
21599,21,69,244,273,68,14,5,0,13,6,193,252,67
91599,91,41,96,165,46,0,6,5,13,10,140,105,35
50599,50,39,143,177,39,6,9,6,8,4,132,157,44
59599,59,1855,11136,7869,2223,335,410,94,367,365,8007,6529,2237
51599,51,5,37,36,12,0,5,0,8,0,21,31,3
25599,25,7,31,25,10,6,1,0,0,5,0,25,7
54599,54,2,12,16,6,0,3,0,0,4,11,6,7
80600,80,15,104,81,20,4,0,0,13,2,73,55,13
62600,62,9,34,10,2,1,3,4,0,0,7,11,9
02600,02,6,71,34,12,7,2,0,0,0,21,33,4
57600,57,39,179,133,25,1,1,0,22,4,115,115,35
76600,76,41,195,161,48,1,11,4,10,11,170,132,41
60600,60,20,105,63,15,2,7,6,0,4,41,59,16
21600,21,9,9,21,4,0,6,4,0,0,7,8,4
91600,91,228,528,817,196,26,34,11,71,48,673,584,205
59600,59,25,126,79,23,0,6,0,0,6,79,62,29
51600,51,7,24,10,4,2,4,3,0,3,2,8,0
25600,25,7,23,17,5,0,5,0,0,2,5,19,2
54600,54,0,14,18,8,0,0,0,0,1,10,8,2
976601,976,62,536,390,84,25,39,24,18,21,145,666,87
80601,80,9,56,47,11,2,4,0,0,0,31,37,13
62601,62,10,29,15,5,0,4,5,2,5,14,15,4
02601,02,5,38,10,0,0,0,4,1,0,13,20,2
57601,57,41,232,162,37,8,7,2,0,13,147,131,35
14601,14,3,20,25,7,1,6,1,0,0,16,26,4
76601,76,5,23,22,6,0,3,1,2,4,18,21,10
27601,27,12,63,33,11,2,0,0,0,3,27,39,14
60601,60,20,138,80,23,9,1,2,13,2,77,68,18
21601,21,6,15,14,0,0,1,5,2,6,10,8,0
78601,78,40,95,227,58,10,12,11,0,12,71,205,56
50601,50,125,454,523,131,24,29,1,12,10,304,459,142
59601,59,64,352,241,66,13,11,10,0,9,220,214,71
51601,51,8,24,20,9,3,0,4,0,0,1,19,5
25601,25,33,160,137,40,4,13,6,17,6,105,127,34
54601,54,4,18,20,8,0,0,4,0,0,4,16,0
976602,976,92,877,640,141,27,62,8,82,31,276,1037,132
54602,54,3,16,15,5,0,4,0,0,6,0,15,7
62602,62,0,40,14,2,4,0,0,5,0,23,14,9
80602,80,9,16,13,1,0,0,1,5,3,8,14,7
02602,02,39,249,120,25,12,9,1,16,4,114,126,27
57602,57,77,350,251,59,14,17,13,16,17,206,225,72
14602,14,9,21,27,3,5,0,3,8,1,18,23,4
76602,76,18,68,58,11,4,5,0,0,0,55,48,22
27602,27,148,742,503,123,21,35,2,27,20,379,469,129
60602,60,7,7,6,0,2,0,0,0,3,0,9,3
21602,21,2,0,2,1,0,5,0,0,0,4,7,0
91602,91,6,26,34,5,1,4,1,22,0,34,21,8
59602,59,29,177,136,40,7,10,6,0,11,125,119,43
51602,51,0,11,10,1,0,2,0,0,2,0,10,3
25602,25,9,13,19,8,1,1,2,0,2,0,15,7
976603,976,92,731,498,119,37,54,31,44,18,145,874,107
62603,62,23,165,97,31,6,3,1,0,7,70,71,26
80603,80,8,46,37,8,0,7,1,5,3,32,31,3
57603,57,28,130,100,24,0,8,4,7,3,93,80,28
14603,14,16,43,55,16,0,0,0,17,0,48,41,16
76603,76,10,54,42,10,3,1,0,4,5,44,43,12
27603,27,14,43,34,5,5,4,0,0,6,13,26,10
60603,60,21,122,90,20,7,3,3,4,0,79,76,16
21603,21,102,398,426,105,15,11,11,26,18,314,393,98
50603,50,27,99,100,32,7,11,0,0,8,59,92,31
59603,59,147,884,627,165,21,29,0,63,15,646,533,177
51603,51,6,24,20,5,6,5,0,0,6,7,24,1
976604,976,74,729,535,109,21,38,22,32,40,191,890,99
62604,62,95,713,397,107,22,15,10,53,12,395,325,102
80604,80,0,13,15,4,0,0,0,0,0,4,9,5
02604,02,4,20,3,3,0,2,0,0,3,0,6,5
57604,57,22,74,63,11,0,2,5,0,7,46,50,18
76604,76,0,20,27,9,1,5,2,0,1,10,18,10
27604,27,7,30,12,3,6,1,0,0,0,2,21,7
60604,60,12,48,31,5,6,0,4,0,0,9,23,2
21604,21,6,14,14,7,0,6,0,7,6,9,10,1
95604,95,59,240,356,91,11,4,5,25,14,325,264,100
59604,59,23,110,72,26,4,7,0,0,5,69,66,18
50604,50,25,73,89,25,8,1,0,2,2,61,81,24
51604,51,8,41,28,3,0,0,0,11,0,17,32,4
25604,25,0,13,20,1,0,2,0,0,5,5,19,6
976605,976,80,873,608,131,36,71,31,22,49,205,1033,135
62605,62,0,1,0,4,0,5,0,0,5,0,6,1
80605,80,1,27,25,6,6,6,3,0,3,10,13,7
02605,02,9,38,23,0,0,6,4,0,4,0,21,4
57605,57,9,57,34,12,5,1,0,0,2,36,24,7
14605,14,9,46,52,11,1,1,1,3,4,31,37,20
27605,27,11,32,30,11,4,2,0,0,0,7,27,11
76605,76,14,58,55,9,3,0,0,11,4,49,36,10
60605,60,7,54,29,7,5,5,0,0,5,28,33,5
21605,21,66,251,262,62,0,12,1,5,15,195,235,59
78605,78,18,62,137,32,6,2,0,19,8,91,133,29
59605,59,32,173,128,35,2,2,6,11,10,129,113,42
51605,51,19,77,55,8,0,2,0,0,0,35,58,13
25605,25,14,47,50,7,0,7,0,0,7,27,48,9
976606,976,89,817,588,117,21,56,25,60,31,232,981,120
21606,21,38,180,197,43,5,15,0,41,2,137,183,49
02606,02,7,14,2,7,0,5,0,0,1,3,4,0
78606,78,0,0,5,6,0,1,4,1,0,8,2,0
76606,76,8,25,15,5,2,3,0,0,2,27,18,2
62606,62,38,276,132,47,5,13,0,2,3,143,108,44
80606,80,32,180,129,26,2,1,3,0,7,83,96,21
57606,57,432,2031,1491,358,60,99,30,101,89,1183,1233,372
14606,14,10,24,32,4,0,2,4,0,0,17,19,5
27606,27,19,58,39,10,0,0,0,6,3,38,45,16
50606,50,11,49,55,17,5,0,4,2,2,45,49,14
59606,59,719,4337,3102,862,84,155,54,234,157,3155,2576,846
976607,976,79,740,520,125,28,45,23,56,28,189,893,124
50607,50,6,29,42,15,4,3,0,4,0,30,35,13
62607,62,6,9,9,6,3,0,1,0,0,0,0,1
80607,80,2,35,20,8,4,5,1,0,5,11,26,10
02607,02,0,16,12,1,2,4,1,0,1,4,4,0
14607,14,7,22,19,2,5,2,2,0,2,7,12,3
57607,57,24,103,85,20,2,0,6,5,1,77,63,23
21607,21,60,239,238,51,7,14,9,13,15,167,217,62
95607,95,462,1910,2788,754,58,99,32,196,125,2645,2050,779
59607,59,10,69,45,12,5,4,5,0,3,38,41,17
51607,51,2,37,17,8,0,0,0,1,1,16,24,9
25607,25,4,4,7,0,0,0,0,9,4,5,2,1
976608,976,117,1063,753,160,45,91,29,9,56,286,1255,171
60608,60,0,13,14,8,0,5,0,0,0,8,9,0
78608,78,6,0,21,8,5,3,0,0,5,0,8,5
25608,25,1,18,17,1,2,4,0,17,2,11,16,0
62608,62,6,30,14,4,0,4,0,0,2,0,15,9
02608,02,8,78,43,14,0,5,0,0,0,24,38,13
27608,27,19,60,42,7,0,7,0,13,0,35,48,11
76608,76,41,245,219,63,5,9,0,14,6,210,170,53
21608,21,2,6,8,5,3,0,2,7,0,4,5,7
59608,59,18,136,91,35,3,9,3,13,5,114,82,25
51608,51,8,8,12,5,0,0,0,1,0,5,5,3
976609,976,88,640,474,91,28,46,13,12,55,149,785,100
62609,62,35,272,147,34,7,4,0,6,6,159,124,46
80609,80,5,61,36,5,0,3,5,11,3,42,25,6
02609,02,3,0,6,0,0,0,0,0,3,0,0,5
57609,57,1,23,21,0,0,0,0,2,4,15,8,0
14609,14,10,58,63,22,3,8,5,0,0,39,51,12
27609,27,13,48,33,12,0,0,0,0,0,27,25,7
76609,76,12,44,35,6,2,3,0,0,0,24,33,12
60609,60,20,135,80,24,9,6,4,5,3,71,69,24
21609,21,9,57,60,12,0,0,3,10,1,45,47,18
78609,78,18,59,136,39,6,4,0,0,5,74,130,35
50609,50,7,11,14,9,0,6,0,5,5,11,10,0
59609,59,36,228,164,43,4,3,0,16,11,163,133,53
51609,51,22,118,78,13,3,1,3,20,0,58,79,21
25609,25,15,37,42,8,0,0,3,7,6,28,43,8
976610,976,115,1136,791,188,40,72,19,98,55,352,1381,179
62610,62,20,98,46,13,0,0,0,6,7,55,35,19
02610,02,16,117,63,9,0,6,0,10,7,50,54,10
57610,57,11,46,34,6,6,3,0,0,5,13,21,12
14610,14,47,182,216,65,12,8,7,0,6,138,178,70
27610,27,4,9,8,5,0,0,0,1,3,2,2,3
76610,76,39,190,170,50,1,12,7,0,6,171,130,48
60610,60,15,123,73,19,8,0,0,0,0,69,72,21
21610,21,12,33,35,10,0,6,1,0,3,24,33,8
95610,95,10,28,38,7,0,1,5,0,0,25,32,5
50610,50,5,16,29,11,0,0,2,0,6,11,16,5
59610,59,22,132,82,25,9,5,0,0,1,97,81,30
51610,51,13,55,42,12,0,7,0,7,2,35,41,10
25611,25,15,48,53,15,2,0,5,0,0,33,52,12
976611,976,318,2850,1984,493,116,182,58,147,144,740,3404,495
62611,62,14,98,44,20,0,6,0,3,6,48,45,8
80611,80,20,124,82,19,2,9,5,0,0,62,65,14
57611,57,3,31,23,9,3,0,0,0,2,12,18,6
76611,76,5,39,41,6,4,7,0,5,0,35,24,12
27611,27,6,48,25,5,2,3,0,6,0,31,25,3
60611,60,14,103,56,12,6,6,0,0,4,56,63,18
21611,21,17,99,102,21,0,5,0,11,8,83,89,25
95611,95,3,0,7,3,0,0,2,0,0,0,0,1
59611,59,60,328,226,58,8,9,1,34,11,233,193,70
51611,51,14,39,29,8,0,0,0,2,0,25,27,12
51612,51,80,432,338,62,12,31,14,6,21,183,336,78
95612,95,56,256,359,96,10,3,7,36,21,349,283,107
976612,976,104,996,679,163,28,49,32,96,56,260,1138,143
62612,62,8,107,58,13,2,3,0,0,2,47,45,16
02612,02,1,22,18,0,0,3,4,0,3,11,18,0
57612,57,10,34,27,9,0,6,0,0,0,15,24,1
76612,76,11,23,22,11,5,1,0,0,6,19,19,6
27612,27,9,45,27,12,6,3,1,2,1,30,31,5
60612,60,355,2026,1298,310,63,65,16,119,70,1079,1156,295
21612,21,0,12,16,5,0,0,0,0,0,3,12,0
50612,50,18,75,90,21,7,1,2,6,6,69,82,19
59612,59,17,80,58,17,1,7,0,0,7,29,40,16
25612,25,12,77,74,19,0,6,6,0,0,46,68,18
91613,91,7,22,30,4,1,4,1,0,5,3,20,7
976613,976,89,721,523,117,27,43,20,78,31,178,880,101
62613,62,22,135,69,15,2,2,0,13,6,67,49,16
80613,80,18,90,60,19,0,0,0,31,0,51,45,11
02613,02,9,80,38,6,5,0,4,5,7,40,31,10
57613,57,9,40,30,4,5,0,3,4,0,31,20,13
14613,14,7,9,11,0,0,0,2,9,0,13,8,1
76613,76,22,84,75,16,7,2,0,14,0,76,53,20
27613,27,7,53,37,4,1,5,0,0,0,28,32,4
60613,60,10,46,27,11,2,6,3,0,1,16,25,8
21613,21,1,19,25,8,4,0,0,1,0,11,24,9
50613,50,12,37,56,7,4,0,5,0,0,26,46,19
51613,51,22,121,89,21,4,8,2,23,6,76,94,16
59613,59,32,177,108,32,2,5,0,0,7,118,107,30
25613,25,4,7,14,0,0,0,0,4,4,10,12,0
62614,62,20,95,49,16,4,0,4,2,5,53,40,19
976614,976,62,668,483,117,35,46,23,84,40,193,811,115
80614,80,4,46,37,6,4,5,4,0,0,26,25,5
02614,02,10,47,19,8,2,0,0,7,0,19,23,4
57614,57,10,42,28,10,0,0,1,10,7,27,21,5
76614,76,38,192,169,49,8,9,3,5,2,184,129,59
14614,14,17,90,95,29,6,0,6,7,8,82,79,30
27614,27,3,20,21,5,4,0,0,0,0,9,16,5
60614,60,9,40,28,6,6,0,0,0,0,13,15,8
21614,21,6,34,50,7,0,1,0,16,2,36,35,7
51614,51,24,131,94,28,0,4,1,6,9,69,115,20
59614,59,36,180,124,41,1,10,0,14,4,152,116,35
25614,25,66,296,266,66,3,9,1,17,10,230,269,70
62615,62,6,56,33,9,0,0,0,0,0,22,26,10
80615,80,7,69,47,14,0,0,4,0,4,37,28,7
976615,976,81,711,494,103,23,48,13,12,37,184,878,119
02615,02,14,63,35,12,0,0,3,0,4,8,33,10
57615,57,19,118,87,25,1,8,0,6,4,85,70,27
76615,76,15,84,67,14,0,9,4,9,0,66,51,25
27615,27,6,17,19,4,0,1,1,0,5,0,21,9
21615,21,4,29,35,10,6,0,5,0,0,15,28,10
60615,60,0,24,13,0,0,6,0,0,3,6,8,0
78615,78,9,65,118,35,5,2,2,3,9,54,127,25
50615,50,179,687,812,222,30,50,17,43,23,544,724,224
59615,59,63,345,248,56,2,22,8,8,14,260,210,77
25615,25,12,61,49,11,0,0,3,0,1,37,53,19
27616,27,56,273,197,47,5,9,1,37,14,158,179,47
50616,50,61,203,254,71,7,12,2,50,2,168,214,60
62616,62,8,41,20,2,0,6,0,0,2,11,13,7
80616,80,5,30,19,6,5,0,0,0,6,0,19,4
02616,02,8,29,17,0,3,2,0,2,0,20,21,0
976616,976,119,966,694,170,36,71,26,21,53,250,1182,161
57616,57,104,477,359,84,11,29,8,24,26,303,288,91
76616,76,41,190,180,44,5,10,2,15,4,176,144,41
60616,60,83,419,275,61,12,23,10,0,15,171,240,65
21616,21,1,28,26,3,2,0,0,0,5,21,23,5
78616,78,23,78,160,36,0,0,0,17,10,89,163,40
59616,59,242,1361,935,257,40,42,22,67,38,933,802,277
25616,25,12,28,27,3,0,2,0,0,4,17,32,12
51616,51,5,41,31,3,6,4,0,5,0,20,28,9
51617,51,22,84,63,15,7,5,0,0,0,33,57,7
62617,62,261,1878,967,266,53,62,38,134,20,987,779,282
80617,80,1,37,26,1,0,6,0,0,5,11,22,7
02617,02,7,81,47,9,0,4,0,13,5,43,32,5
57617,57,5,51,36,5,0,6,4,0,1,23,27,11
76617,76,46,234,200,59,8,9,5,0,13,212,161,63
27617,27,7,75,45,12,7,5,4,6,5,35,37,10
60617,60,12,38,23,9,3,1,2,0,0,20,31,9
21617,21,248,1039,1082,258,34,34,12,41,42,731,977,274
91617,91,128,279,476,123,11,20,6,2,25,376,308,125
976617,976,103,770,539,125,34,56,28,19,31,132,907,120
50617,50,8,32,41,13,4,2,0,0,0,24,34,9
59617,59,8,79,59,12,5,0,0,29,1,67,44,11
25617,25,9,48,37,16,0,0,1,4,0,41,41,10
51618,51,5,26,20,5,0,0,0,11,0,12,25,9
62618,62,31,189,93,28,7,3,0,9,9,103,73,28
80618,80,27,168,124,30,9,8,2,16,3,82,93,20
76618,76,205,1152,1029,287,32,77,34,67,69,870,813,292
02618,02,15,115,54,9,1,5,2,14,0,50,58,11
57618,57,14,97,65,22,4,0,0,0,9,67,62,21
27618,27,13,64,52,9,0,8,0,0,6,32,45,9
60618,60,9,44,24,2,0,4,0,6,4,27,19,5
21618,21,12,56,67,22,6,3,6,0,3,33,65,18
78618,78,7,29,68,24,0,3,1,0,5,42,78,20
50618,50,13,32,36,14,2,0,0,0,2,15,28,10
59618,59,18,91,63,13,4,0,0,24,0,75,50,22
25618,25,7,44,35,9,0,7,1,0,2,37,45,5
50619,50,11,34,38,14,2,0,4,0,5,16,39,14
51619,51,1,10,11,2,2,5,0,0,2,6,13,3
25619,25,4,26,27,7,1,2,0,0,4,2,18,10
62619,62,4,27,21,9,0,0,0,0,0,8,8,9
80619,80,17,97,66,15,5,5,0,0,0,61,56,14
02619,02,13,64,31,6,2,0,0,0,4,16,35,12
57619,57,12,61,43,13,0,1,0,22,0,47,41,7
76619,76,9,37,23,12,0,6,0,0,0,17,30,12
14619,14,0,11,10,8,0,2,2,3,0,8,13,1
60619,60,21,142,89,22,2,7,2,16,10,88,83,25
21619,21,8,19,28,6,5,0,0,0,4,9,29,7
91619,91,7,25,33,11,2,4,0,0,0,26,19,14
59619,59,21,141,101,26,0,1,4,0,6,90,77,24
62620,62,33,247,135,46,7,6,4,16,10,140,114,37
02620,02,13,65,29,7,1,2,0,13,0,35,29,5
80620,80,179,1044,781,155,36,55,15,37,18,582,588,162
14620,14,16,52,60,12,0,0,1,0,1,42,44,22
76620,76,5,33,33,14,0,4,3,0,0,32,31,4
57620,57,116,553,405,109,19,20,11,20,11,346,337,111
27620,27,12,77,48,8,0,6,1,1,6,39,53,7
60620,60,8,75,40,6,6,2,0,16,0,34,47,10
21620,21,1,22,27,9,0,0,5,0,0,13,21,6
78620,78,29,67,167,37,7,7,3,0,7,96,160,40
51620,51,3,20,22,9,4,4,3,0,0,13,19,1
25620,25,4,37,29,12,6,7,0,0,3,29,29,10
59620,59,9,90,64,16,0,8,0,0,6,61,47,23
80621,80,21,108,58,14,4,7,3,24,5,50,42,4
62621,62,35,245,130,32,10,10,2,34,1,131,104,32
02621,02,6,65,36,6,0,0,0,20,0,29,31,5
76621,76,26,138,124,33,0,3,0,44,3,123,98,37
14621,14,19,57,64,18,0,3,2,1,4,47,48,18
57621,57,1,15,12,2,0,1,1,0,2,10,14,4
27621,27,1,21,15,6,1,0,0,10,1,14,13,0
60621,60,0,19,5,0,0,0,0,20,0,6,4,0
78621,78,383,1141,2445,577,42,66,31,80,84,1349,2344,579
50621,50,0,5,14,2,2,0,5,0,0,1,11,2
51621,51,9,66,52,12,4,4,0,12,0,36,54,8
25621,25,5,26,18,9,0,5,5,0,0,9,17,3
62622,62,2,40,18,1,1,0,0,13,0,16,14,5
80622,80,28,149,120,28,1,10,0,4,5,100,79,23
02622,02,3,3,0,0,5,0,0,0,0,0,8,6
14622,14,1,16,10,0,0,0,2,14,0,9,14,0
76622,76,5,36,42,13,0,0,0,0,0,39,30,15
57622,57,50,248,194,56,4,9,5,6,6,172,166,53
27622,27,50,275,191,43,6,8,6,0,13,159,179,45
60622,60,17,80,47,16,0,7,0,0,3,29,48,9
21622,21,9,24,33,11,3,0,0,0,6,16,29,2
51622,51,13,68,47,16,0,1,5,0,5,13,52,16
25622,25,4,34,38,8,0,0,2,0,4,13,34,11
59622,59,24,152,104,28,6,5,6,16,6,110,91,37
78623,78,15,44,106,27,0,7,1,9,9,60,111,22
62623,62,19,97,52,14,5,6,0,8,4,52,49,15
80623,80,7,43,41,6,8,5,3,0,5,13,22,13
02623,02,0,12,14,7,0,0,2,0,5,1,8,3
14623,14,70,254,330,83,13,8,0,15,9,243,251,101
76623,76,6,21,11,0,5,0,0,0,1,8,14,6
57623,57,13,86,74,20,6,5,1,12,4,56,53,16
60623,60,24,139,100,26,2,1,0,0,7,87,86,23
27623,27,13,60,50,12,4,0,1,0,7,33,41,11
21623,21,43,169,192,37,12,4,5,0,13,137,174,52
51623,51,7,51,30,4,0,6,0,0,2,20,40,8
25623,25,0,8,15,0,0,1,3,0,6,13,18,0
59623,59,9,91,66,22,0,0,4,7,0,62,55,23
50624,50,20,55,61,18,3,5,0,0,4,25,48,18
62624,62,135,876,483,136,34,34,13,8,21,440,358,141
80624,80,2,51,26,2,0,0,2,12,0,32,23,2
02624,02,10,51,27,7,5,4,0,0,4,0,18,10
76624,76,85,424,385,94,20,26,6,11,10,395,303,106
57624,57,22,102,73,21,3,2,0,0,1,60,60,14
60624,60,2,31,26,0,0,4,2,1,0,18,16,8
27624,27,25,141,95,19,2,9,0,1,3,77,94,26
21624,21,4,15,15,7,0,0,3,0,5,3,11,6
78624,78,215,696,1596,384,35,32,10,45,68,804,1470,383
51624,51,13,92,65,15,7,7,1,15,4,47,72,15
25624,25,2,17,16,1,5,0,0,3,3,20,15,5
59624,59,50,265,185,49,8,9,5,0,4,174,160,47
62625,62,0,8,11,0,0,0,0,0,1,6,3,5
02625,02,9,32,13,1,0,2,0,3,5,8,10,1
14625,14,21,83,97,29,0,2,1,0,0,67,82,22
57625,57,9,14,22,9,5,3,5,0,3,0,10,4
27625,27,12,43,22,8,3,0,0,0,0,19,25,2
60625,60,17,77,51,14,0,2,4,8,7,51,43,9
21625,21,3,7,12,8,0,0,3,0,0,0,12,8
80625,80,35,210,141,21,11,13,11,14,4,86,115,27
95625,95,33,109,146,41,0,4,0,9,6,141,120,37
51625,51,3,31,32,6,0,6,0,3,0,19,25,6
59625,59,14,57,32,7,6,0,3,0,0,45,30,10
25625,25,1,11,7,0,0,0,0,2,0,8,4,1
51626,51,7,23,10,0,0,0,4,0,1,6,15,4
62626,62,65,377,210,48,8,19,3,0,4,173,160,62
80626,80,14,52,46,11,0,6,0,0,6,12,30,11
02626,02,6,75,34,3,0,0,5,7,2,30,32,4
14626,14,30,96,126,39,9,5,5,0,7,74,110,32
76626,76,11,61,45,10,6,4,1,0,6,44,40,14
57626,57,22,75,64,17,0,4,0,0,8,54,44,9
60626,60,11,103,61,10,1,0,4,23,6,49,49,15
21626,21,0,13,11,6,0,4,0,0,4,0,4,5
50626,50,11,41,40,11,0,1,0,0,6,28,34,11
59626,59,31,168,111,27,7,1,5,0,8,109,98,34
25626,25,7,30,20,3,0,0,0,13,4,14,18,9
27627,27,3,42,24,10,0,6,2,0,0,10,23,11
62627,62,12,126,67,15,0,0,0,24,5,63,52,16
80627,80,20,158,108,19,3,5,5,0,6,91,81,26
02627,02,5,25,9,1,0,0,0,4,3,7,9,6
14627,14,8,37,57,9,0,0,3,11,0,37,37,19
76627,76,31,181,147,49,11,5,0,5,7,150,119,43
57627,57,13,60,43,7,0,4,0,0,7,28,34,5
60627,60,6,40,28,10,5,4,0,9,0,22,20,7
21627,21,2,11,11,6,0,0,0,12,1,16,12,0
95627,95,17,47,69,19,6,0,0,0,2,61,48,19
51627,51,10,50,37,3,4,0,4,0,4,20,45,4
59627,59,19,120,80,18,7,7,0,0,8,92,78,21
25627,25,5,25,25,5,2,0,0,15,0,27,22,12
80628,80,20,107,77,21,3,4,0,0,0,46,58,9
62628,62,145,1006,554,152,36,14,17,19,26,550,415,137
02628,02,3,43,21,8,5,5,0,0,0,0,20,10
76628,76,17,93,80,23,5,2,4,18,1,80,59,23
57628,57,110,537,386,98,14,23,2,43,21,284,307,91
60628,60,29,144,95,20,5,3,3,20,1,78,90,24
21628,21,7,0,6,8,0,1,4,0,0,0,13,6
95628,95,25,103,151,46,0,7,4,3,6,145,118,36
50628,50,0,13,19,5,2,6,0,0,0,9,13,10
51628,51,0,18,18,0,3,4,1,0,2,11,16,0
59628,59,10,81,56,13,3,5,2,0,6,41,50,20
62629,62,1,23,17,6,3,4,2,0,3,0,13,4
80629,80,1,26,17,2,0,0,2,0,0,13,8,0
02629,02,3,45,28,9,0,0,0,0,0,27,27,3
76629,76,4,35,21,8,6,5,0,0,0,28,27,3
57629,57,22,108,71,24,6,10,0,3,7,64,62,18
27629,27,48,247,173,40,10,12,2,0,6,126,145,46
21629,21,10,36,34,7,0,3,0,7,0,24,32,10
60629,60,8,36,21,4,0,0,0,0,0,11,23,6
91629,91,20,53,82,26,0,7,6,0,0,49,50,20
50629,50,19,56,77,23,4,0,6,5,0,46,64,20
51629,51,28,108,77,15,3,6,2,0,1,54,94,18
25629,25,3,33,30,8,5,2,0,0,1,11,31,6
59629,59,28,178,125,39,1,7,0,20,1,150,114,45
91630,91,57,130,201,51,9,11,0,0,10,159,145,60
62630,62,9,49,24,11,0,0,0,2,1,20,22,7
80630,80,52,305,220,49,4,16,6,22,9,203,158,42
14630,14,15,69,102,32,0,6,0,0,4,60,86,31
76630,76,3,26,24,3,0,6,0,0,5,29,23,10
57630,57,283,1393,1039,247,50,60,19,97,60,854,866,265
60630,60,1,25,13,0,0,0,0,15,3,11,21,9
27630,27,8,42,35,13,5,0,0,0,0,18,31,13
21630,21,9,19,31,10,6,0,0,0,1,11,20,5
51630,51,10,42,29,5,3,0,0,9,0,25,30,11
25630,25,1,13,5,1,2,0,0,5,3,7,9,0
59630,59,65,363,235,66,9,11,1,11,2,266,217,68
62631,62,5,68,33,15,4,6,3,0,2,42,30,6
80631,80,5,13,10,1,0,1,2,0,0,15,13,5
02631,02,14,60,36,3,3,4,0,8,1,27,32,9
76631,76,37,179,131,42,1,9,4,0,1,147,116,44
57631,57,517,2537,1887,456,84,141,53,107,95,1487,1535,484
60631,60,31,156,102,26,0,4,5,7,1,102,97,22
27631,27,12,38,27,13,5,4,0,1,0,24,25,13
21631,21,4,2,5,7,2,0,2,0,0,0,7,4
91631,91,71,186,287,70,0,13,1,43,11,228,205,78
51631,51,9,31,28,4,5,4,2,0,0,10,27,7
25631,25,18,63,71,18,0,6,3,0,0,54,59,20
59631,59,37,275,201,57,5,6,3,12,3,216,174,56
27632,27,7,68,41,10,0,7,2,0,5,27,43,8
62632,62,8,62,29,9,0,0,0,0,0,24,25,12
80632,80,49,302,224,41,20,13,4,21,9,198,168,47
02632,02,1,6,9,0,0,0,0,7,0,8,1,0
76632,76,12,36,27,14,1,7,2,0,1,21,24,13
60632,60,20,110,79,14,8,5,3,0,11,58,74,22
21632,21,29,118,117,31,1,2,3,13,6,82,113,27
51632,51,3,36,23,9,5,6,0,0,5,8,27,10
25632,25,75,353,333,82,6,21,5,0,22,246,288,85
59632,59,117,692,515,143,9,33,8,33,24,512,416,130
50633,50,2,15,12,2,5,2,2,0,0,12,9,7
27633,27,18,63,52,11,0,8,0,0,2,33,42,16
62633,62,6,35,27,7,0,1,0,18,0,19,14,1
80633,80,12,87,61,14,0,0,0,25,0,53,43,10
02633,02,5,0,10,4,0,5,0,0,4,0,0,0
57633,57,41,165,129,32,7,3,6,4,9,107,102,36
60633,60,5,40,26,7,0,4,0,30,0,22,21,5
21633,21,4,28,27,3,0,4,0,4,1,18,21,10
95633,95,0,7,6,7,5,0,0,2,4,7,6,0
51633,51,10,37,32,5,0,0,2,14,2,17,28,2
25633,25,16,68,80,19,2,9,1,0,8,50,67,16
59633,59,3,41,26,7,2,4,5,0,0,12,24,9
62634,62,34,227,124,31,2,2,0,0,7,102,90,33
80634,80,15,136,96,22,4,6,4,3,0,73,73,25
02634,02,2,17,8,0,0,0,0,3,0,10,8,0
76634,76,17,104,83,19,8,0,4,0,3,84,73,26
57634,57,47,229,174,46,5,13,3,15,10,143,137,45
60634,60,14,58,35,14,2,2,0,0,0,37,31,11
21634,21,4,13,14,8,0,0,2,11,0,10,18,1
91634,91,39,100,150,42,0,4,5,14,10,129,115,34
50634,50,0,12,12,3,0,0,3,0,0,4,7,5
51634,51,11,34,28,4,0,0,3,6,0,27,27,9
25634,25,18,78,63,24,6,1,6,0,7,39,71,17
59634,59,18,102,81,18,5,9,0,3,6,91,66,18
27635,27,0,22,16,2,3,6,0,0,0,14,15,1
62635,62,5,43,16,9,1,1,0,9,4,16,14,5
80635,80,32,218,138,35,6,9,3,0,7,113,111,32
02635,02,9,33,14,0,0,0,1,0,0,5,13,7
14635,14,6,17,16,1,2,5,0,2,3,8,18,0
76635,76,0,9,13,5,0,0,5,0,2,0,4,8
57635,57,6,50,39,11,0,7,0,3,6,33,30,12
60635,60,27,117,80,14,3,1,0,0,4,62,74,18
21635,21,1,18,18,9,0,4,0,0,0,12,19,2
91635,91,72,163,257,69,7,10,7,0,11,191,183,60
51635,51,5,10,10,3,5,0,0,0,0,0,16,8
25635,25,7,31,23,1,6,3,0,0,0,19,20,7
59635,59,11,45,32,8,0,7,0,0,6,34,23,14
62636,62,8,37,28,9,0,0,4,0,0,23,15,12
02636,02,0,31,24,1,4,0,4,4,6,16,14,3
76636,76,47,286,256,77,15,16,3,1,7,237,203,79
57636,57,15,50,33,7,1,2,5,0,5,33,27,12
60636,60,107,658,413,100,17,29,6,44,17,387,368,96
21636,21,10,27,31,5,0,0,0,14,1,26,22,3
51636,51,12,77,52,19,4,8,0,0,5,37,61,13
59636,59,244,1491,1046,303,45,47,15,8,54,1045,883,281
62637,62,223,1523,786,247,47,44,13,82,32,819,637,246
80637,80,9,54,34,4,1,4,0,0,5,24,21,5
02637,02,13,59,36,10,4,0,0,0,0,11,32,8
14637,14,2,27,19,7,2,0,0,6,3,21,19,3
76637,76,25,120,99,33,0,3,6,9,1,105,88,30
57637,57,7,49,37,12,6,7,0,0,0,7,29,11
60637,60,11,67,45,7,5,0,2,0,4,17,39,13
21637,21,1,26,27,6,1,6,0,0,0,12,18,3
95637,95,337,1224,1847,490,44,71,26,76,96,1681,1322,499
50637,50,13,28,29,8,0,4,0,9,0,22,31,5
51637,51,9,29,22,10,0,0,0,0,3,15,23,0
59637,59,27,176,124,30,9,5,6,0,4,122,92,37
27638,27,101,545,375,98,23,27,7,13,19,292,320,90
62638,62,30,196,105,27,2,2,0,27,2,107,77,35
80638,80,5,13,17,4,2,0,0,0,0,4,13,5
02638,02,8,33,20,2,2,0,0,11,0,24,12,5
76638,76,28,149,137,40,8,8,2,0,8,130,109,33
57638,57,53,219,181,53,4,13,1,17,3,140,148,48
60638,60,15,108,66,12,0,3,0,32,4,62,59,17
21638,21,30,97,108,32,2,10,5,0,1,82,91,30
78638,78,73,234,573,138,17,21,12,16,18,325,520,127
51638,51,10,36,22,9,5,3,1,0,0,11,23,0
59638,59,36,168,122,36,10,4,0,1,6,131,108,29
51639,51,7,6,8,2,0,0,0,0,2,0,5,0
62639,62,16,66,43,7,7,3,4,4,0,38,27,9
80639,80,24,186,130,24,7,4,3,3,6,100,95,27
02639,02,9,61,26,10,0,2,0,1,3,31,35,9
14639,14,8,27,37,14,0,0,4,0,0,15,32,9
57639,57,19,78,63,12,1,5,0,0,3,40,54,17
21639,21,13,75,76,21,0,0,5,15,3,53,65,13
60639,60,34,190,122,23,9,5,5,0,4,77,105,30
91639,91,38,78,122,35,0,0,0,0,3,95,84,28
50639,50,109,374,445,110,23,29,7,15,12,274,393,106
59639,59,28,151,117,27,7,9,0,12,3,125,88,27
62640,62,9,53,37,7,0,0,4,1,0,36,24,11
80640,80,11,35,21,1,0,0,0,20,0,20,16,5
02640,02,0,13,9,7,5,2,5,0,2,0,11,8
14640,14,2,21,32,6,5,1,0,7,1,17,26,8
76640,76,200,1004,852,237,41,59,21,64,23,847,684,239
57640,57,10,63,45,6,5,7,1,0,6,26,40,14
27640,27,7,30,21,6,0,0,0,0,3,7,26,10
21640,21,9,14,15,4,4,0,0,0,3,15,20,2
60640,60,6,22,20,7,4,0,0,0,3,7,12,4
51640,51,9,31,14,5,2,6,4,0,6,0,21,1
78640,78,358,1172,2578,613,45,44,23,120,91,1459,2426,622
59640,59,18,112,65,27,0,4,0,0,1,74,57,27
27641,27,9,33,32,8,6,1,0,0,6,11,27,3
62641,62,7,44,23,7,0,0,0,0,3,20,13,10
02641,02,2,19,6,5,3,0,2,0,0,9,12,0
76641,76,1,23,19,6,0,4,0,0,5,25,15,4
57641,57,8,45,25,6,5,4,0,0,6,12,24,7
21641,21,3,59,49,8,0,5,8,3,10,45,45,17
60641,60,50,251,160,36,9,6,6,7,9,101,137,44
51641,51,2,26,27,6,4,0,2,0,0,10,20,10
50641,50,13,66,66,13,7,1,3,12,2,43,63,18
95641,95,47,191,267,72,9,8,5,9,13,243,206,68
59641,59,49,285,205,55,6,10,4,39,12,206,165,60
62642,62,21,133,68,15,9,2,0,0,0,62,46,19
80642,80,5,45,36,6,2,4,0,0,2,17,25,12
02642,02,3,31,11,8,0,4,0,0,6,4,17,0
76642,76,11,23,30,5,2,2,5,0,2,23,20,2
57642,57,84,399,298,77,12,15,0,0,15,233,231,71
21642,21,9,58,61,20,4,1,0,0,2,38,42,10
60642,60,28,171,118,25,2,7,4,19,3,101,102,22
78642,78,295,879,1993,468,31,35,16,51,80,1029,1855,462
51642,51,0,11,16,6,2,0,0,5,3,9,9,2
59642,59,10,88,59,18,0,5,5,0,6,35,54,18
62643,62,323,2316,1233,363,62,85,19,63,25,1237,968,359
80643,80,17,76,54,12,2,2,0,6,0,50,48,12
02643,02,25,144,73,15,1,0,0,0,5,59,71,14
14643,14,16,76,86,27,0,0,6,7,0,61,68,25
57643,57,8,22,20,5,0,3,0,1,3,13,11,8
27643,27,27,175,107,29,1,11,0,8,9,91,113,29
60643,60,35,230,131,35,6,4,0,0,6,129,123,35
21643,21,9,56,46,13,3,0,4,0,7,22,52,18
78643,78,174,501,1159,267,19,31,13,51,34,622,1084,263
51643,51,22,81,62,19,0,4,5,0,1,37,65,19
50643,50,18,91,96,29,4,3,0,3,0,62,90,32
59643,59,1,27,22,5,6,6,0,0,3,21,24,9
78644,78,83,263,598,138,10,13,3,26,33,327,540,135
62644,62,9,90,48,7,1,7,3,12,0,40,30,10
80644,80,12,103,74,20,5,0,2,2,0,53,48,14
02644,02,8,68,38,10,5,2,3,0,6,26,37,5
14644,14,20,71,72,16,0,8,5,3,2,59,56,16
76644,76,20,99,92,28,5,7,1,0,8,69,66,25
57644,57,59,252,182,38,6,8,6,9,17,163,157,47
27644,27,11,72,57,8,0,3,0,1,6,50,42,17
60644,60,49,255,172,42,14,9,4,0,8,126,147,31
21644,21,4,19,23,2,0,0,0,0,0,17,23,3
51644,51,7,40,34,5,0,0,3,0,5,14,36,8
62645,62,123,922,494,123,20,21,11,45,13,521,374,133
80645,80,8,86,55,7,0,5,0,22,1,47,39,17
02645,02,2,38,16,7,5,4,0,0,6,16,15,0
14645,14,8,20,30,3,0,5,0,0,0,8,24,4
76645,76,1,15,8,8,3,6,0,0,4,2,11,9
57645,57,31,127,94,24,6,11,2,13,5,81,79,30
27645,27,0,25,19,1,6,3,0,12,0,8,10,0
60645,60,6,52,28,7,0,0,1,7,0,26,34,8
21645,21,14,57,60,13,7,8,4,0,5,49,54,20
91645,91,542,1173,1893,495,46,65,19,77,90,1481,1280,479
51645,51,0,13,15,0,2,0,2,5,0,3,10,4
59645,59,11,70,59,9,1,5,3,19,7,51,40,12
27646,27,17,67,44,14,5,8,5,0,7,37,42,11
62646,62,19,100,48,9,0,6,0,3,0,59,41,10
80646,80,0,11,8,7,0,6,5,0,2,4,4,0
14646,14,12,35,50,7,3,0,5,17,0,31,38,7
76646,76,19,64,57,19,4,7,4,0,4,48,39,21
60646,60,32,178,120,33,1,4,1,13,4,99,112,34
21646,21,0,15,12,9,0,6,0,3,3,9,17,8
78646,78,1577,4618,10341,2415,180,259,98,322,399,5592,9800,2485
51646,51,0,10,12,1,0,0,3,0,0,2,14,2
59646,59,481,2695,1896,558,67,84,25,150,94,1991,1651,547
62647,62,22,128,60,18,0,5,1,0,2,68,55,19
80647,80,2,51,31,9,3,2,0,0,5,19,21,12
02647,02,0,10,10,0,4,1,2,0,0,5,4,4
76647,76,104,515,448,120,14,27,9,0,20,447,381,137
57647,57,122,586,426,107,23,27,1,42,16,372,356,111
60647,60,50,281,196,38,16,9,7,13,5,171,165,39
21647,21,7,12,13,6,3,0,0,0,6,10,10,0
78647,78,20,56,112,30,2,2,0,0,0,43,110,27
51647,51,30,120,100,15,6,7,0,0,0,73,90,22
59647,59,62,361,235,63,9,10,6,3,13,272,218,72
50647,50,37,125,152,46,5,9,0,8,7,101,133,46
62648,62,9,87,43,13,1,0,0,0,4,42,39,11
80648,80,0,10,8,0,5,0,4,5,0,11,9,3
02648,02,50,337,157,40,2,2,7,5,6,150,149,46
14648,14,12,55,63,17,5,4,4,0,0,46,49,12
76648,76,44,250,202,55,11,7,3,55,12,207,168,58
57648,57,11,64,47,13,3,6,0,0,0,37,30,9
60648,60,14,53,38,12,2,5,0,0,3,14,34,12
21648,21,5,21,17,1,6,0,5,0,2,15,21,6
91648,91,81,171,292,73,8,17,0,0,8,228,187,72
51648,51,10,54,39,9,5,0,1,16,1,32,42,9
59648,59,263,1577,1108,322,44,51,24,86,55,1156,963,311
50648,50,40,130,148,43,9,5,0,10,0,97,132,42
62649,62,11,124,73,20,0,4,2,3,5,60,49,18
80649,80,28,222,150,31,14,17,4,8,12,128,109,38
02649,02,6,57,27,3,1,0,0,11,4,26,29,2
14649,14,13,47,56,17,0,6,4,0,3,3,48,20
76649,76,18,64,61,15,0,3,3,0,4,46,47,17
57649,57,12,74,48,8,0,5,0,24,0,37,36,13
27649,27,11,44,33,8,0,0,0,1,6,34,37,8
21649,21,2,9,3,1,0,5,0,0,4,0,9,4
91649,91,94,206,331,85,1,6,0,0,10,245,228,81
51649,51,268,1273,983,216,43,52,18,47,50,658,1022,199
59649,59,8,39,22,4,0,1,5,1,2,29,24,2
78650,78,331,1009,2170,518,35,55,25,87,73,1199,2006,510
62650,62,17,129,64,13,0,0,3,34,0,64,51,20
80650,80,19,124,80,11,3,3,2,10,1,75,58,12
02650,02,7,67,25,3,0,6,4,0,0,26,25,12
14650,14,4,17,19,8,1,0,1,2,0,12,18,0
76650,76,36,157,128,43,0,12,5,0,7,146,112,36
57650,57,40,212,150,41,14,7,3,10,12,111,123,26
27650,27,16,61,44,10,0,0,4,0,3,16,42,11
60650,60,18,77,50,9,5,0,0,0,3,30,43,8
21650,21,0,19,15,4,3,2,1,12,4,14,13,9
51650,51,3,12,2,0,0,2,2,4,2,1,1,1
59650,59,860,4991,3517,976,150,174,70,269,155,3590,2964,982
80651,80,3,31,32,7,1,5,3,1,0,23,18,3
62651,62,13,64,45,15,5,2,3,0,0,31,27,15
02651,02,1,22,9,0,3,1,0,0,5,3,12,2
14651,14,1,16,32,5,0,6,0,4,0,22,18,6
76651,76,10,26,18,11,1,0,0,0,6,14,14,1
57651,57,18,94,70,22,6,1,5,0,3,21,62,22
60651,60,48,265,166,50,10,5,0,26,12,135,145,44
21651,21,6,31,23,5,0,0,2,0,4,15,28,4
95651,95,16,57,95,22,1,1,6,0,0,83,65,29
59651,59,33,179,121,35,1,6,5,0,2,143,110,42
80652,80,24,116,93,23,0,0,6,14,5,73,66,14
62652,62,31,267,137,47,9,3,3,0,4,141,119,46
02652,02,0,23,7,6,1,0,3,1,0,6,10,4
14652,14,3,8,12,0,0,0,0,2,2,13,7,2
76652,76,18,83,67,18,2,3,1,13,0,68,51,15
57652,57,19,77,57,19,6,5,0,9,6,43,42,9
27652,27,15,53,40,8,7,2,1,0,7,27,34,15
60652,60,28,133,100,25,5,3,1,0,8,73,84,20
21652,21,10,33,36,12,1,0,1,1,0,22,23,3
95652,95,106,448,664,191,23,26,2,0,26,620,473,184
51652,51,0,11,12,0,2,0,0,1,0,1,8,5
59652,59,5,59,32,8,4,2,2,10,2,36,31,12
62653,62,7,76,44,16,3,0,4,0,0,40,37,13
02653,02,14,77,35,5,0,1,5,4,5,42,35,11
76653,76,10,38,43,5,0,0,0,20,0,32,25,10
57653,57,0,0,10,4,0,3,0,0,0,0,6,0
60653,60,11,47,33,12,5,3,0,0,0,11,26,6
21653,21,2,5,7,0,3,3,0,0,0,0,3,7
78653,78,10,23,37,12,5,6,2,0,5,0,41,4
59653,59,184,1094,746,195,26,24,4,23,44,802,648,208
62654,62,13,118,72,13,5,2,0,0,3,74,53,24
80654,80,9,96,55,12,8,3,0,2,3,56,46,13
02654,02,5,17,3,0,5,0,0,5,0,4,6,1
14654,14,190,732,914,262,31,37,14,17,40,625,757,234
76654,76,8,67,45,19,7,0,0,7,0,58,40,9
57654,57,16,110,75,26,8,10,2,0,5,55,73,20
27654,27,26,142,109,32,1,3,5,18,4,95,91,22
60654,60,9,38,34,6,0,6,0,0,0,20,29,6
91654,91,18,45,82,25,6,2,0,20,0,69,52,17
51654,51,9,39,20,4,2,3,0,4,4,17,23,2
59654,59,133,911,608,178,27,34,9,28,26,671,523,185
62655,62,6,48,32,9,7,6,0,0,5,27,22,7
80655,80,10,79,54,15,1,3,0,0,1,31,39,14
02655,02,1,27,8,3,0,4,2,0,4,3,11,7
76655,76,95,487,404,123,20,25,10,4,20,374,306,116
57655,57,29,134,102,22,8,4,1,23,5,83,82,29
27655,27,20,91,73,12,6,8,3,5,8,52,56,18
21655,21,12,27,31,4,4,6,0,0,0,14,31,8
60655,60,9,52,31,3,0,3,0,20,1,35,25,3
78655,78,16,49,111,26,5,7,6,0,5,46,103,30
51655,51,13,49,36,3,3,7,1,0,0,11,35,12
59655,59,3,33,17,4,0,0,0,2,5,25,23,2
62656,62,18,167,84,29,7,9,1,0,1,95,69,25
80656,80,25,150,109,22,3,5,4,11,2,91,91,28
02656,02,13,61,36,11,6,1,0,0,0,33,23,4
14656,14,28,90,122,32,0,3,0,12,0,77,84,37
76656,76,10,77,63,13,0,4,0,25,3,63,55,19
57656,57,8,42,28,10,0,0,1,16,7,25,27,8
27656,27,41,203,124,33,10,12,0,0,10,100,126,40
21656,21,19,86,86,26,6,4,5,0,6,41,84,19
60656,60,6,39,30,2,0,2,1,7,0,20,26,5
95656,95,15,36,47,12,2,3,0,9,0,48,47,10
51656,51,9,69,51,16,1,5,1,0,5,25,57,8
59656,59,99,628,454,127,18,22,4,0,18,431,380,133
62657,62,9,89,50,10,8,0,1,0,1,41,40,7
80657,80,2,51,36,5,0,0,5,0,2,16,29,9
02657,02,6,28,10,0,5,2,2,0,1,21,11,5
14657,14,8,42,40,19,0,5,0,0,6,35,35,10
76657,76,29,134,104,32,9,2,0,0,1,110,92,37
57657,57,0,3,0,3,1,0,2,0,2,1,4,0
21657,21,68,241,265,71,10,8,3,27,6,188,225,66
60657,60,7,46,31,3,1,0,0,11,4,21,23,3
91657,91,807,1819,2895,723,71,113,45,138,135,2313,2015,740
51657,51,4,27,21,7,0,6,0,0,0,15,31,10
59657,59,12,82,69,20,0,2,0,7,5,64,55,13
27658,27,10,58,31,5,0,3,3,17,0,30,29,7
14658,14,93,437,494,120,26,38,5,34,27,345,430,134
62658,62,0,30,18,7,2,0,5,0,0,7,14,1
80658,80,3,14,9,6,0,1,2,2,5,15,6,0
02658,02,6,46,19,10,3,5,0,0,1,8,12,5
76658,76,22,91,74,17,7,8,4,2,0,72,57,27
57658,57,33,161,118,33,7,5,5,30,10,118,96,27
60658,60,14,77,57,12,0,6,0,12,0,43,53,8
95658,95,32,94,138,42,0,10,3,7,10,141,100,45
51658,51,0,10,12,1,4,0,0,7,0,7,13,4
59658,59,13,58,41,7,0,3,0,18,0,41,34,11
27659,27,2,13,12,0,0,6,0,0,1,0,13,8
62659,62,4,16,10,3,0,0,0,0,0,0,11,4
80659,80,8,49,35,7,6,1,1,0,3,29,23,3
02659,02,11,99,44,15,0,2,0,6,0,41,47,8
14659,14,35,135,164,48,0,14,5,8,3,126,129,39
57659,57,57,304,243,59,9,13,7,11,17,202,210,58
60659,60,6,25,20,6,1,0,0,0,6,0,18,2
21659,21,10,26,25,4,0,0,4,9,0,12,16,3
91659,91,152,359,557,154,8,21,16,74,28,461,411,148
51659,51,3,4,1,2,4,2,0,0,0,0,7,4
59659,59,58,359,264,73,7,12,2,4,3,284,219,68
27660,27,8,37,26,11,1,0,5,0,0,19,33,8
60660,60,15,72,36,11,7,0,1,0,1,25,35,14
62660,62,13,81,42,7,0,0,0,20,7,56,42,7
02660,02,3,10,0,2,4,0,0,0,3,0,7,0
14660,14,7,13,14,5,1,6,0,0,5,0,16,3
76660,76,26,97,84,19,1,0,1,19,4,95,74,21
57660,57,291,1335,1016,237,54,58,18,89,52,830,818,249
21660,21,1,0,13,5,0,5,0,0,0,0,6,7
95660,95,17,53,81,25,7,3,1,0,8,75,64,18
51660,51,75,318,236,52,8,16,0,28,11,172,255,62
59660,59,70,424,290,89,13,5,4,1,11,308,258,82
62661,62,17,78,45,14,0,0,0,0,7,48,32,11
27661,27,14,62,47,12,0,1,1,0,4,39,45,8
80661,80,21,135,106,16,9,10,0,1,6,83,66,23
02661,02,8,42,19,9,1,1,4,0,0,0,18,8
14661,14,4,11,14,6,1,1,0,10,5,12,12,2
57661,57,8,30,21,9,5,4,1,0,0,5,10,0
60661,60,15,106,74,15,0,3,0,12,0,65,61,14
21661,21,36,152,174,41,5,9,1,21,4,130,142,40
91661,91,313,725,1183,314,19,47,11,68,48,969,837,317
59661,59,2,21,9,5,5,5,0,0,2,0,10,6
60662,60,16,84,62,17,2,3,0,0,4,32,53,16
62662,62,15,158,74,19,9,9,0,10,2,76,63,20
80662,80,9,38,26,5,6,1,0,5,0,24,16,1
02662,02,4,58,27,2,0,0,0,11,0,27,27,10
76662,76,6,10,11,4,0,3,0,0,5,0,10,2
57662,57,5,13,13,5,1,3,0,0,0,9,9,0
27662,27,10,51,38,8,6,0,0,7,1,38,34,7
21662,21,3,5,7,0,3,2,0,0,1,1,1,0
91662,91,30,70,99,25,0,3,0,15,8,82,71,22
59662,59,25,175,123,38,9,9,2,0,1,100,97,30
51662,51,157,728,547,123,29,22,4,10,24,370,563,124
27663,27,5,23,15,1,0,6,3,0,4,10,16,0
51663,51,35,195,155,33,7,1,0,0,0,104,155,31
62663,62,5,45,30,3,0,2,0,10,4,19,15,5
80663,80,5,59,44,11,0,0,1,3,0,32,28,10
02663,02,10,33,23,7,0,1,1,0,0,18,12,6
14663,14,57,241,283,67,8,19,6,13,14,232,245,79
76663,76,31,137,111,30,0,1,0,15,0,119,86,28
57663,57,207,1104,800,208,52,52,21,2,33,646,668,199
60663,60,9,32,25,7,0,0,0,10,0,23,20,2
21663,21,60,291,312,77,4,20,0,30,12,222,273,70
59663,59,127,798,535,170,18,28,2,47,32,576,482,159
27664,27,12,60,52,16,1,0,2,0,5,26,48,14
62664,62,2,53,30,6,0,5,0,2,0,26,17,5
80664,80,0,29,18,3,4,0,0,0,5,18,10,4
02664,02,0,19,14,8,1,1,0,0,2,7,14,6
14664,14,11,19,27,7,0,0,0,11,1,18,20,10
76664,76,1,32,25,8,3,2,0,0,3,11,18,12
57664,57,0,6,12,0,1,3,0,1,0,2,10,5
60664,60,11,74,49,11,0,1,3,1,4,45,42,6
21664,21,4,16,8,6,0,1,0,0,0,6,6,6
59664,59,11,51,33,9,0,4,1,0,4,23,24,6
02665,02,6,52,30,12,6,0,0,0,5,29,24,8
91665,91,232,537,873,207,1,27,9,64,40,682,597,205
62665,62,10,47,16,11,1,0,0,0,4,16,18,2
80665,80,0,29,18,6,1,4,0,0,2,1,16,7
14665,14,10,22,31,9,0,5,1,3,0,25,21,8
76665,76,11,52,47,18,5,3,3,0,0,38,41,12
57665,57,31,146,110,23,9,10,5,23,5,94,96,37
27665,27,17,113,75,25,7,0,1,0,4,63,67,20
60665,60,59,331,209,51,13,12,7,16,14,196,186,53
21665,21,5,14,21,8,5,0,0,0,6,0,14,3
59665,59,4,46,22,10,3,2,0,0,6,19,28,10
27666,27,18,86,57,22,2,2,0,7,0,48,65,16
62666,62,75,458,252,70,14,11,5,0,8,224,192,77
80666,80,0,0,10,2,0,4,0,0,3,0,0,4
02666,02,24,162,77,12,8,3,0,0,1,73,63,23
14666,14,41,180,209,63,11,16,0,3,10,158,163,54
76666,76,14,50,46,11,0,0,0,4,0,44,36,19
57666,57,187,898,649,171,21,48,12,23,34,517,545,181
60666,60,27,143,89,28,2,10,0,23,7,85,88,17
21666,21,6,7,12,0,0,6,4,0,2,0,14,3
91666,91,79,145,259,68,2,17,0,8,5,191,171,59
59666,59,34,182,131,32,9,9,0,7,6,144,119,31
62667,62,244,1667,841,252,48,45,16,76,43,871,655,217
80667,80,7,16,11,4,4,0,0,0,0,12,14,6
02667,02,2,35,24,7,0,0,0,0,5,7,19,6
14667,14,0,16,21,4,0,2,0,27,0,14,18,11
76667,76,7,45,33,15,0,0,2,7,2,38,38,11
57667,57,19,79,66,18,0,7,0,3,5,54,55,20
27667,27,9,53,46,7,0,1,1,17,1,31,34,11
60667,60,108,551,341,93,10,22,5,15,10,326,313,92
91667,91,240,541,834,230,12,29,22,18,44,660,571,214
21667,21,13,50,40,11,5,0,0,0,6,32,40,9
59667,59,4,32,19,2,0,6,0,8,1,22,14,7
78668,78,7,36,80,24,0,4,4,15,0,50,87,17
27668,27,22,107,82,24,2,1,6,0,0,54,73,22
62668,62,9,28,16,3,5,5,0,0,0,9,10,5
80668,80,1,34,15,5,4,5,3,0,4,13,13,4
02668,02,24,161,78,23,3,8,0,0,8,50,70,19
14668,14,7,31,29,11,0,2,4,0,3,10,27,12
76668,76,7,45,44,17,3,1,0,8,0,43,28,9
57668,57,45,184,139,39,7,9,2,0,3,97,115,37
60668,60,23,112,74,17,3,3,5,9,0,68,76,21
59668,59,32,201,145,44,10,2,0,14,11,169,128,37
62669,62,4,52,29,12,0,5,0,0,2,30,29,4
80669,80,11,52,46,3,0,0,0,10,0,32,28,6
14669,14,5,25,30,5,3,2,3,0,6,15,19,4
76669,76,9,44,44,11,4,0,0,11,3,39,40,10
57669,57,64,290,219,53,16,18,4,0,24,169,180,55
27669,27,16,55,40,12,0,3,2,0,0,27,38,10
60669,60,19,76,41,9,0,0,4,2,4,40,45,13
21669,21,2,5,3,4,4,0,0,0,5,0,12,1
59669,59,13,78,49,21,1,8,0,0,3,45,44,18
59670,59,28,175,128,40,5,6,0,0,2,112,111,40
62670,62,17,91,50,14,2,6,3,0,7,46,48,20
80670,80,20,86,56,15,1,8,1,0,0,51,45,12
02670,02,5,14,13,8,1,4,1,0,3,0,14,4
76670,76,17,119,90,29,4,7,3,0,8,98,72,28
57670,57,9,22,11,7,0,0,0,1,3,7,16,3
27670,27,26,136,81,17,2,2,2,15,2,81,92,17
60670,60,147,856,520,122,25,27,2,34,27,408,471,133
21670,21,1,24,23,7,0,6,0,1,3,27,31,4
62671,62,4,44,32,8,0,3,0,4,6,31,15,7
80671,80,9,37,24,1,1,5,0,3,2,18,20,2
02671,02,2,51,18,4,0,2,0,5,3,23,23,9
76671,76,6,20,21,0,6,1,2,0,5,0,16,7
57671,57,1,23,15,0,0,4,0,7,6,11,12,3
27671,27,4,20,17,1,0,0,0,0,2,11,15,7
60671,60,6,60,36,8,3,0,2,0,2,36,37,10
21671,21,1,3,3,7,3,0,0,0,0,2,11,3
91671,91,19,48,83,20,2,0,2,0,7,73,57,17
62672,62,19,99,52,10,2,8,0,20,0,59,40,17
80672,80,11,90,66,11,0,7,0,13,7,59,56,11
02672,02,3,35,17,5,4,5,5,6,3,24,15,2
76672,76,24,110,90,32,1,9,3,8,0,89,70,31
57672,57,970,4724,3470,869,126,211,72,208,174,2836,2826,861
14672,14,29,75,91,19,6,11,3,3,3,54,90,31
27672,27,14,44,29,7,0,3,0,0,0,29,30,12
21672,21,0,0,10,0,5,3,2,0,3,0,0,0
60672,60,7,50,24,2,4,7,3,0,3,14,31,5
78672,78,105,342,798,181,19,11,15,33,19,406,739,194
62673,62,17,104,57,14,2,5,0,4,4,59,47,19
80673,80,5,22,22,0,2,3,0,0,4,9,19,8
02673,02,7,70,29,3,5,1,5,3,1,32,30,10
76673,76,29,146,131,32,2,11,4,0,6,105,106,32
57673,57,6,0,9,0,5,0,0,0,0,0,5,0
27673,27,4,24,20,10,2,0,2,6,2,10,14,2
21673,21,2,30,28,6,2,1,0,0,1,19,33,11
60673,60,0,23,13,0,0,0,5,19,5,17,10,5
62674,62,16,111,59,14,7,8,1,0,0,36,43,22
80674,80,80,514,377,72,14,8,11,29,18,296,269,70
02674,02,1,7,6,6,0,0,0,0,0,0,5,0
14674,14,3,17,17,1,0,4,2,0,0,4,7,7
57674,57,2,32,26,5,4,6,0,0,2,1,15,9
27674,27,11,35,25,3,0,2,0,0,0,28,27,11
21674,21,2,22,31,3,0,5,3,0,0,9,27,9
60674,60,22,102,57,21,4,0,0,6,5,52,53,18
78674,78,196,594,1293,299,26,36,18,114,57,770,1260,322
62675,62,6,49,28,11,5,1,3,0,6,6,14,8
80675,80,2,25,17,4,0,2,0,6,0,8,11,3
02675,02,5,21,11,0,0,0,0,2,2,10,10,5
76675,76,23,137,99,29,3,11,0,0,0,121,85,33
14675,14,49,221,275,63,0,20,0,17,9,191,221,70
57675,57,0,24,18,3,5,0,0,0,5,0,10,3
21675,21,0,2,6,4,2,0,0,0,0,8,12,0
60675,60,12,72,39,13,0,4,1,0,0,26,43,12
95675,95,14,79,101,25,4,5,0,0,10,102,82,31
27676,27,49,278,170,45,9,12,9,18,0,159,169,52
62676,62,7,85,41,8,7,0,0,0,0,39,39,16
80676,80,9,33,22,0,0,0,3,0,1,12,11,2
02676,02,42,274,143,39,8,8,9,2,8,122,118,27
76676,76,8,60,48,9,0,0,5,21,0,52,32,8
14676,14,27,95,121,28,4,9,0,0,8,94,110,31
57676,57,1,9,15,7,0,6,0,5,0,4,8,0
21676,21,5,20,22,4,1,2,0,22,0,22,20,6
60676,60,24,119,70,17,0,7,5,5,3,64,75,16
95676,95,14,42,56,16,0,6,2,0,2,62,50,22
62677,62,6,54,39,9,7,0,0,2,0,38,21,9
80677,80,33,244,179,38,9,2,5,13,9,143,129,32
02677,02,7,41,23,2,5,2,1,0,6,5,12,4
76677,76,4,40,42,16,0,0,1,3,5,38,29,15
14677,14,4,22,26,4,3,6,3,2,2,27,26,11
57677,57,2,30,25,9,0,0,5,4,0,28,20,7
27677,27,15,44,35,9,5,0,4,0,2,27,36,7
21677,21,0,8,13,6,5,4,0,2,0,9,13,0
60677,60,12,35,25,7,0,0,0,6,5,25,18,1
78677,78,7,39,75,15,3,1,0,0,5,34,77,22
27678,27,29,159,97,31,8,8,0,0,4,62,103,30
62678,62,20,124,74,26,8,9,5,0,0,59,49,26
80678,80,10,104,72,11,0,2,5,0,5,53,51,20
02678,02,7,14,10,7,0,1,0,0,0,0,2,0
76678,76,12,102,82,22,3,0,5,4,0,75,71,18
14678,14,15,57,74,18,0,6,0,0,0,46,63,21
57678,57,53,307,224,50,15,16,5,0,19,157,169,54
21678,21,6,21,23,7,0,0,2,3,1,13,21,7
60678,60,31,186,109,30,3,11,6,0,3,108,114,25
95678,95,17,70,96,28,5,7,0,0,5,85,67,24
60679,60,6,25,8,2,0,0,0,5,6,11,11,1
62679,62,6,64,31,9,0,4,5,0,1,24,30,9
80679,80,16,84,70,16,5,2,0,0,3,53,57,13
02679,02,7,25,17,0,0,1,0,0,0,8,12,1
76679,76,0,9,9,0,0,2,0,16,0,9,5,0
14679,14,20,75,85,29,0,6,3,0,1,76,76,31
57679,57,20,66,54,13,3,1,0,11,5,48,42,9
27679,27,196,1017,676,172,18,27,11,47,22,583,611,156
21679,21,5,13,15,5,3,0,0,0,4,6,20,10
91679,91,37,94,159,37,4,1,6,25,3,132,97,34
62680,62,11,111,59,20,3,8,0,18,2,57,45,16
80680,80,62,440,312,66,10,13,4,9,11,261,230,68
02680,02,55,337,179,46,6,6,0,0,12,141,164,42
76680,76,4,23,18,6,6,0,3,0,6,0,12,9
14680,14,3,15,16,2,0,6,2,0,0,14,24,11
57680,57,46,194,145,30,5,8,4,10,4,131,116,33
27680,27,11,32,24,11,0,0,5,0,1,12,21,7
21680,21,8,53,53,9,6,1,0,15,0,38,58,12
60680,60,16,81,62,18,4,5,0,0,3,43,54,18
95680,95,333,1400,2055,563,33,59,21,172,115,1882,1457,557
62681,62,19,105,65,16,0,0,0,12,0,58,40,21
80681,80,10,46,30,3,0,3,1,0,0,23,23,1
02681,02,5,48,21,7,3,0,0,0,6,13,18,10
76681,76,569,3128,2658,756,99,116,42,194,105,2658,2143,753
14681,14,3,9,24,1,3,6,1,0,0,16,11,5
57681,57,9,38,31,7,1,0,0,22,0,26,26,8
27681,27,544,2822,1937,488,89,133,57,173,82,1649,1835,491
21681,21,0,12,19,1,0,0,5,0,0,0,16,4
60681,60,19,80,54,13,6,0,0,0,8,12,49,16
78681,78,19,59,126,31,7,6,0,0,6,58,113,24
62682,62,6,0,0,0,4,0,3,0,3,0,9,3
80682,80,8,33,21,0,0,0,2,0,3,7,20,7
02682,02,7,21,15,1,1,0,3,0,1,6,11,2
76682,76,21,92,70,25,5,8,0,0,0,55,65,26
14682,14,18,50,57,16,0,0,1,13,1,54,47,24
57682,57,1,6,0,1,0,0,2,0,3,5,0,0
27682,27,22,85,54,15,2,4,0,16,5,49,54,10
60682,60,23,112,69,14,0,4,2,0,0,59,54,14
95682,95,6,12,25,8,0,3,0,0,1,16,9,3
21682,21,5,24,25,9,6,0,0,0,0,16,27,6
62683,62,9,35,20,0,1,3,4,0,0,16,16,0
80683,80,2,15,20,5,3,5,0,2,0,10,9,0
02683,02,1,25,7,0,3,0,0,0,0,2,14,6
76683,76,14,59,43,18,0,7,0,0,0,38,41,19
57683,57,141,725,530,143,16,46,16,37,27,422,423,133
60683,60,9,53,37,4,2,0,2,9,4,29,32,11
78683,78,65,174,391,87,5,4,4,27,17,230,369,95
21683,21,4,42,41,9,0,0,3,16,0,26,36,9
27683,27,4,25,15,8,0,0,4,0,1,12,23,8
27684,27,18,109,76,16,0,6,3,0,8,51,75,13
62684,62,56,403,210,63,11,9,5,27,14,207,168,52
80684,80,0,13,12,4,4,6,1,0,1,2,13,0
02684,02,69,522,249,66,21,14,5,23,10,231,218,69
76684,76,27,134,104,32,3,4,5,20,3,111,94,35
14684,14,10,15,20,3,1,0,3,18,2,15,21,3
57684,57,14,71,66,11,0,4,0,8,0,52,53,15
21684,21,19,95,87,29,0,2,1,15,0,70,85,23
60684,60,136,742,460,110,24,27,8,29,31,435,421,108
27685,27,26,103,60,21,8,4,5,0,3,45,63,17
62685,62,6,41,17,1,1,0,3,16,0,22,21,4
80685,80,123,745,551,113,24,33,9,0,23,416,397,113
02685,02,2,23,10,4,0,0,1,0,0,4,13,1
14685,14,46,163,199,52,5,14,4,3,11,165,181,56
76685,76,8,80,62,14,0,6,5,0,2,68,48,16
57685,57,4,22,14,5,5,1,0,0,0,5,14,3
21685,21,12,37,35,6,1,0,0,0,4,23,26,5
60685,60,29,126,77,26,7,9,1,4,9,69,73,20
91685,91,138,306,528,127,8,21,12,53,30,414,354,135
62686,62,5,57,30,4,3,2,3,10,0,31,23,3
80686,80,17,97,77,11,0,2,0,13,7,66,64,10
02686,02,6,74,35,5,4,0,0,10,7,32,29,6
76686,76,9,55,50,20,1,7,5,0,7,38,45,14
57686,57,6,40,31,4,3,5,2,0,4,12,23,5
27686,27,3,7,8,0,0,5,3,0,5,0,3,7
21686,21,5,16,25,1,0,3,1,0,0,12,20,0
60686,60,56,323,207,46,7,16,6,20,12,196,176,57
78686,78,321,907,2113,521,28,52,18,84,92,1150,1908,492
14687,14,4,17,27,4,1,6,1,1,0,17,17,9
80687,80,0,14,8,0,1,5,3,5,0,11,12,7
02687,02,11,54,23,11,0,0,0,6,0,24,30,11
57687,57,5,35,22,0,0,2,0,0,0,18,19,8
21687,21,3,25,15,4,0,2,0,0,3,16,16,9
60687,60,12,63,31,13,2,7,4,0,5,17,28,10
91687,91,826,1919,3030,793,93,93,39,136,158,2380,2080,778
62688,62,95,716,390,124,34,14,5,36,21,369,312,124
80688,80,69,449,322,52,15,21,6,6,12,273,224,65
02688,02,1,10,6,5,1,1,0,4,0,3,0,0
76688,76,8,48,33,10,0,3,5,0,2,40,32,8
21688,21,0,12,17,6,0,0,3,0,3,5,21,8
60688,60,1,20,19,1,0,0,0,6,5,7,9,7
78688,78,244,685,1584,384,25,28,3,95,55,904,1494,366
62689,62,8,63,35,14,2,2,2,0,5,31,26,5
02689,02,2,1,8,2,2,4,0,0,4,0,7,0
14689,14,101,338,400,117,6,29,15,37,12,261,319,108
76689,76,5,49,43,10,7,6,0,0,3,30,39,10
57689,57,10,40,29,5,4,1,2,6,0,26,32,3
21689,21,0,21,16,3,3,0,5,0,2,18,23,5
27689,27,11,52,30,13,3,7,0,0,6,20,40,10
60689,60,37,219,136,31,4,11,0,24,2,121,125,31
91689,91,220,537,846,212,9,20,20,3,49,694,583,234
62690,62,10,46,22,9,0,0,0,0,4,4,20,3
80690,80,16,104,75,11,5,6,1,0,0,45,48,15
02690,02,4,16,3,0,0,0,4,0,2,2,5,4
76690,76,15,75,63,18,0,3,0,0,4,51,47,23
57690,57,75,400,308,71,19,15,12,2,12,241,238,77
21690,21,4,8,14,0,2,6,0,0,0,14,14,0
27690,27,3,41,30,2,5,0,1,22,0,21,24,7
95690,95,7,31,48,15,0,0,0,0,5,50,35,18
76691,76,1,31,23,6,0,3,0,7,5,30,22,4
80691,80,6,66,54,13,6,0,0,0,2,37,29,15
62691,62,18,121,68,23,1,1,0,18,0,71,57,19
02691,02,1088,7684,3877,931,197,222,84,328,140,3501,3542,932
57691,57,2,20,12,0,0,1,0,0,6,4,9,3
21691,21,11,48,53,16,3,4,2,0,6,23,45,13
60691,60,6,23,13,6,0,4,1,0,0,0,10,0
27691,27,21,125,74,19,0,2,3,4,4,75,73,19
91691,91,948,2070,3344,829,46,118,35,229,153,2673,2286,841
91692,91,586,1361,2185,541,37,61,33,125,72,1759,1475,554
62692,62,6,57,30,6,7,1,1,0,0,30,23,6
80692,80,30,167,110,23,7,7,0,14,4,97,95,20
76692,76,7,42,25,7,5,0,3,3,0,34,19,10
14692,14,34,152,194,60,2,9,2,27,4,130,148,58
57692,57,1,12,4,3,3,2,0,0,0,0,12,4
21692,21,6,22,33,10,0,0,0,3,1,27,30,2
60692,60,8,28,17,5,0,0,2,0,0,6,9,8
27692,27,9,22,22,5,3,0,4,0,6,0,20,7
76693,76,12,87,72,21,0,6,5,14,1,87,61,17
62693,62,25,205,123,37,2,3,0,6,1,125,79,37
80693,80,8,48,37,5,0,0,4,0,5,22,24,7
02693,02,9,40,16,5,0,0,4,0,0,0,20,4
27693,27,34,180,126,26,0,10,0,21,10,114,120,34
57693,57,22,130,96,23,1,1,0,8,4,85,81,30
21693,21,0,6,5,1,0,0,5,0,0,8,11,0
60693,60,14,55,36,12,0,1,0,4,6,31,31,8
14694,14,10,52,61,12,2,5,3,0,5,48,50,21
62694,62,1,37,21,9,2,5,0,0,0,13,12,9
80694,80,6,61,45,3,4,0,2,13,0,32,30,3
02694,02,12,107,45,11,1,1,3,5,0,47,47,13
76694,76,3,21,14,2,4,2,0,0,0,8,13,4
57694,57,12,58,45,7,5,2,0,0,5,40,41,17
21694,21,4,4,5,0,0,0,0,0,2,0,3,1
27694,27,6,47,35,12,1,0,5,0,2,19,33,10
21695,21,5,0,11,3,3,0,0,0,0,0,8,0
62695,62,12,48,22,2,0,2,0,18,0,21,15,6
80695,80,6,64,48,5,4,6,2,0,0,37,35,11
76695,76,11,34,22,11,0,0,2,0,3,24,26,7
57695,57,11,67,57,15,4,5,5,0,7,49,42,18
27695,27,4,34,24,2,0,0,4,20,0,17,20,6
60695,60,44,239,142,32,1,9,6,8,3,129,139,34
62696,62,9,36,16,1,6,4,0,9,1,19,10,1
80696,80,28,198,150,28,6,6,6,0,0,111,103,30
02696,02,0,15,12,2,0,0,0,0,0,10,4,0
57696,57,31,130,97,29,0,5,0,22,4,86,84,26
21696,21,0,6,9,0,0,3,0,4,3,7,13,0
27696,27,25,121,80,28,3,1,4,1,3,81,79,22
62697,62,11,43,21,11,2,6,0,0,0,23,25,5
80697,80,4,0,1,6,0,0,0,0,0,0,0,4
02697,02,8,59,32,3,6,3,0,11,2,29,32,6
76697,76,23,92,88,23,8,7,0,0,0,77,68,20
57697,57,6,50,39,11,0,1,0,7,3,24,25,5
27697,27,9,51,39,10,0,4,0,0,2,26,33,12
60697,60,6,0,4,0,0,3,0,0,0,0,0,3
62698,62,5,54,26,8,6,4,0,0,6,20,19,6
80698,80,1,35,22,6,0,2,4,12,0,22,20,6
02698,02,0,11,9,1,0,2,0,16,0,3,9,0
76698,76,6,62,40,13,7,0,0,2,0,56,31,19
14698,14,8,33,39,11,0,2,1,6,3,33,33,17
57698,57,11,47,37,8,0,0,1,6,4,32,26,5
21698,21,6,44,44,12,3,0,5,10,6,38,44,18
27698,27,17,77,54,18,0,2,0,6,3,44,45,13
60698,60,5,40,22,2,0,4,0,22,0,25,25,3
76699,76,10,46,49,8,2,5,0,0,0,44,31,16
62699,62,13,104,59,19,2,0,0,0,4,63,46,20
80699,80,8,20,17,4,0,1,0,0,1,3,12,8
02699,02,4,63,29,6,0,7,0,0,5,22,27,9
14699,14,87,387,494,133,20,16,10,45,2,358,415,137
21699,21,28,111,112,28,0,4,0,38,5,83,99,28
27699,27,1,18,9,7,0,0,0,14,3,8,7,8
60699,60,5,25,22,2,3,0,3,0,6,10,22,0
62700,62,10,41,16,10,0,4,0,0,3,6,14,10
80700,80,27,133,96,16,2,0,1,11,6,86,80,20
14700,14,21,52,64,16,2,6,0,26,1,53,55,15
76700,76,34,172,136,41,5,6,0,5,7,154,108,33
57700,57,14,78,54,9,2,0,0,15,5,55,52,10
21700,21,7,6,14,1,0,0,1,0,1,0,10,8
27700,27,19,93,70,20,1,0,0,0,0,58,57,16
60700,60,39,180,119,31,3,3,0,6,4,110,113,25
62701,62,9,76,31,7,4,2,1,6,0,35,30,14
977701,977,113,802,711,99,15,33,16,50,40,493,1142,99
80701,80,12,59,40,5,0,0,0,12,7,44,28,13
02701,02,19,103,55,11,2,4,0,2,7,44,55,12
14701,14,27,109,126,33,4,7,0,0,2,94,108,31
27701,27,301,1478,1009,258,37,68,10,26,47,846,956,269
57701,57,28,120,91,27,8,7,0,26,2,74,81,20
21701,21,6,3,19,0,4,3,5,0,0,0,15,6
60701,60,37,182,112,32,5,7,0,0,1,98,106,28
62702,62,12,52,30,7,4,6,5,0,0,32,22,12
80702,80,31,209,150,23,7,4,4,6,1,113,103,32
02702,02,19,111,51,14,7,7,5,0,0,36,47,17
76702,76,20,91,85,19,4,3,4,7,6,77,59,23
57702,57,5,19,7,0,0,6,5,0,0,7,7,2
21702,21,11,25,35,9,2,0,4,0,5,25,27,5
60702,60,10,37,28,6,0,0,3,0,6,4,21,9
60703,60,19,131,87,25,6,1,3,0,7,51,72,14
62703,62,9,66,27,8,3,6,4,1,0,32,24,8
80703,80,4,32,26,0,6,0,0,0,0,12,15,6
02703,02,17,161,77,17,4,7,6,0,5,50,75,21
76703,76,2,25,27,7,0,2,3,5,0,28,14,5
57703,57,12,35,33,8,6,6,0,0,5,15,25,3
21703,21,3,8,5,0,0,0,0,8,0,0,5,0
62704,62,12,114,57,22,0,8,1,24,0,67,47,14
80704,80,15,56,44,8,3,2,0,3,6,38,36,9
02704,02,3,46,23,2,3,0,5,9,0,21,22,3
57704,57,22,83,50,14,1,3,5,8,8,54,47,17
21704,21,0,7,10,8,1,3,5,0,0,11,17,1
02705,02,1,45,20,7,0,0,0,11,5,19,21,1
62705,62,47,331,179,45,7,15,3,3,8,168,135,53
80705,80,4,21,6,2,0,1,4,0,2,10,3,0
14705,14,6,24,16,11,0,6,1,0,4,8,14,6
76705,76,53,281,250,59,13,18,6,5,5,254,182,58
57705,57,8,26,28,4,5,3,0,0,4,5,20,11
21705,21,3,5,3,0,0,5,5,0,0,5,11,0
62706,62,72,505,266,80,11,15,0,15,5,257,204,69
80706,80,40,245,166,31,2,4,4,26,6,131,116,29
02706,02,9,105,51,16,5,5,0,0,4,36,45,11
14706,14,4,29,36,6,0,1,0,22,0,21,29,7
76706,76,9,68,57,14,2,8,0,5,0,63,49,16
57706,57,22,69,62,19,4,0,2,0,2,39,47,17
21706,21,0,19,13,5,0,1,0,2,6,7,12,1
80707,80,4,12,6,0,2,4,0,1,0,9,7,2
02707,02,4,26,16,7,6,1,0,0,3,0,11,8
76707,76,32,139,133,33,8,6,0,16,5,133,97,33
14707,14,23,110,135,31,0,10,0,47,2,106,106,33
57707,57,20,84,66,11,4,4,1,10,0,61,59,16
21707,21,3,22,23,10,1,6,0,6,0,26,21,5
62708,62,0,0,7,3,0,0,2,0,2,0,0,2
80708,80,3,36,23,3,2,6,2,0,0,8,19,2
02708,02,10,37,23,0,0,0,2,3,0,20,24,3
76708,76,15,91,81,27,4,9,0,0,6,55,65,17
14708,14,7,31,34,7,3,0,1,3,0,29,37,11
57708,57,58,288,217,55,12,15,3,15,12,185,164,57
21708,21,15,42,48,6,6,0,0,0,7,13,41,14
76709,76,120,581,498,145,23,35,5,80,13,485,382,140
62709,62,10,43,20,10,6,5,0,8,2,22,16,3
80709,80,9,35,24,3,0,0,5,0,0,20,15,9
02709,02,10,68,35,10,1,0,0,12,0,32,29,9
14709,14,6,36,40,13,3,2,0,1,4,33,39,13
57709,57,6,40,31,9,2,5,0,10,3,23,20,13
21709,21,0,22,25,0,0,0,0,1,3,20,23,4
62710,62,4,33,23,6,0,0,5,0,6,7,10,4
80710,80,4,64,48,9,5,0,0,0,6,25,29,8
02710,02,21,140,61,17,5,6,0,0,5,45,62,22
76710,76,6,15,12,0,0,2,5,0,0,9,5,9
14710,14,2,7,14,1,3,2,0,16,0,6,6,0
21710,21,19,101,106,26,6,0,6,37,0,78,92,26
987711,987,8,126,68,11,3,10,4,12,7,22,164,21
76711,76,105,578,478,145,29,32,6,4,23,455,362,135
62711,62,78,477,269,79,15,8,6,5,19,280,198,67
80711,80,47,259,174,46,5,1,1,0,3,131,132,39
02711,02,6,45,29,2,6,3,5,0,0,23,22,2
14711,14,21,95,119,30,7,2,3,0,5,72,101,34
57711,57,13,53,42,11,2,1,0,0,1,39,40,7
21711,21,6,19,15,2,1,0,2,0,5,2,13,1
987712,987,96,1397,637,126,40,45,24,38,72,320,1541,146
76712,76,17,96,88,21,0,2,0,11,0,84,77,26
62712,62,26,187,105,27,5,9,6,12,7,109,87,24
02712,02,4,26,10,4,5,0,0,0,0,1,15,6
14712,14,80,335,410,115,12,25,13,29,12,298,335,113
57712,57,30,175,128,33,6,12,0,0,8,105,101,30
21712,21,7,36,30,4,3,0,1,0,3,33,32,9
987713,987,17,306,145,25,8,16,5,16,17,79,343,22
14713,14,15,71,72,23,7,4,5,0,6,38,59,16
62713,62,34,223,120,34,8,10,5,0,3,116,85,39
80713,80,13,46,39,2,0,0,0,8,3,26,29,8
02713,02,9,48,22,8,4,2,0,5,0,28,23,2
57713,57,7,29,27,11,1,0,0,0,1,12,21,11
21713,21,11,41,34,5,0,0,0,0,2,23,36,13
987714,987,111,1372,643,122,42,32,11,74,70,326,1550,137
57714,57,10,57,38,5,4,0,0,32,1,26,28,10
14714,14,21,69,84,19,8,1,0,0,1,66,64,28
76714,76,24,102,87,20,0,8,0,0,7,77,74,19
62714,62,15,130,71,18,1,7,4,19,7,72,61,20
80714,80,27,190,120,25,10,4,1,7,1,107,98,26
02714,02,14,63,33,10,5,5,0,0,5,12,32,12
21714,21,6,37,47,15,6,0,0,0,0,30,42,5
987715,987,272,3784,1695,333,122,128,42,122,194,869,4090,341
62715,62,10,39,31,7,5,5,0,0,3,11,20,10
02715,02,0,0,8,4,0,2,3,0,4,0,5,6
76715,76,19,73,55,12,6,0,0,13,0,66,42,16
14715,14,126,494,585,163,19,34,9,6,18,397,508,170
57715,57,7,59,44,16,0,2,5,0,7,30,37,14
21715,21,4,20,19,3,0,3,0,0,0,21,27,7
987716,987,29,283,111,28,9,8,10,11,18,56,287,17
62716,62,17,89,43,11,7,1,1,0,5,34,41,12
80716,80,29,164,111,28,2,5,3,7,2,99,90,20
02716,02,6,47,26,5,2,0,4,0,1,25,21,9
14716,14,4,26,27,10,0,0,0,0,0,15,20,8
76716,76,29,200,166,44,1,8,2,20,3,180,135,47
57716,57,49,232,156,38,12,5,0,13,10,141,126,41
21716,21,8,24,24,1,0,4,1,0,0,3,24,1
987717,987,0,37,27,10,1,7,4,0,1,0,58,4
62717,62,14,106,46,9,1,8,0,0,4,60,35,15
80717,80,25,138,96,20,0,7,0,0,0,80,77,26
02717,02,15,109,56,12,0,0,1,0,6,34,54,19
76717,76,23,92,78,24,7,0,1,0,5,68,53,18
57717,57,7,30,22,0,2,4,1,3,1,22,12,4
21717,21,5,38,34,11,0,0,0,2,0,32,32,4
987718,987,1,105,46,0,9,2,0,13,5,19,119,11
62718,62,37,237,120,31,10,13,4,16,5,136,91,35
80718,80,28,194,136,34,9,4,0,36,7,114,112,25
02718,02,3,23,8,0,0,0,0,18,0,8,10,3
76718,76,37,160,142,37,11,11,0,3,9,157,118,47
57718,57,5,32,21,6,0,0,0,4,0,18,17,0
987719,987,20,181,79,17,7,1,0,16,13,50,207,11
62719,62,4,38,25,7,0,0,5,0,1,24,22,7
80719,80,2,6,12,0,0,4,0,0,3,0,4,7
02719,02,51,402,194,57,13,11,4,0,7,172,196,43
14719,14,9,52,73,15,3,2,5,7,4,56,60,22
76719,76,16,103,84,27,4,10,5,18,2,88,70,24
57719,57,2,7,9,7,0,2,3,0,0,5,3,0
987720,987,20,203,91,19,6,16,1,27,20,53,236,23
62720,62,2,5,3,6,0,0,0,5,0,2,2,2
02720,02,41,275,144,38,6,3,2,4,6,134,123,28
14720,14,21,74,102,23,0,8,5,0,0,57,79,29
76720,76,34,151,139,42,3,10,0,4,1,142,115,33
57720,57,13,41,24,2,5,2,0,12,0,20,21,5
987721,987,3,28,15,7,4,3,4,0,3,0,42,2
62721,62,52,371,203,48,10,16,3,7,14,193,138,58
80721,80,49,359,263,49,11,12,10,33,7,212,179,52
02721,02,12,84,41,15,1,4,0,0,6,24,46,14
14721,14,12,46,69,16,1,0,0,16,0,51,48,20
76721,76,11,42,39,9,0,2,0,0,3,28,29,10
57721,57,16,48,41,5,4,1,0,11,3,28,31,13
987722,987,113,1553,711,134,45,58,28,41,83,320,1705,147
62722,62,5,10,14,6,6,2,0,0,4,0,5,2
80722,80,14,76,46,12,0,2,0,0,1,39,33,15
02722,02,554,3928,1961,465,105,123,35,117,129,1644,1800,459
987723,987,33,370,173,40,27,12,10,28,15,73,427,46
62723,62,7,34,17,6,5,6,3,8,0,20,12,1
80723,80,10,31,27,10,5,0,0,0,6,8,25,2
02723,02,0,17,9,3,0,6,1,0,0,4,8,7
14723,14,12,25,37,6,6,0,0,1,3,22,30,11
76723,76,10,52,51,10,7,3,0,0,0,43,33,10
57723,57,3,41,33,10,6,2,0,0,5,20,20,4
987724,987,87,1009,470,103,37,34,20,68,56,246,1091,83
62724,62,214,1471,801,217,44,53,14,44,33,792,617,227
80724,80,62,420,282,69,11,19,12,16,5,225,208,53
02724,02,0,7,3,6,3,0,0,1,2,0,1,5
14724,14,25,109,115,27,6,6,3,17,0,98,109,41
76724,76,2,22,11,6,0,0,5,0,3,8,15,0
57724,57,73,377,267,75,14,14,5,47,17,236,247,76
987725,987,162,2269,1003,206,77,61,26,63,125,518,2411,201
62725,62,0,30,7,3,1,0,0,7,0,11,12,3
80725,80,75,487,317,74,16,15,2,0,11,274,252,65
02725,02,6,30,11,5,4,5,4,0,2,4,8,3
76725,76,14,67,54,13,0,0,0,6,4,60,38,14
57725,57,11,45,27,4,2,0,3,13,5,33,21,3
987726,987,21,221,104,30,18,17,8,16,9,42,286,24
62726,62,1,30,18,6,0,0,0,17,0,17,10,3
80726,80,6,39,35,11,6,0,0,0,2,11,27,4
02726,02,3,38,14,1,0,0,3,13,0,15,12,3
14726,14,150,542,656,196,25,46,25,46,25,394,548,199
76726,76,8,40,28,6,2,2,0,5,0,35,22,14
57726,57,8,50,34,15,0,6,5,3,5,32,39,5
987727,987,19,201,100,17,1,8,0,1,8,36,219,14
62727,62,40,277,154,42,13,13,0,16,1,159,115,40
02727,02,9,37,26,5,0,0,0,4,6,18,14,1
76727,76,33,150,120,30,0,7,6,0,0,130,102,35
57727,57,4,22,10,0,0,0,0,1,3,7,4,7
76728,76,31,134,111,32,10,9,0,30,0,117,102,28
987728,987,14,227,103,15,3,10,0,0,13,31,247,20
62728,62,18,125,58,12,0,9,0,0,4,58,47,20
80728,80,5,18,7,7,0,5,0,0,3,0,2,0
02728,02,8,40,23,8,3,3,0,0,4,15,25,2
14728,14,18,49,62,20,0,2,3,0,2,50,53,17
57728,57,7,36,21,2,3,0,3,2,4,24,16,1
987729,987,182,2747,1225,253,68,81,46,113,133,631,2957,263
62729,62,6,32,16,6,6,3,2,8,1,18,19,2
80729,80,4,31,22,0,1,0,0,4,0,15,14,0
02729,02,8,16,7,2,0,0,0,0,0,3,10,6
987730,987,8,38,19,6,0,8,2,5,5,9,49,3
62730,62,32,213,123,37,7,5,0,26,0,116,85,35
80730,80,20,161,118,21,3,10,1,0,0,84,90,18
02730,02,9,48,28,7,1,0,0,0,5,1,19,10
76730,76,0,14,9,4,0,0,0,24,0,10,12,3
57730,57,20,67,56,12,0,2,1,0,0,47,41,9
02731,02,9,29,14,1,0,6,5,0,0,0,19,0
987731,987,35,428,207,40,19,21,6,23,14,103,506,45
62731,62,11,46,32,9,0,0,3,0,0,17,21,10
14731,14,9,28,39,7,6,2,0,0,5,19,30,4
57731,57,51,251,193,44,16,13,6,31,9,159,152,50
76731,76,7,21,24,8,3,4,0,0,0,23,20,1
76732,76,9,32,34,10,0,3,5,0,5,7,25,8
987732,987,8,47,19,11,3,6,3,0,12,0,53,10
62732,62,4,53,36,8,5,6,0,0,0,33,27,5
80732,80,10,85,62,11,6,6,5,7,4,65,44,19
02732,02,0,20,4,1,0,0,0,8,0,12,3,0
14732,14,4,34,46,9,6,4,3,0,0,31,26,6
57732,57,17,103,87,19,8,3,0,8,1,76,67,22
987733,987,130,1811,830,150,36,70,30,90,106,341,1914,167
62733,62,5,44,20,8,0,5,1,5,4,33,18,5
80733,80,5,54,27,2,0,2,0,5,5,30,19,11
14733,14,7,35,33,6,0,0,4,0,4,20,30,15
76733,76,10,33,24,6,0,4,0,0,3,17,13,8
57733,57,57,242,175,49,13,15,1,25,10,156,155,48
987734,987,141,1788,809,147,58,50,7,75,100,375,1922,154
62734,62,23,125,59,19,4,8,0,0,7,55,41,12
80734,80,10,34,21,8,0,2,1,0,0,4,22,10
02734,02,7,46,25,4,1,0,0,11,0,21,26,1
14734,14,3,38,44,15,6,0,1,0,3,12,35,10
76734,76,13,50,46,12,0,0,1,2,1,38,31,15
57734,57,14,59,49,14,2,0,4,14,5,36,39,13
987735,987,238,3657,1687,331,100,109,54,274,153,857,4045,316
62735,62,47,366,203,48,12,14,4,23,2,194,142,61
80735,80,1,26,19,3,1,0,4,0,2,13,20,9
02735,02,1,1,0,0,0,0,5,0,1,0,3,0
14735,14,12,68,88,18,1,3,2,16,4,63,82,14
76735,76,18,86,87,21,3,8,4,0,7,74,65,29
987736,987,156,2205,1003,194,68,44,20,40,120,462,2435,222
62736,62,98,698,391,106,21,23,1,17,14,332,289,102
80736,80,9,29,28,0,4,0,4,0,0,5,21,5
02736,02,4,30,15,6,3,3,0,0,1,10,17,4
76736,76,5,51,35,9,3,0,5,0,2,43,35,6
57736,57,13,87,69,17,3,7,0,0,4,56,54,18
987737,987,5,29,11,0,0,2,0,7,0,4,28,0
62737,62,148,1019,572,159,13,36,16,55,29,546,421,174
80737,80,0,16,15,6,0,0,0,9,0,9,14,6
02737,02,20,91,49,9,4,0,0,13,3,48,38,10
14737,14,7,53,61,15,7,0,0,13,5,45,44,14
76737,76,15,71,59,17,0,0,0,20,0,65,47,18
57737,57,2,7,1,0,3,5,0,0,2,0,2,1
987738,987,271,3774,1667,328,98,115,29,170,188,806,3981,320
62738,62,1,26,12,3,0,3,0,6,0,20,5,0
80738,80,4,22,20,6,0,0,0,1,4,8,12,0
02738,02,317,2283,1119,271,38,67,17,111,65,1039,1052,278
14738,14,87,376,445,117,23,22,3,14,21,306,378,134
76738,76,22,95,77,28,2,8,0,0,5,58,58,28
57738,57,14,52,31,13,0,6,0,0,2,26,24,12
987739,987,15,188,91,10,5,16,1,0,14,31,201,15
62739,62,10,61,36,10,3,3,0,0,0,22,26,14
02739,02,11,59,25,7,0,1,1,4,0,26,18,3
14739,14,52,179,219,62,9,11,3,19,3,170,180,51
76739,76,17,73,54,20,0,0,2,0,7,57,40,19
57739,57,13,65,55,15,5,8,1,0,5,31,41,16
14740,14,28,126,142,41,10,12,4,3,8,95,109,37
76740,76,18,72,60,22,0,6,6,0,0,64,49,20
987740,987,31,619,284,54,12,34,11,13,32,132,675,37
62740,62,3,59,29,9,0,0,4,13,0,29,22,9
80740,80,7,40,29,8,4,5,3,0,0,24,18,8
02740,02,2,56,19,8,0,0,5,3,5,19,23,2
57740,57,21,87,57,15,7,2,3,0,4,46,56,9
14741,14,3,15,13,0,3,3,0,0,0,8,8,2
987741,987,11,86,47,3,1,4,0,11,6,17,100,7
62741,62,5,17,15,0,0,2,4,0,0,11,14,3
80741,80,1,38,21,4,5,0,0,12,0,24,16,1
02741,02,8,88,47,14,0,5,0,0,1,24,39,15
76741,76,10,45,32,12,1,4,0,0,1,30,33,6
57741,57,6,54,39,14,0,3,3,5,0,40,27,12
987742,987,3,96,41,8,2,0,2,11,6,22,100,9
62742,62,4,53,29,4,0,7,4,0,5,24,17,6
80742,80,6,8,4,2,2,4,2,2,1,9,3,0
02742,02,0,11,11,6,0,6,5,0,1,0,4,7
14742,14,7,6,12,2,0,0,0,0,3,0,4,3
57742,57,40,229,155,38,10,9,3,3,12,132,140,38
02743,02,0,26,15,3,0,4,0,9,0,9,18,0
987743,987,18,121,80,6,9,12,0,3,13,15,173,14
62743,62,9,72,31,11,0,7,1,0,6,29,35,10
80743,80,7,31,22,10,0,0,0,0,0,14,20,2
14743,14,4,14,20,1,0,0,0,19,0,9,9,0
76743,76,40,218,170,49,11,8,2,4,5,180,135,36
57743,57,8,40,24,6,0,5,3,6,0,21,21,5
987744,987,37,438,203,39,7,14,17,0,13,83,476,40
62744,62,78,569,312,86,23,19,4,2,18,308,241,92
80744,80,2,6,14,0,0,4,5,0,0,0,9,6
02744,02,6,5,9,2,0,0,0,0,4,0,5,4
14744,14,12,24,27,11,1,4,0,0,4,26,27,8
76744,76,1,30,20,1,0,6,4,0,3,23,17,6
62745,62,0,21,20,8,0,0,0,0,0,14,15,5
987745,987,78,945,440,92,27,18,13,37,51,196,1046,79
02745,02,4,13,6,1,2,0,3,11,0,9,7,0
14745,14,6,36,34,13,2,4,0,0,0,19,35,10
76745,76,9,18,15,8,6,0,0,0,4,23,13,3
57745,57,27,159,111,22,1,6,2,0,5,96,90,31
62746,62,135,885,457,124,25,20,11,24,28,445,350,136
987746,987,6,120,52,14,8,8,6,0,5,13,137,14
80746,80,30,162,112,25,6,2,0,0,7,95,82,21
02746,02,20,110,58,19,0,8,4,0,0,39,58,16
76746,76,5,26,20,1,5,3,0,0,4,8,21,10
57746,57,42,195,145,30,3,8,5,1,2,118,108,33
62747,62,12,96,52,17,0,2,2,26,0,52,46,11
987747,987,140,2017,922,186,50,72,17,41,109,405,2142,191
80747,80,3,27,17,2,0,0,0,7,1,13,8,3
02747,02,1,17,2,3,0,1,0,0,4,1,10,0
14747,14,20,62,86,23,4,5,5,0,2,57,66,17
76747,76,5,45,36,15,1,0,0,0,0,34,27,15
57747,57,7,37,34,10,0,3,0,0,3,16,30,9
62748,62,51,382,194,49,5,14,9,29,15,193,155,61
987748,987,101,1233,563,110,38,22,1,88,61,299,1343,108
80748,80,0,20,19,2,0,2,1,15,1,13,12,6
02748,02,23,170,81,19,6,10,0,0,5,49,80,24
14748,14,5,9,11,3,2,0,0,5,1,7,6,2
76748,76,10,77,66,12,2,6,6,5,4,70,46,19
57748,57,23,112,93,25,6,1,6,2,6,74,67,21
62749,62,9,54,28,7,2,6,0,0,2,21,16,6
987749,987,17,268,119,26,2,13,11,0,13,29,293,31
80749,80,12,52,33,7,6,1,5,6,2,37,23,4
02749,02,2,32,22,0,4,0,0,3,2,20,20,3
57749,57,1,22,11,9,0,0,0,5,6,21,12,0
76749,76,12,38,28,8,0,0,0,0,3,36,31,15
62750,62,15,151,74,22,0,2,3,0,0,76,60,24
987750,987,58,781,353,61,31,19,17,28,37,158,860,74
80750,80,2,19,15,8,0,4,4,3,3,8,8,6
02750,02,12,93,46,15,0,0,0,0,0,36,37,13
57750,57,26,98,74,14,1,4,0,0,7,62,55,20
76750,76,31,125,105,30,0,9,6,0,5,108,99,33
62751,62,14,117,63,13,6,9,0,0,0,51,49,16
987751,987,2,47,21,9,4,0,0,0,2,4,44,0
80751,80,7,81,63,16,4,0,1,9,6,44,37,16
02751,02,1,23,14,0,3,0,4,1,2,9,16,2
14751,14,8,27,31,12,3,3,1,0,0,32,25,14
57751,57,323,1557,1146,277,36,55,25,102,59,932,929,281
76751,76,23,155,123,33,2,6,0,9,8,143,95,37
62752,62,32,216,108,32,7,9,0,3,4,126,90,29
987752,987,98,1528,707,137,38,35,21,35,69,374,1669,148
80752,80,20,94,74,11,2,3,0,0,4,51,59,14
02752,02,10,51,22,6,3,3,4,9,0,21,23,5
14752,14,75,259,335,101,8,12,0,11,10,248,277,87
57752,57,86,415,288,79,18,15,10,8,19,197,254,76
76752,76,71,318,260,69,10,14,3,6,17,274,213,75
62753,62,155,1005,542,160,19,32,19,33,14,552,414,155
80753,80,1,26,11,0,0,6,4,0,5,8,6,3
987753,987,29,357,167,29,21,19,1,2,15,71,366,33
02753,02,9,53,28,4,0,3,0,13,0,22,23,11
14753,14,16,66,75,18,0,1,1,22,0,69,68,20
57753,57,0,4,2,3,5,0,0,0,0,7,11,2
76753,76,30,166,127,31,0,8,6,7,3,130,112,45
62754,62,10,73,37,12,3,1,0,2,0,41,36,14
80754,80,10,56,44,6,1,1,4,0,1,22,34,7
987754,987,44,629,259,60,24,12,14,3,34,115,667,50
02754,02,9,33,19,0,0,5,0,0,0,11,14,5
14754,14,84,312,360,97,20,13,2,22,18,268,308,104
57754,57,0,16,8,0,0,3,1,1,3,7,15,6
76754,76,22,95,91,25,0,4,2,7,1,90,62,21
62755,62,97,637,339,95,16,18,0,5,15,320,266,99
80755,80,0,14,11,0,2,0,0,15,1,17,9,0
987755,987,3,43,22,4,4,6,5,0,7,2,54,0
02755,02,7,86,45,7,0,4,1,13,0,50,41,13
14755,14,13,73,88,28,0,7,2,0,8,64,82,30
57755,57,0,10,12,8,0,0,1,0,2,0,14,7
76755,76,16,67,61,22,0,4,3,0,5,36,44,19
14756,14,3,18,27,10,6,1,0,0,0,24,22,6
62756,62,44,275,141,47,6,13,1,0,2,117,117,47
80756,80,7,10,6,0,4,5,0,3,0,2,4,0
987756,987,12,110,47,14,4,2,2,0,5,4,125,12
02756,02,18,104,54,10,0,6,2,8,7,59,48,12
57756,57,12,41,31,8,0,7,0,2,0,26,20,10
76756,76,2,32,30,10,0,5,0,0,5,21,18,2
62757,62,151,1125,605,173,37,24,9,16,23,559,468,175
80757,80,5,21,15,4,2,0,0,5,0,13,15,2
987757,987,34,346,170,27,10,15,1,14,25,61,360,47
02757,02,7,79,47,15,0,8,0,0,2,44,38,10
57757,57,501,2381,1750,438,68,107,11,128,105,1395,1423,432
76757,76,12,87,68,15,3,8,0,8,4,67,62,20
62758,62,265,1947,1081,290,71,60,23,15,44,940,832,325
80758,80,2,33,17,7,0,2,0,0,6,12,13,0
987758,987,49,746,335,75,16,28,6,0,45,118,795,67
02758,02,52,314,172,30,1,6,6,11,9,134,157,35
14758,14,18,74,93,28,5,10,0,2,8,77,82,25
76758,76,267,1374,1189,327,52,68,15,67,44,1155,922,348
02759,02,9,47,26,8,0,0,0,1,0,23,21,10
62759,62,16,78,44,15,4,5,1,0,6,36,27,11
80759,80,5,49,33,11,3,3,0,0,3,15,19,9
14759,14,5,23,34,7,6,2,5,0,5,18,22,13
76759,76,14,56,49,16,0,6,0,0,4,26,37,10
57759,57,2,10,12,0,5,0,0,0,1,0,11,1
02760,02,0,23,16,0,0,6,0,13,5,8,13,2
62760,62,3,51,31,10,5,4,1,5,0,25,15,5
80760,80,7,64,45,12,1,0,0,6,0,37,29,14
14760,14,13,72,86,21,7,4,0,6,0,73,77,29
57760,57,18,137,90,26,2,3,0,21,9,85,74,19
62761,62,2,42,21,6,0,0,0,10,0,19,15,7
02761,02,1,36,17,2,3,5,0,0,4,2,11,6
14761,14,15,72,88,25,0,4,1,0,0,66,62,23
57761,57,12,49,30,9,5,0,0,0,3,26,29,5
62762,62,6,19,16,0,0,2,5,0,0,8,15,0
80762,80,9,51,37,3,0,7,2,15,0,34,30,9
02762,02,3,24,12,7,2,6,0,0,0,10,6,2
14762,14,388,1568,1978,535,78,96,26,135,58,1415,1631,550
57762,57,13,88,64,15,1,9,0,0,0,46,56,16
80763,80,6,64,44,6,5,7,0,0,3,24,37,14
62763,62,23,147,83,25,7,0,0,0,5,50,61,26
02763,02,8,37,12,8,2,2,4,0,0,0,17,9
57763,57,0,1,0,1,0,1,3,9,0,1,5,0
14764,14,15,93,113,32,5,2,0,0,3,75,83,33
62764,62,100,753,416,106,27,25,14,36,9,413,313,108
80764,80,3,47,38,11,0,6,0,0,5,18,21,12
02764,02,0,17,10,0,0,0,0,3,5,6,7,0
57764,57,30,122,94,22,2,6,3,0,5,64,69,24
57765,57,30,145,109,33,3,7,0,32,2,94,90,22
62765,62,283,1825,978,272,52,85,21,89,41,967,739,272
80765,80,19,135,103,19,3,8,0,15,0,80,74,26
02765,02,5,47,29,4,4,3,0,0,3,11,21,6
62766,62,25,173,102,28,4,3,0,9,8,97,68,20
80766,80,12,73,59,16,5,8,0,0,7,21,42,14
02766,02,1,40,19,0,5,2,0,6,0,22,19,10
80767,80,0,35,20,5,0,0,0,12,2,17,17,0
62767,62,108,697,395,105,20,11,5,42,9,395,302,100
57767,57,36,184,132,36,10,6,0,0,7,91,111,34
02767,02,11,65,30,13,0,3,0,0,0,25,34,9
62768,62,3,26,7,4,1,0,0,0,3,12,10,2
02768,02,15,95,43,6,2,1,0,12,2,38,40,8
62769,62,17,130,80,27,1,8,0,2,6,80,53,22
80769,80,1,36,26,8,0,6,0,4,0,28,18,6
02769,02,19,157,72,13,2,0,3,23,0,66,61,13
62770,62,70,488,263,83,25,19,9,1,2,250,195,83
80770,80,8,88,62,13,0,7,0,12,6,52,50,9
02770,02,16,156,77,24,6,0,0,0,3,63,76,22
62771,62,200,1431,756,207,34,46,14,79,36,736,557,206
80771,80,0,2,6,0,0,0,0,0,4,0,8,0
62772,62,14,79,44,17,6,2,1,4,0,49,33,10
02772,02,5,20,16,0,3,0,3,0,2,7,8,6
62773,62,91,668,361,87,22,17,3,54,14,374,271,96
80773,80,7,5,6,6,5,5,0,0,0,0,12,0
02773,02,2,4,10,0,0,0,0,0,4,0,7,0
62774,62,117,815,461,122,25,29,7,69,11,452,330,123
80774,80,12,53,27,9,5,0,0,0,1,18,27,7
02774,02,4,23,6,1,0,3,0,0,2,11,4,2
62775,62,8,51,25,3,3,5,5,10,5,27,17,7
80775,80,20,95,64,13,0,0,0,24,0,58,50,19
02775,02,27,156,77,19,0,6,0,8,2,75,69,19
62776,62,4,31,23,1,0,5,0,0,0,15,18,3
80776,80,5,34,25,8,0,2,0,0,1,4,15,5
02776,02,10,101,55,15,0,4,0,19,0,48,44,12
62777,62,0,34,9,8,2,0,5,0,0,11,17,0
80777,80,7,27,18,6,6,0,0,0,0,9,11,3
02777,02,3,33,19,1,6,6,5,0,0,9,14,0
62778,62,2,13,1,6,4,0,1,0,0,3,4,2
80778,80,4,22,11,2,5,0,5,0,2,0,12,4
02778,02,7,21,9,0,0,0,2,0,0,2,11,3
62779,62,8,26,18,5,0,0,5,8,0,12,7,9
80779,80,27,145,106,23,9,1,0,0,4,91,75,19
02779,02,0,38,23,9,2,3,0,0,6,0,17,5
62780,62,14,68,31,7,7,5,0,0,5,19,25,10
80780,80,10,60,45,12,0,7,2,9,2,34,30,15
02780,02,30,195,94,26,2,2,6,13,0,94,95,24
62781,62,12,68,42,10,6,0,1,0,5,28,34,13
80781,80,2,45,25,9,0,0,4,20,0,22,18,2
02781,02,15,83,41,11,0,0,5,1,0,32,44,10
02782,02,5,38,16,8,3,2,0,3,0,15,12,2
62782,62,7,89,52,11,7,5,3,0,6,43,33,16
80782,80,9,66,50,9,1,7,0,11,0,36,36,9
02783,02,1,20,15,4,4,5,3,0,2,1,7,6
62783,62,3,46,27,9,0,0,3,0,5,31,27,9
80783,80,1,16,3,1,0,2,4,0,0,2,11,0
02784,02,3,36,10,0,0,6,0,0,2,10,14,7
62784,62,16,118,65,15,8,9,5,0,0,40,47,20
80784,80,9,42,34,4,0,0,0,8,2,28,18,7
62785,62,24,173,99,21,5,0,0,0,7,92,75,20
80785,80,10,90,60,13,0,2,2,8,2,55,47,11
02785,02,29,198,102,21,8,7,1,21,1,101,94,20
62786,62,4,60,27,6,0,0,0,14,3,24,22,3
80786,80,8,15,14,5,2,0,0,0,1,12,9,1
02786,02,5,25,19,0,6,0,1,2,0,8,10,3
62787,62,4,55,25,8,6,0,0,0,0,30,27,10
80787,80,1,18,15,5,0,0,0,0,5,0,12,1
02787,02,9,43,26,8,4,0,0,0,0,5,27,10
62788,62,16,127,65,17,5,0,0,5,2,68,44,14
80788,80,0,27,17,0,4,2,5,0,0,15,12,7
02788,02,13,77,32,9,0,5,0,0,6,26,34,5
62789,62,1,46,22,8,0,0,0,23,0,19,12,1
80789,80,5,18,10,7,0,1,0,1,4,7,8,3
02789,02,47,347,170,37,13,11,3,4,12,164,162,43
62790,62,2,29,16,2,0,3,0,0,0,12,17,8
80790,80,0,20,19,5,0,6,4,6,2,13,7,0
02790,02,5,37,25,0,3,0,0,6,1,17,23,2
62791,62,0,12,5,1,0,0,0,4,3,3,0,0
80791,80,17,117,95,14,9,6,2,7,0,80,61,18
02791,02,11,45,25,2,3,1,0,1,2,21,19,2
80792,80,10,35,22,6,3,0,1,2,3,17,22,4
62792,62,33,203,123,28,2,2,0,14,7,119,96,27
02792,02,6,23,19,5,5,0,0,0,3,1,12,4
62793,62,30,176,91,27,6,3,1,15,3,97,65,24
80793,80,60,391,280,60,9,23,1,0,11,228,208,43
02793,02,6,23,13,3,1,0,5,0,0,3,5,8
62794,62,14,96,44,15,4,0,4,3,2,52,40,13
80794,80,2,10,4,4,2,0,0,0,0,0,10,0
02794,02,10,34,24,2,0,0,3,0,0,14,16,0
62795,62,0,11,4,6,6,6,0,0,5,0,6,8
02795,02,34,242,118,27,9,6,1,39,0,110,112,31
80795,80,12,67,50,8,5,7,2,0,0,26,34,6
62796,62,17,100,48,17,0,3,0,2,5,52,39,18
02796,02,0,6,11,1,3,0,3,0,3,0,12,3
80796,80,5,33,21,8,0,1,3,7,0,19,16,9
62797,62,3,50,29,4,5,0,0,0,6,28,15,12
02797,02,1,24,10,6,5,5,4,0,0,7,18,4
80797,80,5,21,11,0,4,0,0,11,5,10,9,0
62798,62,8,36,17,9,5,0,3,2,0,19,16,11
02798,02,22,190,101,17,3,6,2,0,3,76,88,25
80798,80,49,244,174,39,12,6,0,22,3,142,137,27
62799,62,24,137,79,20,9,2,6,0,1,66,51,24
02799,02,3,64,28,7,6,0,3,4,5,26,23,5
80799,80,111,694,492,102,29,23,3,35,10,385,380,87
62800,62,3,58,27,7,7,0,0,0,1,29,21,12
02800,02,11,45,27,1,1,3,1,1,5,19,21,6
80800,80,2,27,23,5,6,1,1,0,1,8,14,0
988801,988,12,172,75,51,9,8,6,5,13,53,173,47
977801,977,311,2725,2341,389,50,136,43,196,171,1596,3777,370
62801,62,68,458,231,64,20,15,0,2,14,265,194,67
02801,02,5,51,27,8,3,0,0,0,5,3,22,7
80801,80,5,51,30,6,0,0,2,6,4,23,27,5
988802,988,60,579,261,185,14,25,8,83,36,138,623,186
02802,02,9,29,19,8,6,1,1,0,5,0,14,1
62802,62,0,23,20,8,6,0,0,0,0,11,14,7
80802,80,15,88,72,12,3,0,0,13,3,54,45,19
988803,988,80,823,358,260,30,27,8,44,68,233,881,274
02803,02,0,26,10,6,0,0,3,0,0,10,16,5
62803,62,19,100,54,14,4,0,0,0,5,46,36,14
80803,80,7,38,32,5,0,4,0,0,2,19,18,7
988804,988,68,624,258,186,19,36,26,55,52,153,671,183
62804,62,7,54,27,11,0,3,3,8,5,25,20,5
02804,02,3,32,18,3,0,5,1,0,6,9,19,6
80804,80,5,31,21,9,2,0,0,0,0,0,19,9
988805,988,367,4012,1759,1336,124,184,33,209,366,1068,4315,1291
62805,62,9,39,29,4,5,6,0,0,0,21,17,1
02805,02,63,439,210,50,5,13,6,5,9,204,194,53
80805,80,7,23,17,5,0,1,0,0,0,8,13,1
988806,988,10,112,57,38,7,5,6,0,4,25,123,40
62806,62,4,36,11,4,3,0,3,0,0,14,18,5
02806,02,2,48,30,6,0,0,0,0,4,26,22,3
80806,80,10,73,54,5,0,7,3,0,1,37,35,10
988807,988,34,445,192,135,30,36,7,31,34,112,473,126
80807,80,10,44,31,2,2,1,5,7,0,34,30,4
02807,02,18,126,60,13,3,3,0,0,0,51,56,11
988808,988,66,687,297,233,20,32,19,16,62,135,732,218
62808,62,5,38,28,9,0,6,0,0,0,16,22,4
02808,02,12,48,26,10,5,2,5,0,2,0,25,4
80808,80,13,76,60,16,2,1,1,0,4,26,45,11
988809,988,34,330,141,105,6,15,0,19,32,97,333,108
62809,62,0,20,17,7,2,0,0,4,0,17,5,0
02809,02,0,6,9,0,0,1,3,0,5,0,11,7
80809,80,13,79,61,15,0,0,2,0,6,38,40,11
988810,988,24,317,163,87,13,24,6,22,25,92,320,99
62810,62,29,254,135,42,10,11,0,0,8,115,105,33
02810,02,237,1606,793,202,24,49,22,66,33,735,731,199
80810,80,2,26,17,2,0,0,0,0,5,3,15,1
988811,988,107,898,421,279,56,56,19,39,106,201,995,292
62811,62,26,217,109,34,6,3,4,0,7,125,83,37
80811,80,12,97,72,19,0,0,0,3,0,54,52,12
988812,988,61,559,230,180,20,26,3,17,51,187,587,188
62812,62,19,129,65,19,8,0,0,0,4,74,57,25
02812,02,6,33,18,1,0,3,3,0,0,7,16,6
80812,80,1,19,15,0,4,1,5,3,0,8,14,6
988813,988,68,607,262,191,10,30,2,27,49,176,659,172
62813,62,7,68,39,13,0,2,0,16,2,47,27,12
02813,02,5,38,21,2,6,6,4,0,0,12,26,6
80813,80,2,14,14,0,1,1,0,3,0,9,6,0
988814,988,199,1967,874,631,82,118,40,151,163,471,2156,640
62814,62,0,17,6,1,4,4,3,0,1,5,9,6
02814,02,0,26,9,9,3,0,4,0,6,7,17,5
80814,80,11,62,45,12,7,0,0,0,6,30,41,14
988815,988,120,1215,521,399,51,70,33,48,130,321,1308,392
62815,62,0,39,19,1,3,0,0,8,5,17,18,4
02815,02,7,74,46,13,3,0,0,7,7,35,34,10
80815,80,23,112,78,17,7,0,5,0,3,61,66,21
988816,988,11,155,69,55,6,13,0,0,11,40,153,49
62816,62,3,41,24,2,6,1,0,0,2,15,15,11
02816,02,9,84,44,4,0,0,2,0,2,28,39,14
988817,988,399,3977,1771,1279,125,199,70,156,332,1090,4208,1291
62817,62,41,227,131,39,4,4,4,4,6,126,110,44
02817,02,0,10,5,6,0,1,0,6,0,7,9,0
988818,988,1250,13256,5756,4236,444,692,100,621,1141,3756,14299,4240
62818,62,5,25,20,0,3,1,0,0,3,6,11,5
02818,02,17,130,71,14,0,4,6,14,0,62,67,11
988819,988,44,403,192,135,18,25,8,16,40,110,440,117
62819,62,25,210,109,27,6,1,2,19,4,110,78,25
02819,02,2,23,11,6,4,0,1,0,3,1,5,0
80819,80,7,12,12,6,5,0,4,0,0,0,6,0
988820,988,70,788,327,246,26,49,8,74,54,206,806,244
62820,62,21,147,78,25,4,5,4,0,3,72,63,23
02820,02,48,320,163,36,13,5,5,17,4,138,161,43
80820,80,16,92,67,18,1,1,4,0,6,55,60,19
988821,988,294,2882,1279,905,79,146,37,179,234,803,3079,938
62821,62,1,49,29,3,0,0,4,0,1,22,15,11
02821,02,18,125,56,10,0,6,5,4,0,63,56,14
80821,80,5,40,26,5,0,0,3,6,1,20,20,2
988822,988,59,758,334,258,29,38,26,63,71,195,805,223
62822,62,2,16,7,7,5,0,4,0,4,5,3,0
02822,02,5,67,41,5,0,2,0,10,0,33,37,8
80822,80,8,28,11,0,0,0,5,2,0,18,10,0
988823,988,53,487,196,164,13,38,12,45,30,120,502,160
62823,62,1,32,22,1,2,2,0,0,6,14,11,4
02823,02,4,9,9,3,0,2,0,0,1,0,10,4
80823,80,6,18,17,4,5,0,4,0,6,6,8,0
988824,988,45,409,180,140,18,15,3,45,32,93,465,146
62824,62,8,43,22,1,0,4,1,2,3,21,18,6
02824,02,16,67,38,14,4,0,3,0,0,32,32,13
80824,80,8,40,35,3,0,2,4,0,1,15,21,11
988825,988,27,307,139,110,10,22,11,6,30,80,343,113
62825,62,24,132,71,16,0,9,0,15,2,85,58,20
80825,80,0,15,13,5,1,5,0,0,4,0,3,3
62826,62,165,1074,585,154,44,28,19,22,11,572,449,165
988826,988,29,277,123,85,14,13,0,17,21,58,281,85
02826,02,6,62,41,8,0,7,0,4,0,32,35,10
80826,80,22,132,97,17,2,2,0,0,4,63,72,12
988827,988,57,432,204,144,11,28,11,17,36,117,461,140
62827,62,43,257,120,38,16,3,1,0,10,98,104,39
02827,02,5,48,24,8,5,4,2,0,6,3,15,7
80827,80,37,203,149,26,8,3,0,9,8,128,115,37
988828,988,10,107,48,31,5,0,2,6,10,26,107,29
62828,62,0,16,5,4,0,1,0,0,0,6,1,3
02828,02,6,17,5,7,0,2,0,0,5,0,8,0
80828,80,0,2,3,3,4,0,3,0,0,7,1,0
62829,62,6,70,36,8,4,2,0,6,6,36,22,8
988829,988,34,403,171,131,11,29,10,18,31,103,410,117
02829,02,4,0,7,6,0,0,0,0,0,0,0,0
80829,80,3,18,5,5,0,2,0,0,0,3,4,6
988830,988,41,349,158,128,7,12,5,5,38,88,362,122
62830,62,3,30,18,6,5,0,0,0,0,19,18,9
02830,02,23,146,74,23,9,5,0,3,1,62,71,14
80830,80,12,37,35,11,4,2,5,0,3,0,24,7
62831,62,2,45,29,4,0,0,0,18,6,25,18,5
988831,988,47,429,193,135,17,36,19,22,43,87,487,148
02831,02,3,63,29,4,6,6,5,0,5,6,25,12
62832,62,17,107,57,15,0,0,2,0,0,48,45,21
02832,02,10,35,13,1,0,2,1,0,3,15,11,8
988832,988,15,314,143,89,12,11,14,34,21,77,321,98
80832,80,12,44,32,5,2,0,0,0,6,11,29,7
988833,988,25,177,100,76,11,16,11,19,24,46,224,63
62833,62,5,11,12,0,2,0,2,0,1,0,1,3
02833,02,17,82,42,13,7,5,4,0,5,15,41,7
80833,80,7,18,19,7,6,0,3,0,4,0,18,3
62834,62,3,36,23,8,0,4,4,0,1,15,14,8
02834,02,4,30,15,3,3,3,0,0,1,0,10,8
80834,80,12,69,56,8,0,6,1,14,0,42,39,12
62835,62,9,93,50,12,7,0,0,6,6,62,39,19
80835,80,5,40,26,7,0,4,1,1,2,30,29,9
62836,62,29,176,97,27,7,8,0,0,0,85,82,32
80836,80,7,47,32,1,0,0,1,2,3,23,17,3
62837,62,13,91,48,13,2,6,5,0,0,39,37,7
62838,62,3,5,9,6,0,5,4,0,0,0,9,1
62839,62,22,169,93,30,5,4,5,0,9,106,79,33
62840,62,9,27,12,9,2,1,0,0,0,4,14,2
62841,62,65,413,225,63,19,18,3,38,2,242,188,60
62842,62,187,1335,721,197,40,31,3,58,29,713,564,193
62843,62,7,35,25,5,5,0,0,0,3,14,18,7
62844,62,10,110,65,18,4,8,0,0,3,49,49,16
62845,62,8,87,51,10,6,1,0,8,5,38,28,8
62846,62,103,741,398,100,22,26,1,49,4,429,310,111
62847,62,40,325,167,55,14,15,1,8,2,167,143,45
62848,62,82,541,303,91,19,22,0,30,14,288,240,99
62849,62,66,424,219,57,10,5,6,28,10,239,176,74
62850,62,9,70,31,7,5,3,0,0,0,41,23,12
62851,62,24,145,82,17,0,4,0,0,2,84,54,20
62852,62,33,201,114,33,8,11,6,21,4,113,84,27
62853,62,4,56,26,14,4,0,1,16,0,28,30,4
62854,62,16,88,45,10,2,2,0,19,0,42,39,7
62855,62,3,42,24,1,0,0,0,12,0,17,13,3
62856,62,11,53,34,11,3,0,1,0,0,25,19,12
62857,62,4,25,16,5,0,2,3,0,0,4,11,5
62858,62,3,37,21,6,0,2,1,12,0,27,13,1
62859,62,7,47,23,6,0,1,4,0,0,21,24,8
62860,62,0,21,7,5,0,0,0,10,3,14,8,4
62861,62,93,730,405,90,33,15,0,47,13,392,295,114
62862,62,4,25,14,5,4,6,0,0,2,0,11,0
62863,62,79,650,357,108,23,9,7,28,16,370,264,93
62864,62,17,95,58,12,4,5,0,4,1,49,45,19
62865,62,117,797,436,133,20,18,5,83,11,442,322,115
62866,62,7,87,38,8,0,6,0,5,0,45,40,16
62867,62,3,55,31,2,4,5,3,0,5,11,22,5
62868,62,7,50,22,7,4,2,0,0,0,15,22,6
62869,62,24,191,106,23,11,7,0,2,4,101,76,34
62870,62,27,184,91,32,3,5,5,0,6,102,79,23
62871,62,2,45,19,6,0,0,4,3,0,18,11,8
62872,62,7,39,26,10,6,0,5,0,6,4,20,9
62873,62,17,114,59,14,3,5,5,0,0,53,53,21
62874,62,12,114,56,14,3,9,4,0,5,71,51,16
62875,62,32,186,116,34,3,2,2,5,2,107,86,35
62876,62,7,18,8,0,2,3,0,0,0,6,6,6
62877,62,0,28,17,3,0,0,0,9,4,15,7,5
62878,62,15,71,37,5,0,0,5,0,1,29,32,9
62879,62,10,36,23,2,2,4,0,4,0,16,19,2
62880,62,2,37,26,8,1,3,5,0,0,12,16,1
62881,62,6,69,30,8,7,0,0,5,0,30,28,10
62882,62,30,222,121,34,10,7,6,0,0,122,90,38
62883,62,0,39,14,2,0,3,0,1,6,17,13,10
62885,62,9,35,23,10,2,0,5,0,0,1,18,10
62886,62,1,35,20,8,5,0,0,2,0,13,10,7
62887,62,2,42,28,2,1,0,0,12,6,21,18,5
62888,62,3,45,23,2,5,3,4,0,0,13,23,6
62889,62,24,153,87,24,6,10,5,0,2,61,70,21
62890,62,5,27,16,2,0,0,0,0,5,14,17,8
62891,62,1,24,17,2,0,1,5,0,0,7,8,7
62892,62,13,116,56,13,0,8,0,13,2,60,39,15
62893,62,188,1271,663,188,40,38,15,117,27,706,539,194
62894,62,103,723,371,102,19,34,7,35,13,368,276,92
62895,62,182,1313,736,204,40,48,6,31,33,727,570,196
62896,62,18,130,78,24,7,2,0,0,3,78,58,24
62897,62,11,83,42,9,5,1,0,8,0,40,41,17
62898,62,4,44,27,3,0,0,1,4,6,22,18,9
62899,62,30,196,111,31,5,5,3,0,6,117,85,34
62900,62,19,112,59,16,0,0,2,0,6,64,46,10
62901,62,26,179,85,23,6,8,0,0,8,91,80,25
62902,62,75,557,293,76,26,20,0,14,3,271,233,83
62903,62,9,107,50,12,2,6,1,3,3,48,43,20
62904,62,10,94,44,17,7,1,0,0,0,47,43,9
62905,62,18,154,90,29,3,0,0,8,6,84,59,30
62906,62,36,285,155,37,9,13,10,30,3,152,115,44
62907,62,189,1177,644,165,44,32,6,95,11,665,500,181
62908,62,49,312,167,40,12,9,3,0,2,148,131,44
62909,62,8,69,34,13,6,0,0,3,0,32,24,15
